workerid,rating,imageName,category,imNameShort,age,sessionId,correct,
1,A2OO4PG3LBLP5I,flower,https://langcog.stanford.edu/expts/BLL/kiddraw-recognitionRatings/sketches/flower/flower_sketch_10_E1c_1510783638074.png,flower,flower_sketch_10_E1c_1510783638074.png,10,1510783638074.png,TRUE
2,A2OO4PG3LBLP5I,chair,https://langcog.stanford.edu/expts/BLL/kiddraw-recognitionRatings/sketches/carrot/carrot_sketch_4_E1c_1510268275436.png,carrot,carrot_sketch_4_E1c_1510268275436.png,4,1510268275436.png,FALSE
3,A2OO4PG3LBLP5I,shoe,https://langcog.stanford.edu/expts/BLL/kiddraw-recognitionRatings/sketches/shoe/shoe_sketch_10_E1c_1511293452162.png,shoe,shoe_sketch_10_E1c_1511293452162.png,10,1511293452162.png,TRUE
4,A2OO4PG3LBLP5I,car,https://langcog.stanford.edu/expts/BLL/kiddraw-recognitionRatings/sketches/foot/foot_sketch_5_E1c_1510256904834.png,foot,foot_sketch_5_E1c_1510256904834.png,5,1510256904834.png,FALSE
5,A2OO4PG3LBLP5I,flower,https://langcog.stanford.edu/expts/BLL/kiddraw-recognitionRatings/sketches/phone/phone_sketch_5_E1c_1511301440421.png,phone,phone_sketch_5_E1c_1511301440421.png,5,1511301440421.png,FALSE
6,A2OO4PG3LBLP5I,person,https://langcog.stanford.edu/expts/BLL/kiddraw-recognitionRatings/sketches/shoe/shoe_sketch_8_E1c_1511300355318.png,shoe,shoe_sketch_8_E1c_1511300355318.png,8,1511300355318.png,FALSE
7,A2OO4PG3LBLP5I,flower,https://langcog.stanford.edu/expts/BLL/kiddraw-recognitionRatings/sketches/cup/cup_sketch_4_E1c_1510691847400.png,cup,cup_sketch_4_E1c_1510691847400.png,4,1510691847400.png,FALSE
8,A2OO4PG3LBLP5I,ice cream,https://langcog.stanford.edu/expts/BLL/kiddraw-recognitionRatings/sketches/carrot/carrot_sketch_9_E1c_1510686242527.png,carrot,carrot_sketch_9_E1c_1510686242527.png,9,1510686242527.png,FALSE
9,A2OO4PG3LBLP5I,car,https://langcog.stanford.edu/expts/BLL/kiddraw-recognitionRatings/sketches/train/train_sketch_5_E1c_1510786719020.png,train,train_sketch_5_E1c_1510786719020.png,5,1510786719020.png,FALSE
10,A2OO4PG3LBLP5I,chair,https://langcog.stanford.edu/expts/BLL/kiddraw-recognitionRatings/sketches/boat/boat_sketch_5_E1c_1510258311547.png,boat,boat_sketch_5_E1c_1510258311547.png,5,1510258311547.png,FALSE
11,A2OO4PG3LBLP5I,arm,https://langcog.stanford.edu/expts/BLL/kiddraw-recognitionRatings/sketches/chair/chair_sketch_5_E1c_1510786719020.png,chair,chair_sketch_5_E1c_1510786719020.png,5,1510786719020.png,FALSE
12,A2OO4PG3LBLP5I,boat,https://langcog.stanford.edu/expts/BLL/kiddraw-recognitionRatings/sketches/boat/boat_sketch_10_E1c_1511293452162.png,boat,boat_sketch_10_E1c_1511293452162.png,10,1511293452162.png,TRUE
13,A2OO4PG3LBLP5I,train,https://langcog.stanford.edu/expts/BLL/kiddraw-recognitionRatings/sketches/train/train_sketch_8_E1c_1510870628731.png,train,train_sketch_8_E1c_1510870628731.png,8,1510870628731.png,TRUE
14,A2OO4PG3LBLP5I,frog,https://langcog.stanford.edu/expts/BLL/kiddraw-recognitionRatings/sketches/frog/frog_sketch_10_E1c_1510255462419.png,frog,frog_sketch_10_E1c_1510255462419.png,10,1510255462419.png,TRUE
15,A2OO4PG3LBLP5I,rabbit,https://langcog.stanford.edu/expts/BLL/kiddraw-recognitionRatings/sketches/rabbit/rabbit_sketch_6_E1c_1511293092153.png,rabbit,rabbit_sketch_6_E1c_1511293092153.png,6,1511293092153.png,TRUE
16,A2OO4PG3LBLP5I,couch,https://langcog.stanford.edu/expts/BLL/kiddraw-recognitionRatings/sketches/chair/chair_sketch_8_E1c_1510690264523.png,chair,chair_sketch_8_E1c_1510690264523.png,8,1510690264523.png,FALSE
17,A2OO4PG3LBLP5I,arm,https://langcog.stanford.edu/expts/BLL/kiddraw-recognitionRatings/sketches/chair/chair_sketch_6_E1c_1510690510319.png,chair,chair_sketch_6_E1c_1510690510319.png,6,1510690510319.png,FALSE
18,A2OO4PG3LBLP5I,chair,https://langcog.stanford.edu/expts/BLL/kiddraw-recognitionRatings/sketches/chair/chair_sketch_8_E1c_1511293924452.png,chair,chair_sketch_8_E1c_1511293924452.png,8,1511293924452.png,TRUE
19,A2OO4PG3LBLP5I,flower,https://langcog.stanford.edu/expts/BLL/kiddraw-recognitionRatings/sketches/flower/flower_sketch_8_E1c_1511292658766.png,flower,flower_sketch_8_E1c_1511292658766.png,8,1511292658766.png,TRUE
20,A2OO4PG3LBLP5I,foot,https://langcog.stanford.edu/expts/BLL/kiddraw-recognitionRatings/sketches/foot/foot_sketch_6_E1c_1510782034963.png,foot,foot_sketch_6_E1c_1510782034963.png,6,1510782034963.png,TRUE
21,A2OO4PG3LBLP5I,ice cream,https://langcog.stanford.edu/expts/BLL/kiddraw-recognitionRatings/sketches/carrot/carrot_sketch_8_E1c_1511293754661.png,carrot,carrot_sketch_8_E1c_1511293754661.png,8,1511293754661.png,FALSE
22,A2OO4PG3LBLP5I,boat,https://langcog.stanford.edu/expts/BLL/kiddraw-recognitionRatings/sketches/boat/boat_sketch_10_E1c_1510684833991.png,boat,boat_sketch_10_E1c_1510684833991.png,10,1510684833991.png,TRUE
23,A2OO4PG3LBLP5I,bean,https://langcog.stanford.edu/expts/BLL/kiddraw-recognitionRatings/sketches/couch/couch_sketch_8_E1c_1511300355318.png,couch,couch_sketch_8_E1c_1511300355318.png,8,1511300355318.png,FALSE
24,A2OO4PG3LBLP5I,banana,https://langcog.stanford.edu/expts/BLL/kiddraw-recognitionRatings/sketches/banana/banana_sketch_5_E1c_1511301440421.png,banana,banana_sketch_5_E1c_1511301440421.png,5,1511301440421.png,TRUE
25,A2OO4PG3LBLP5I,carrot,https://langcog.stanford.edu/expts/BLL/kiddraw-recognitionRatings/sketches/carrot/carrot_sketch_7_E1c_1510870100423.png,carrot,carrot_sketch_7_E1c_1510870100423.png,7,1510870100423.png,TRUE
26,A2OO4PG3LBLP5I,frog,https://langcog.stanford.edu/expts/BLL/kiddraw-recognitionRatings/sketches/frog/frog_sketch_10_E1c_1511293452162.png,frog,frog_sketch_10_E1c_1511293452162.png,10,1511293452162.png,TRUE
27,A2OO4PG3LBLP5I,banana,https://langcog.stanford.edu/expts/BLL/kiddraw-recognitionRatings/sketches/banana/banana_sketch_6_E1c_1510782034963.png,banana,banana_sketch_6_E1c_1510782034963.png,6,1510782034963.png,TRUE
28,A2OO4PG3LBLP5I,phone,https://langcog.stanford.edu/expts/BLL/kiddraw-recognitionRatings/sketches/car/car_sketch_6_E1c_1510690510319.png,car,car_sketch_6_E1c_1510690510319.png,6,1510690510319.png,FALSE
29,A2OO4PG3LBLP5I,flower,https://langcog.stanford.edu/expts/BLL/kiddraw-recognitionRatings/sketches/flower/flower_sketch_4_E1c_1510691847400.png,flower,flower_sketch_4_E1c_1510691847400.png,4,1510691847400.png,TRUE
30,A2OO4PG3LBLP5I,cat,https://langcog.stanford.edu/expts/BLL/kiddraw-recognitionRatings/sketches/rabbit/rabbit_sketch_6_E1c_1510253415559.png,rabbit,rabbit_sketch_6_E1c_1510253415559.png,6,1510253415559.png,FALSE
31,A2OO4PG3LBLP5I,carrot,https://langcog.stanford.edu/expts/BLL/kiddraw-recognitionRatings/sketches/carrot/carrot_sketch_9_E1c_1510689458884.png,carrot,carrot_sketch_9_E1c_1510689458884.png,9,1510689458884.png,TRUE
32,A2OO4PG3LBLP5I,ice cream,https://langcog.stanford.edu/expts/BLL/kiddraw-recognitionRatings/sketches/ice cream/ice cream_sketch_8_E1c_1510254933095.png,ice cream,ice cream_sketch_8_E1c_1510254933095.png,8,1510254933095.png,TRUE
33,A2OO4PG3LBLP5I,foot,https://langcog.stanford.edu/expts/BLL/kiddraw-recognitionRatings/sketches/shoe/shoe_sketch_6_E1c_1510700570912.png,shoe,shoe_sketch_6_E1c_1510700570912.png,6,1510700570912.png,FALSE
34,A2OO4PG3LBLP5I,flower,https://langcog.stanford.edu/expts/BLL/kiddraw-recognitionRatings/sketches/flower/flower_sketch_8_E1c_1511300355318.png,flower,flower_sketch_8_E1c_1511300355318.png,8,1511300355318.png,TRUE
35,A2OO4PG3LBLP5I,boat,https://langcog.stanford.edu/expts/BLL/kiddraw-recognitionRatings/sketches/phone/phone_sketch_8_E1c_1510254933095.png,phone,phone_sketch_8_E1c_1510254933095.png,8,1510254933095.png,FALSE
36,A2OO4PG3LBLP5I,cat,https://langcog.stanford.edu/expts/BLL/kiddraw-recognitionRatings/sketches/rabbit/rabbit_sketch_10_E1c_1510684833991.png,rabbit,rabbit_sketch_10_E1c_1510684833991.png,10,1510684833991.png,FALSE
37,A2OO4PG3LBLP5I,frog,https://langcog.stanford.edu/expts/BLL/kiddraw-recognitionRatings/sketches/frog/frog_sketch_10_E1c_1510684833991.png,frog,frog_sketch_10_E1c_1510684833991.png,10,1510684833991.png,TRUE
38,A2OO4PG3LBLP5I,chair,https://langcog.stanford.edu/expts/BLL/kiddraw-recognitionRatings/sketches/frog/frog_sketch_5_E1c_1510256904834.png,frog,frog_sketch_5_E1c_1510256904834.png,5,1510256904834.png,FALSE
39,A2OO4PG3LBLP5I,cannott tell at all,https://langcog.stanford.edu/expts/BLL/kiddraw-recognitionRatings/sketches/cup/cup_sketch_8_E1c_1511300355318.png,cup,cup_sketch_8_E1c_1511300355318.png,8,1511300355318.png,FALSE
40,A2OO4PG3LBLP5I,bean,https://langcog.stanford.edu/expts/BLL/kiddraw-recognitionRatings/sketches/train/train_sketch_6_E1c_1510700570912.png,train,train_sketch_6_E1c_1510700570912.png,6,1510700570912.png,FALSE
41,A2OO4PG3LBLP5I,cup,https://langcog.stanford.edu/expts/BLL/kiddraw-recognitionRatings/sketches/phone/phone_sketch_8_E1c_1510690264523.png,phone,phone_sketch_8_E1c_1510690264523.png,8,1510690264523.png,FALSE
42,A2OO4PG3LBLP5I,boat,https://langcog.stanford.edu/expts/BLL/kiddraw-recognitionRatings/sketches/boat/boat_sketch_8_E1c_1511292658766.png,boat,boat_sketch_8_E1c_1511292658766.png,8,1511292658766.png,TRUE
43,A2OO4PG3LBLP5I,banana,https://langcog.stanford.edu/expts/BLL/kiddraw-recognitionRatings/sketches/boat/boat_sketch_7_E1c_1511301009480.png,boat,boat_sketch_7_E1c_1511301009480.png,7,1511301009480.png,FALSE
44,A2OO4PG3LBLP5I,train,https://langcog.stanford.edu/expts/BLL/kiddraw-recognitionRatings/sketches/train/train_sketch_7_E1c_1510870100423.png,train,train_sketch_7_E1c_1510870100423.png,7,1510870100423.png,TRUE
45,A2OO4PG3LBLP5I,phone,https://langcog.stanford.edu/expts/BLL/kiddraw-recognitionRatings/sketches/cup/cup_sketch_5_E1c_1510870384576.png,cup,cup_sketch_5_E1c_1510870384576.png,5,1510870384576.png,FALSE
46,A2OO4PG3LBLP5I,flower,https://langcog.stanford.edu/expts/BLL/kiddraw-recognitionRatings/sketches/foot/foot_sketch_8_E1c_1510787010922.png,foot,foot_sketch_8_E1c_1510787010922.png,8,1510787010922.png,FALSE
47,A2OO4PG3LBLP5I,couch,https://langcog.stanford.edu/expts/BLL/kiddraw-recognitionRatings/sketches/flower/flower_sketch_7_E1c_1511301009480.png,flower,flower_sketch_7_E1c_1511301009480.png,7,1511301009480.png,FALSE
48,A2OO4PG3LBLP5I,couch,https://langcog.stanford.edu/expts/BLL/kiddraw-recognitionRatings/sketches/couch/couch_sketch_6_E1c_1510783818788.png,couch,couch_sketch_6_E1c_1510783818788.png,6,1510783818788.png,TRUE
49,A2OO4PG3LBLP5I,flower,https://langcog.stanford.edu/expts/BLL/kiddraw-recognitionRatings/sketches/flower/flower_sketch_9_E1c_1510689458884.png,flower,flower_sketch_9_E1c_1510689458884.png,9,1510689458884.png,TRUE
50,A2OO4PG3LBLP5I,rabbit,https://langcog.stanford.edu/expts/BLL/kiddraw-recognitionRatings/sketches/rabbit/rabbit_sketch_10_E1c_1511293452162.png,rabbit,rabbit_sketch_10_E1c_1511293452162.png,10,1511293452162.png,TRUE
51,A2OO4PG3LBLP5I,cat,https://langcog.stanford.edu/expts/BLL/kiddraw-recognitionRatings/sketches/cat/cat_sketch_7_E1c_1510870100423.png,cat,cat_sketch_7_E1c_1510870100423.png,7,1510870100423.png,TRUE
52,A2OO4PG3LBLP5I,train,https://langcog.stanford.edu/expts/BLL/kiddraw-recognitionRatings/sketches/train/train_sketch_6_E1c_1511292022297.png,train,train_sketch_6_E1c_1511292022297.png,6,1511292022297.png,TRUE
53,A2OO4PG3LBLP5I,cat,https://langcog.stanford.edu/expts/BLL/kiddraw-recognitionRatings/sketches/cat/cat_sketch_8_E1c_1511300850043.png,cat,cat_sketch_8_E1c_1511300850043.png,8,1511300850043.png,TRUE
54,A2OO4PG3LBLP5I,ice cream,https://langcog.stanford.edu/expts/BLL/kiddraw-recognitionRatings/sketches/ice cream/ice cream_sketch_8_E1c_1510787010922.png,ice cream,ice cream_sketch_8_E1c_1510787010922.png,8,1510787010922.png,TRUE
55,A2OO4PG3LBLP5I,train,https://langcog.stanford.edu/expts/BLL/kiddraw-recognitionRatings/sketches/train/train_sketch_8_E1c_1510787010922.png,train,train_sketch_8_E1c_1510787010922.png,8,1510787010922.png,TRUE
56,A2OO4PG3LBLP5I,boat,https://langcog.stanford.edu/expts/BLL/kiddraw-recognitionRatings/sketches/chair/chair_sketch_6_E1c_1510783818788.png,chair,chair_sketch_6_E1c_1510783818788.png,6,1510783818788.png,FALSE
57,A2OO4PG3LBLP5I,frog,https://langcog.stanford.edu/expts/BLL/kiddraw-recognitionRatings/sketches/frog/frog_sketch_8_E1c_1511293924452.png,frog,frog_sketch_8_E1c_1511293924452.png,8,1511293924452.png,TRUE
58,A2OO4PG3LBLP5I,boat,https://langcog.stanford.edu/expts/BLL/kiddraw-recognitionRatings/sketches/shoe/shoe_sketch_7_E1c_1511301634355.png,shoe,shoe_sketch_7_E1c_1511301634355.png,7,1511301634355.png,FALSE
59,A2OO4PG3LBLP5I,cat,https://langcog.stanford.edu/expts/BLL/kiddraw-recognitionRatings/sketches/rabbit/rabbit_sketch_5_E1c_1510786719020.png,rabbit,rabbit_sketch_5_E1c_1510786719020.png,5,1510786719020.png,FALSE
60,A2OO4PG3LBLP5I,carrot,https://langcog.stanford.edu/expts/BLL/kiddraw-recognitionRatings/sketches/carrot/carrot_sketch_10_E1c_1510684833991.png,carrot,carrot_sketch_10_E1c_1510684833991.png,10,1510684833991.png,TRUE
61,A2OO4PG3LBLP5I,shoe,https://langcog.stanford.edu/expts/BLL/kiddraw-recognitionRatings/sketches/shoe/shoe_sketch_10_E1c_1511301807087.png,shoe,shoe_sketch_10_E1c_1511301807087.png,10,1511301807087.png,TRUE
62,A2OO4PG3LBLP5I,ice cream,https://langcog.stanford.edu/expts/BLL/kiddraw-recognitionRatings/sketches/ice cream/ice cream_sketch_6_E1c_1510700570912.png,ice cream,ice cream_sketch_6_E1c_1510700570912.png,6,1510700570912.png,TRUE
63,A2OO4PG3LBLP5I,bean,https://langcog.stanford.edu/expts/BLL/kiddraw-recognitionRatings/sketches/chair/chair_sketch_8_E1c_1510870628731.png,chair,chair_sketch_8_E1c_1510870628731.png,8,1510870628731.png,FALSE
64,A2OO4PG3LBLP5I,couch,https://langcog.stanford.edu/expts/BLL/kiddraw-recognitionRatings/sketches/couch/couch_sketch_10_E1c_1510684833991.png,couch,couch_sketch_10_E1c_1510684833991.png,10,1510684833991.png,TRUE
65,A2OO4PG3LBLP5I,boat,https://langcog.stanford.edu/expts/BLL/kiddraw-recognitionRatings/sketches/couch/couch_sketch_8_E1c_1510787010922.png,couch,couch_sketch_8_E1c_1510787010922.png,8,1510787010922.png,FALSE
66,A2OO4PG3LBLP5I,train,https://langcog.stanford.edu/expts/BLL/kiddraw-recognitionRatings/sketches/train/train_sketch_6_E1c_1510253415559.png,train,train_sketch_6_E1c_1510253415559.png,6,1510253415559.png,TRUE
67,A2OO4PG3LBLP5I,banana,https://langcog.stanford.edu/expts/BLL/kiddraw-recognitionRatings/sketches/foot/foot_sketch_5_E1c_1511301440421.png,foot,foot_sketch_5_E1c_1511301440421.png,5,1511301440421.png,FALSE
68,A2OO4PG3LBLP5I,foot,https://langcog.stanford.edu/expts/BLL/kiddraw-recognitionRatings/sketches/foot/foot_sketch_8_E1c_1510690264523.png,foot,foot_sketch_8_E1c_1510690264523.png,8,1510690264523.png,TRUE
69,A2OO4PG3LBLP5I,bean,https://langcog.stanford.edu/expts/BLL/kiddraw-recognitionRatings/sketches/couch/couch_sketch_4_E1c_1510268275436.png,couch,couch_sketch_4_E1c_1510268275436.png,4,1510268275436.png,FALSE
70,A2OO4PG3LBLP5I,frog,https://langcog.stanford.edu/expts/BLL/kiddraw-recognitionRatings/sketches/frog/frog_sketch_6_E1c_1510700570912.png,frog,frog_sketch_6_E1c_1510700570912.png,6,1510700570912.png,TRUE
71,A2OO4PG3LBLP5I,cup,https://langcog.stanford.edu/expts/BLL/kiddraw-recognitionRatings/sketches/banana/banana_sketch_4_E1c_1510691847400.png,banana,banana_sketch_4_E1c_1510691847400.png,4,1510691847400.png,FALSE
72,A2OO4PG3LBLP5I,foot,https://langcog.stanford.edu/expts/BLL/kiddraw-recognitionRatings/sketches/foot/foot_sketch_5_E1c_1510786719020.png,foot,foot_sketch_5_E1c_1510786719020.png,5,1510786719020.png,TRUE
73,A2OO4PG3LBLP5I,person,https://langcog.stanford.edu/expts/BLL/kiddraw-recognitionRatings/sketches/car/car_sketch_8_E1c_1510254933095.png,car,car_sketch_8_E1c_1510254933095.png,8,1510254933095.png,FALSE
74,A2OO4PG3LBLP5I,train,https://langcog.stanford.edu/expts/BLL/kiddraw-recognitionRatings/sketches/phone/phone_sketch_7_E1c_1511301634355.png,phone,phone_sketch_7_E1c_1511301634355.png,7,1511301634355.png,FALSE
75,A2OO4PG3LBLP5I,car,https://langcog.stanford.edu/expts/BLL/kiddraw-recognitionRatings/sketches/car/car_sketch_7_E1c_1510783353272.png,car,car_sketch_7_E1c_1510783353272.png,7,1510783353272.png,TRUE
76,A2OO4PG3LBLP5I,banana,https://langcog.stanford.edu/expts/BLL/kiddraw-recognitionRatings/sketches/banana/banana_sketch_10_E1c_1510684833991.png,banana,banana_sketch_10_E1c_1510684833991.png,10,1510684833991.png,TRUE
77,A2OO4PG3LBLP5I,flower,https://langcog.stanford.edu/expts/BLL/kiddraw-recognitionRatings/sketches/flower/flower_sketch_8_E1c_1511300850043.png,flower,flower_sketch_8_E1c_1511300850043.png,8,1511300850043.png,TRUE
78,A2OO4PG3LBLP5I,car,https://langcog.stanford.edu/expts/BLL/kiddraw-recognitionRatings/sketches/car/car_sketch_7_E1c_1511301009480.png,car,car_sketch_7_E1c_1511301009480.png,7,1511301009480.png,TRUE
79,A2OO4PG3LBLP5I,foot,https://langcog.stanford.edu/expts/BLL/kiddraw-recognitionRatings/sketches/shoe/shoe_sketch_5_E1c_1510256904834.png,shoe,shoe_sketch_5_E1c_1510256904834.png,5,1510256904834.png,FALSE
80,A2OO4PG3LBLP5I,train,https://langcog.stanford.edu/expts/BLL/kiddraw-recognitionRatings/sketches/train/train_sketch_10_E1c_1511293452162.png,train,train_sketch_10_E1c_1511293452162.png,10,1511293452162.png,TRUE
81,A2OO4PG3LBLP5I,cup,https://langcog.stanford.edu/expts/BLL/kiddraw-recognitionRatings/sketches/cup/cup_sketch_8_E1c_1510690264523.png,cup,cup_sketch_8_E1c_1510690264523.png,8,1510690264523.png,TRUE
82,A2OO4PG3LBLP5I,foot,https://langcog.stanford.edu/expts/BLL/kiddraw-recognitionRatings/sketches/car/car_sketch_5_E1c_1510786719020.png,car,car_sketch_5_E1c_1510786719020.png,5,1510786719020.png,FALSE
83,A2OO4PG3LBLP5I,banana,https://langcog.stanford.edu/expts/BLL/kiddraw-recognitionRatings/sketches/banana/banana_sketch_10_E1c_1511293452162.png,banana,banana_sketch_10_E1c_1511293452162.png,10,1511293452162.png,TRUE
84,A2OO4PG3LBLP5I,cat,https://langcog.stanford.edu/expts/BLL/kiddraw-recognitionRatings/sketches/cat/cat_sketch_8_E1c_1511293924452.png,cat,cat_sketch_8_E1c_1511293924452.png,8,1511293924452.png,TRUE
85,A2OO4PG3LBLP5I,ice cream,https://langcog.stanford.edu/expts/BLL/kiddraw-recognitionRatings/sketches/ice cream/ice cream_sketch_8_E1c_1510262448790.png,ice cream,ice cream_sketch_8_E1c_1510262448790.png,8,1510262448790.png,TRUE
86,A2OO4PG3LBLP5I,bean,https://langcog.stanford.edu/expts/BLL/kiddraw-recognitionRatings/sketches/chair/chair_sketch_4_E1c_1510268275436.png,chair,chair_sketch_4_E1c_1510268275436.png,4,1510268275436.png,FALSE
87,A2OO4PG3LBLP5I,ice cream,https://langcog.stanford.edu/expts/BLL/kiddraw-recognitionRatings/sketches/ice cream/ice cream_sketch_7_E1c_1510870100423.png,ice cream,ice cream_sketch_7_E1c_1510870100423.png,7,1510870100423.png,TRUE
88,A2OO4PG3LBLP5I,boat,https://langcog.stanford.edu/expts/BLL/kiddraw-recognitionRatings/sketches/boat/boat_sketch_5_E1c_1510786719020.png,boat,boat_sketch_5_E1c_1510786719020.png,5,1510786719020.png,TRUE
89,A2OO4PG3LBLP5I,cat,https://langcog.stanford.edu/expts/BLL/kiddraw-recognitionRatings/sketches/rabbit/rabbit_sketch_4_E1c_1510691847400.png,rabbit,rabbit_sketch_4_E1c_1510691847400.png,4,1510691847400.png,FALSE
90,A2OO4PG3LBLP5I,car,https://langcog.stanford.edu/expts/BLL/kiddraw-recognitionRatings/sketches/car/car_sketch_10_E1c_1510783638074.png,car,car_sketch_10_E1c_1510783638074.png,10,1510783638074.png,TRUE
91,A2OO4PG3LBLP5I,ice cream,https://langcog.stanford.edu/expts/BLL/kiddraw-recognitionRatings/sketches/ice cream/ice cream_sketch_10_E1c_1510684833991.png,ice cream,ice cream_sketch_10_E1c_1510684833991.png,10,1510684833991.png,TRUE
92,A2OO4PG3LBLP5I,frog,https://langcog.stanford.edu/expts/BLL/kiddraw-recognitionRatings/sketches/foot/foot_sketch_6_E1c_1511292286803.png,foot,foot_sketch_6_E1c_1511292286803.png,6,1511292286803.png,FALSE
93,A2OO4PG3LBLP5I,cup,https://langcog.stanford.edu/expts/BLL/kiddraw-recognitionRatings/sketches/cup/cup_sketch_10_E1c_1510684833991.png,cup,cup_sketch_10_E1c_1510684833991.png,10,1510684833991.png,TRUE
94,A2OO4PG3LBLP5I,train,https://langcog.stanford.edu/expts/BLL/kiddraw-recognitionRatings/sketches/train/train_sketch_6_E1c_1511292286803.png,train,train_sketch_6_E1c_1511292286803.png,6,1511292286803.png,TRUE
95,A2OO4PG3LBLP5I,person,https://langcog.stanford.edu/expts/BLL/kiddraw-recognitionRatings/sketches/frog/frog_sketch_8_E1c_1510787010922.png,frog,frog_sketch_8_E1c_1510787010922.png,8,1510787010922.png,FALSE
96,A2OO4PG3LBLP5I,cat,https://langcog.stanford.edu/expts/BLL/kiddraw-recognitionRatings/sketches/cat/cat_sketch_8_E1c_1510254933095.png,cat,cat_sketch_8_E1c_1510254933095.png,8,1510254933095.png,TRUE
97,A2OO4PG3LBLP5I,boat,https://langcog.stanford.edu/expts/BLL/kiddraw-recognitionRatings/sketches/phone/phone_sketch_4_E1c_1510252568116.png,phone,phone_sketch_4_E1c_1510252568116.png,4,1510252568116.png,FALSE
98,A2OO4PG3LBLP5I,banana,https://langcog.stanford.edu/expts/BLL/kiddraw-recognitionRatings/sketches/banana/banana_sketch_6_E1c_1511293092153.png,banana,banana_sketch_6_E1c_1511293092153.png,6,1511293092153.png,TRUE
99,A2OO4PG3LBLP5I,cat,https://langcog.stanford.edu/expts/BLL/kiddraw-recognitionRatings/sketches/cat/cat_sketch_8_E1c_1510787010922.png,cat,cat_sketch_8_E1c_1510787010922.png,8,1510787010922.png,TRUE
100,A2OO4PG3LBLP5I,person,https://langcog.stanford.edu/expts/BLL/kiddraw-recognitionRatings/sketches/rabbit/rabbit_sketch_4_E1c_1510263067113.png,rabbit,rabbit_sketch_4_E1c_1510263067113.png,4,1510263067113.png,FALSE
101,A2OO4PG3LBLP5I,phone,https://langcog.stanford.edu/expts/BLL/kiddraw-recognitionRatings/sketches/phone/phone_sketch_8_E1c_1511300850043.png,phone,phone_sketch_8_E1c_1511300850043.png,8,1511300850043.png,TRUE
102,A2OO4PG3LBLP5I,cat,https://langcog.stanford.edu/expts/BLL/kiddraw-recognitionRatings/sketches/rabbit/rabbit_sketch_8_E1c_1511300355318.png,rabbit,rabbit_sketch_8_E1c_1511300355318.png,8,1511300355318.png,FALSE
103,A2OO4PG3LBLP5I,cat,https://langcog.stanford.edu/expts/BLL/kiddraw-recognitionRatings/sketches/rabbit/rabbit_sketch_7_E1c_1511301009480.png,rabbit,rabbit_sketch_7_E1c_1511301009480.png,7,1511301009480.png,FALSE
104,A2OO4PG3LBLP5I,chair,https://langcog.stanford.edu/expts/BLL/kiddraw-recognitionRatings/sketches/chair/chair_sketch_8_E1c_1510254933095.png,chair,chair_sketch_8_E1c_1510254933095.png,8,1510254933095.png,TRUE
105,A2OO4PG3LBLP5I,cat,https://langcog.stanford.edu/expts/BLL/kiddraw-recognitionRatings/sketches/rabbit/rabbit_sketch_5_E1c_1510256904834.png,rabbit,rabbit_sketch_5_E1c_1510256904834.png,5,1510256904834.png,FALSE
106,A2OO4PG3LBLP5I,chair,https://langcog.stanford.edu/expts/BLL/kiddraw-recognitionRatings/sketches/chair/chair_sketch_10_E1c_1511301807087.png,chair,chair_sketch_10_E1c_1511301807087.png,10,1511301807087.png,TRUE
107,A2OO4PG3LBLP5I,banana,https://langcog.stanford.edu/expts/BLL/kiddraw-recognitionRatings/sketches/banana/banana_sketch_9_E1c_1510686242527.png,banana,banana_sketch_9_E1c_1510686242527.png,9,1510686242527.png,TRUE
108,A2OO4PG3LBLP5I,frog,https://langcog.stanford.edu/expts/BLL/kiddraw-recognitionRatings/sketches/frog/frog_sketch_6_E1c_1510782034963.png,frog,frog_sketch_6_E1c_1510782034963.png,6,1510782034963.png,TRUE
109,A2OO4PG3LBLP5I,cat,https://langcog.stanford.edu/expts/BLL/kiddraw-recognitionRatings/sketches/cat/cat_sketch_8_E1c_1510690264523.png,cat,cat_sketch_8_E1c_1510690264523.png,8,1510690264523.png,TRUE
110,A2OO4PG3LBLP5I,cup,https://langcog.stanford.edu/expts/BLL/kiddraw-recognitionRatings/sketches/train/train_sketch_4_E1c_1510268275436.png,train,train_sketch_4_E1c_1510268275436.png,4,1510268275436.png,FALSE
111,A2OO4PG3LBLP5I,phone,https://langcog.stanford.edu/expts/BLL/kiddraw-recognitionRatings/sketches/shoe/shoe_sketch_8_E1c_1510254933095.png,shoe,shoe_sketch_8_E1c_1510254933095.png,8,1510254933095.png,FALSE
112,A2OO4PG3LBLP5I,foot,https://langcog.stanford.edu/expts/BLL/kiddraw-recognitionRatings/sketches/banana/banana_sketch_8_E1c_1511300355318.png,banana,banana_sketch_8_E1c_1511300355318.png,8,1511300355318.png,FALSE
113,A2OO4PG3LBLP5I,flower,https://langcog.stanford.edu/expts/BLL/kiddraw-recognitionRatings/sketches/flower/flower_sketch_5_E1c_1510786719020.png,flower,flower_sketch_5_E1c_1510786719020.png,5,1510786719020.png,TRUE
114,A2OO4PG3LBLP5I,car,https://langcog.stanford.edu/expts/BLL/kiddraw-recognitionRatings/sketches/car/car_sketch_6_E1c_1510695588717.png,car,car_sketch_6_E1c_1510695588717.png,6,1510695588717.png,TRUE
115,A2OO4PG3LBLP5I,frog,https://langcog.stanford.edu/expts/BLL/kiddraw-recognitionRatings/sketches/frog/frog_sketch_8_E1c_1510262448790.png,frog,frog_sketch_8_E1c_1510262448790.png,8,1510262448790.png,TRUE
116,A2OO4PG3LBLP5I,cat,https://langcog.stanford.edu/expts/BLL/kiddraw-recognitionRatings/sketches/cat/cat_sketch_8_E1c_1511292658766.png,cat,cat_sketch_8_E1c_1511292658766.png,8,1511292658766.png,TRUE
117,A2OO4PG3LBLP5I,rabbit,https://langcog.stanford.edu/expts/BLL/kiddraw-recognitionRatings/sketches/rabbit/rabbit_sketch_6_E1c_1511292286803.png,rabbit,rabbit_sketch_6_E1c_1511292286803.png,6,1511292286803.png,TRUE
118,A2OO4PG3LBLP5I,bean,https://langcog.stanford.edu/expts/BLL/kiddraw-recognitionRatings/sketches/frog/frog_sketch_8_E1c_1510870628731.png,frog,frog_sketch_8_E1c_1510870628731.png,8,1510870628731.png,FALSE
119,A2OO4PG3LBLP5I,boat,https://langcog.stanford.edu/expts/BLL/kiddraw-recognitionRatings/sketches/frog/frog_sketch_5_E1c_1510258311547.png,frog,frog_sketch_5_E1c_1510258311547.png,5,1510258311547.png,FALSE
120,A2OO4PG3LBLP5I,boat,https://langcog.stanford.edu/expts/BLL/kiddraw-recognitionRatings/sketches/boat/boat_sketch_9_E1c_1510686242527.png,boat,boat_sketch_9_E1c_1510686242527.png,9,1510686242527.png,TRUE
121,A2OO4PG3LBLP5I,couch,https://langcog.stanford.edu/expts/BLL/kiddraw-recognitionRatings/sketches/phone/phone_sketch_8_E1c_1511293924452.png,phone,phone_sketch_8_E1c_1511293924452.png,8,1511293924452.png,FALSE
122,A2OO4PG3LBLP5I,person,https://langcog.stanford.edu/expts/BLL/kiddraw-recognitionRatings/sketches/phone/phone_sketch_6_E1c_1510690510319.png,phone,phone_sketch_6_E1c_1510690510319.png,6,1510690510319.png,FALSE
123,A2OO4PG3LBLP5I,person,https://langcog.stanford.edu/expts/BLL/kiddraw-recognitionRatings/sketches/rabbit/rabbit_sketch_8_E1c_1510787010922.png,rabbit,rabbit_sketch_8_E1c_1510787010922.png,8,1510787010922.png,FALSE
124,A2OO4PG3LBLP5I,train,https://langcog.stanford.edu/expts/BLL/kiddraw-recognitionRatings/sketches/train/train_sketch_6_E1c_1510690510319.png,train,train_sketch_6_E1c_1510690510319.png,6,1510690510319.png,TRUE
125,A2OO4PG3LBLP5I,cup,https://langcog.stanford.edu/expts/BLL/kiddraw-recognitionRatings/sketches/cup/cup_sketch_10_E1c_1511293452162.png,cup,cup_sketch_10_E1c_1511293452162.png,10,1511293452162.png,TRUE
126,A2OO4PG3LBLP5I,boat,https://langcog.stanford.edu/expts/BLL/kiddraw-recognitionRatings/sketches/boat/boat_sketch_8_E1c_1511293924452.png,boat,boat_sketch_8_E1c_1511293924452.png,8,1511293924452.png,TRUE
127,A2OO4PG3LBLP5I,boat,https://langcog.stanford.edu/expts/BLL/kiddraw-recognitionRatings/sketches/shoe/shoe_sketch_10_E1c_1510255462419.png,shoe,shoe_sketch_10_E1c_1510255462419.png,10,1510255462419.png,FALSE
128,A2OO4PG3LBLP5I,chair,https://langcog.stanford.edu/expts/BLL/kiddraw-recognitionRatings/sketches/car/car_sketch_8_E1c_1510787010922.png,car,car_sketch_8_E1c_1510787010922.png,8,1510787010922.png,FALSE
129,A2OO4PG3LBLP5I,cat,https://langcog.stanford.edu/expts/BLL/kiddraw-recognitionRatings/sketches/cat/cat_sketch_10_E1c_1510684833991.png,cat,cat_sketch_10_E1c_1510684833991.png,10,1510684833991.png,TRUE
130,A2OO4PG3LBLP5I,foot,https://langcog.stanford.edu/expts/BLL/kiddraw-recognitionRatings/sketches/frog/frog_sketch_8_E1c_1510690264523.png,frog,frog_sketch_8_E1c_1510690264523.png,8,1510690264523.png,FALSE
131,A2OO4PG3LBLP5I,ice cream,https://langcog.stanford.edu/expts/BLL/kiddraw-recognitionRatings/sketches/boat/boat_sketch_4_E1c_1510263067113.png,boat,boat_sketch_4_E1c_1510263067113.png,4,1510263067113.png,FALSE
132,A2OO4PG3LBLP5I,car,https://langcog.stanford.edu/expts/BLL/kiddraw-recognitionRatings/sketches/couch/couch_sketch_8_E1c_1511293754661.png,couch,couch_sketch_8_E1c_1511293754661.png,8,1511293754661.png,FALSE
133,A2OO4PG3LBLP5I,chair,https://langcog.stanford.edu/expts/BLL/kiddraw-recognitionRatings/sketches/chair/chair_sketch_7_E1c_1510783353272.png,chair,chair_sketch_7_E1c_1510783353272.png,7,1510783353272.png,TRUE
134,A2OO4PG3LBLP5I,banana,https://langcog.stanford.edu/expts/BLL/kiddraw-recognitionRatings/sketches/boat/boat_sketch_5_E1c_1510253748384.png,boat,boat_sketch_5_E1c_1510253748384.png,5,1510253748384.png,FALSE
135,A2OO4PG3LBLP5I,cup,https://langcog.stanford.edu/expts/BLL/kiddraw-recognitionRatings/sketches/cup/cup_sketch_6_E1c_1510695588717.png,cup,cup_sketch_6_E1c_1510695588717.png,6,1510695588717.png,TRUE
136,A2OO4PG3LBLP5I,bean,https://langcog.stanford.edu/expts/BLL/kiddraw-recognitionRatings/sketches/train/train_sketch_5_E1c_1510258311547.png,train,train_sketch_5_E1c_1510258311547.png,5,1510258311547.png,FALSE
137,A2OO4PG3LBLP5I,flower,https://langcog.stanford.edu/expts/BLL/kiddraw-recognitionRatings/sketches/flower/flower_sketch_10_E1c_1511293452162.png,flower,flower_sketch_10_E1c_1511293452162.png,10,1511293452162.png,TRUE
138,A2OO4PG3LBLP5I,foot,https://langcog.stanford.edu/expts/BLL/kiddraw-recognitionRatings/sketches/foot/foot_sketch_8_E1c_1510254933095.png,foot,foot_sketch_8_E1c_1510254933095.png,8,1510254933095.png,TRUE
139,A2OO4PG3LBLP5I,cat,https://langcog.stanford.edu/expts/BLL/kiddraw-recognitionRatings/sketches/cat/cat_sketch_10_E1c_1511293452162.png,cat,cat_sketch_10_E1c_1511293452162.png,10,1511293452162.png,TRUE
140,A2OO4PG3LBLP5I,couch,https://langcog.stanford.edu/expts/BLL/kiddraw-recognitionRatings/sketches/couch/couch_sketch_6_E1c_1511293092153.png,couch,couch_sketch_6_E1c_1511293092153.png,6,1511293092153.png,TRUE
141,A2OO4PG3LBLP5I,couch,https://langcog.stanford.edu/expts/BLL/kiddraw-recognitionRatings/sketches/carrot/carrot_sketch_4_E1c_1510263067113.png,carrot,carrot_sketch_4_E1c_1510263067113.png,4,1510263067113.png,FALSE
142,A2OO4PG3LBLP5I,banana,https://langcog.stanford.edu/expts/BLL/kiddraw-recognitionRatings/sketches/banana/banana_sketch_8_E1c_1510254933095.png,banana,banana_sketch_8_E1c_1510254933095.png,8,1510254933095.png,TRUE
143,A2OO4PG3LBLP5I,carrot,https://langcog.stanford.edu/expts/BLL/kiddraw-recognitionRatings/sketches/carrot/carrot_sketch_10_E1c_1510255462419.png,carrot,carrot_sketch_10_E1c_1510255462419.png,10,1510255462419.png,TRUE
144,A2OO4PG3LBLP5I,banana,https://langcog.stanford.edu/expts/BLL/kiddraw-recognitionRatings/sketches/banana/banana_sketch_6_E1c_1511292022297.png,banana,banana_sketch_6_E1c_1511292022297.png,6,1511292022297.png,TRUE
145,A2OO4PG3LBLP5I,cat,https://langcog.stanford.edu/expts/BLL/kiddraw-recognitionRatings/sketches/rabbit/rabbit_sketch_6_E1c_1510783818788.png,rabbit,rabbit_sketch_6_E1c_1510783818788.png,6,1510783818788.png,FALSE
146,A2OO4PG3LBLP5I,car,https://langcog.stanford.edu/expts/BLL/kiddraw-recognitionRatings/sketches/train/train_sketch_7_E1c_1510263944688.png,train,train_sketch_7_E1c_1510263944688.png,7,1510263944688.png,FALSE
147,A2OO4PG3LBLP5I,boat,https://langcog.stanford.edu/expts/BLL/kiddraw-recognitionRatings/sketches/phone/phone_sketch_10_E1c_1510783638074.png,phone,phone_sketch_10_E1c_1510783638074.png,10,1510783638074.png,FALSE
148,A2OO4PG3LBLP5I,chair,https://langcog.stanford.edu/expts/BLL/kiddraw-recognitionRatings/sketches/couch/couch_sketch_5_E1c_1510258311547.png,couch,couch_sketch_5_E1c_1510258311547.png,5,1510258311547.png,FALSE
149,A2OO4PG3LBLP5I,couch,https://langcog.stanford.edu/expts/BLL/kiddraw-recognitionRatings/sketches/couch/couch_sketch_8_E1c_1510254933095.png,couch,couch_sketch_8_E1c_1510254933095.png,8,1510254933095.png,TRUE
150,A2OO4PG3LBLP5I,ice cream,https://langcog.stanford.edu/expts/BLL/kiddraw-recognitionRatings/sketches/carrot/carrot_sketch_10_E1c_1511301807087.png,carrot,carrot_sketch_10_E1c_1511301807087.png,10,1511301807087.png,FALSE
151,A2OO4PG3LBLP5I,boat,https://langcog.stanford.edu/expts/BLL/kiddraw-recognitionRatings/sketches/phone/phone_sketch_7_E1c_1510870100423.png,phone,phone_sketch_7_E1c_1510870100423.png,7,1510870100423.png,FALSE
152,A2OO4PG3LBLP5I,person,https://langcog.stanford.edu/expts/BLL/kiddraw-recognitionRatings/sketches/boat/boat_sketch_8_E1c_1510870628731.png,boat,boat_sketch_8_E1c_1510870628731.png,8,1510870628731.png,FALSE
153,A2OO4PG3LBLP5I,flower,https://langcog.stanford.edu/expts/BLL/kiddraw-recognitionRatings/sketches/flower/flower_sketch_8_E1c_1510870628731.png,flower,flower_sketch_8_E1c_1510870628731.png,8,1510870628731.png,TRUE
154,A2OO4PG3LBLP5I,ice cream,https://langcog.stanford.edu/expts/BLL/kiddraw-recognitionRatings/sketches/ice cream/ice cream_sketch_4_E1c_1510691847400.png,ice cream,ice cream_sketch_4_E1c_1510691847400.png,4,1510691847400.png,TRUE
155,A2OO4PG3LBLP5I,person,https://langcog.stanford.edu/expts/BLL/kiddraw-recognitionRatings/sketches/chair/chair_sketch_8_E1c_1510787010922.png,chair,chair_sketch_8_E1c_1510787010922.png,8,1510787010922.png,FALSE
156,A2OO4PG3LBLP5I,cup,https://langcog.stanford.edu/expts/BLL/kiddraw-recognitionRatings/sketches/cup/cup_sketch_8_E1c_1511293924452.png,cup,cup_sketch_8_E1c_1511293924452.png,8,1511293924452.png,TRUE
157,A2OO4PG3LBLP5I,boat,https://langcog.stanford.edu/expts/BLL/kiddraw-recognitionRatings/sketches/boat/boat_sketch_6_E1c_1510783818788.png,boat,boat_sketch_6_E1c_1510783818788.png,6,1510783818788.png,TRUE
158,A2OO4PG3LBLP5I,car,https://langcog.stanford.edu/expts/BLL/kiddraw-recognitionRatings/sketches/train/train_sketch_7_E1c_1510783353272.png,train,train_sketch_7_E1c_1510783353272.png,7,1510783353272.png,FALSE
159,A2OO4PG3LBLP5I,foot,https://langcog.stanford.edu/expts/BLL/kiddraw-recognitionRatings/sketches/shoe/shoe_sketch_6_E1c_1511292022297.png,shoe,shoe_sketch_6_E1c_1511292022297.png,6,1511292022297.png,FALSE
160,A2OO4PG3LBLP5I,banana,https://langcog.stanford.edu/expts/BLL/kiddraw-recognitionRatings/sketches/cup/cup_sketch_8_E1c_1510254933095.png,cup,cup_sketch_8_E1c_1510254933095.png,8,1510254933095.png,FALSE
161,A2OO4PG3LBLP5I,ice cream,https://langcog.stanford.edu/expts/BLL/kiddraw-recognitionRatings/sketches/ice cream/ice cream_sketch_10_E1c_1510783638074.png,ice cream,ice cream_sketch_10_E1c_1510783638074.png,10,1510783638074.png,TRUE
162,A2OO4PG3LBLP5I,boat,https://langcog.stanford.edu/expts/BLL/kiddraw-recognitionRatings/sketches/couch/couch_sketch_6_E1c_1510695588717.png,couch,couch_sketch_6_E1c_1510695588717.png,6,1510695588717.png,FALSE
163,A2OO4PG3LBLP5I,foot,https://langcog.stanford.edu/expts/BLL/kiddraw-recognitionRatings/sketches/shoe/shoe_sketch_8_E1c_1510870628731.png,shoe,shoe_sketch_8_E1c_1510870628731.png,8,1510870628731.png,FALSE
164,A2OO4PG3LBLP5I,boat,https://langcog.stanford.edu/expts/BLL/kiddraw-recognitionRatings/sketches/boat/boat_sketch_8_E1c_1510787010922.png,boat,boat_sketch_8_E1c_1510787010922.png,8,1510787010922.png,TRUE
165,A2OO4PG3LBLP5I,couch,https://langcog.stanford.edu/expts/BLL/kiddraw-recognitionRatings/sketches/couch/couch_sketch_5_E1c_1510786719020.png,couch,couch_sketch_5_E1c_1510786719020.png,5,1510786719020.png,TRUE
166,A2OO4PG3LBLP5I,cat,https://langcog.stanford.edu/expts/BLL/kiddraw-recognitionRatings/sketches/foot/foot_sketch_5_E1c_1510258311547.png,foot,foot_sketch_5_E1c_1510258311547.png,5,1510258311547.png,FALSE
167,A2OO4PG3LBLP5I,car,https://langcog.stanford.edu/expts/BLL/kiddraw-recognitionRatings/sketches/car/car_sketch_6_E1c_1511292022297.png,car,car_sketch_6_E1c_1511292022297.png,6,1511292022297.png,TRUE
168,A2OO4PG3LBLP5I,foot,https://langcog.stanford.edu/expts/BLL/kiddraw-recognitionRatings/sketches/foot/foot_sketch_8_E1c_1510262448790.png,foot,foot_sketch_8_E1c_1510262448790.png,8,1510262448790.png,TRUE
169,A2OO4PG3LBLP5I,banana,https://langcog.stanford.edu/expts/BLL/kiddraw-recognitionRatings/sketches/banana/banana_sketch_7_E1c_1511301009480.png,banana,banana_sketch_7_E1c_1511301009480.png,7,1511301009480.png,TRUE
170,A2OO4PG3LBLP5I,shoe,https://langcog.stanford.edu/expts/BLL/kiddraw-recognitionRatings/sketches/couch/couch_sketch_8_E1c_1510870628731.png,couch,couch_sketch_8_E1c_1510870628731.png,8,1510870628731.png,FALSE
171,A2OO4PG3LBLP5I,flower,https://langcog.stanford.edu/expts/BLL/kiddraw-recognitionRatings/sketches/flower/flower_sketch_6_E1c_1510700570912.png,flower,flower_sketch_6_E1c_1510700570912.png,6,1510700570912.png,TRUE
172,A2OO4PG3LBLP5I,car,https://langcog.stanford.edu/expts/BLL/kiddraw-recognitionRatings/sketches/train/train_sketch_8_E1c_1511300355318.png,train,train_sketch_8_E1c_1511300355318.png,8,1511300355318.png,FALSE
173,A2OO4PG3LBLP5I,carrot,https://langcog.stanford.edu/expts/BLL/kiddraw-recognitionRatings/sketches/carrot/carrot_sketch_8_E1c_1511300850043.png,carrot,carrot_sketch_8_E1c_1511300850043.png,8,1511300850043.png,TRUE
174,A2OO4PG3LBLP5I,carrot,https://langcog.stanford.edu/expts/BLL/kiddraw-recognitionRatings/sketches/carrot/carrot_sketch_10_E1c_1511293452162.png,carrot,carrot_sketch_10_E1c_1511293452162.png,10,1511293452162.png,TRUE
175,A2OO4PG3LBLP5I,train,https://langcog.stanford.edu/expts/BLL/kiddraw-recognitionRatings/sketches/train/train_sketch_10_E1c_1511301807087.png,train,train_sketch_10_E1c_1511301807087.png,10,1511301807087.png,TRUE
176,A2OO4PG3LBLP5I,bean,https://langcog.stanford.edu/expts/BLL/kiddraw-recognitionRatings/sketches/phone/phone_sketch_10_E1c_1511293452162.png,phone,phone_sketch_10_E1c_1511293452162.png,10,1511293452162.png,FALSE
177,A2OO4PG3LBLP5I,chair,https://langcog.stanford.edu/expts/BLL/kiddraw-recognitionRatings/sketches/boat/boat_sketch_8_E1c_1511300355318.png,boat,boat_sketch_8_E1c_1511300355318.png,8,1511300355318.png,FALSE
178,A2OO4PG3LBLP5I,frog,https://langcog.stanford.edu/expts/BLL/kiddraw-recognitionRatings/sketches/cup/cup_sketch_5_E1c_1510258311547.png,cup,cup_sketch_5_E1c_1510258311547.png,5,1510258311547.png,FALSE
179,A2OO4PG3LBLP5I,banana,https://langcog.stanford.edu/expts/BLL/kiddraw-recognitionRatings/sketches/banana/banana_sketch_8_E1c_1510787010922.png,banana,banana_sketch_8_E1c_1510787010922.png,8,1510787010922.png,TRUE
180,A2OO4PG3LBLP5I,car,https://langcog.stanford.edu/expts/BLL/kiddraw-recognitionRatings/sketches/car/car_sketch_6_E1c_1511293092153.png,car,car_sketch_6_E1c_1511293092153.png,6,1511293092153.png,TRUE
181,A2OO4PG3LBLP5I,frog,https://langcog.stanford.edu/expts/BLL/kiddraw-recognitionRatings/sketches/chair/chair_sketch_6_E1c_1511292286803.png,chair,chair_sketch_6_E1c_1511292286803.png,6,1511292286803.png,FALSE
182,A2OO4PG3LBLP5I,frog,https://langcog.stanford.edu/expts/BLL/kiddraw-recognitionRatings/sketches/frog/frog_sketch_8_E1c_1511293754661.png,frog,frog_sketch_8_E1c_1511293754661.png,8,1511293754661.png,TRUE
183,A2OO4PG3LBLP5I,ice cream,https://langcog.stanford.edu/expts/BLL/kiddraw-recognitionRatings/sketches/carrot/carrot_sketch_8_E1c_1510254933095.png,carrot,carrot_sketch_8_E1c_1510254933095.png,8,1510254933095.png,FALSE
184,A2OO4PG3LBLP5I,chair,https://langcog.stanford.edu/expts/BLL/kiddraw-recognitionRatings/sketches/couch/couch_sketch_5_E1c_1510256904834.png,couch,couch_sketch_5_E1c_1510256904834.png,5,1510256904834.png,FALSE
185,A2OO4PG3LBLP5I,banana,https://langcog.stanford.edu/expts/BLL/kiddraw-recognitionRatings/sketches/banana/banana_sketch_5_E1c_1510253748384.png,banana,banana_sketch_5_E1c_1510253748384.png,5,1510253748384.png,TRUE
186,A2OO4PG3LBLP5I,boat,https://langcog.stanford.edu/expts/BLL/kiddraw-recognitionRatings/sketches/phone/phone_sketch_7_E1c_1510783353272.png,phone,phone_sketch_7_E1c_1510783353272.png,7,1510783353272.png,FALSE
187,A2OO4PG3LBLP5I,flower,https://langcog.stanford.edu/expts/BLL/kiddraw-recognitionRatings/sketches/flower/flower_sketch_8_E1c_1510254933095.png,flower,flower_sketch_8_E1c_1510254933095.png,8,1510254933095.png,TRUE
188,A2OO4PG3LBLP5I,ice cream,https://langcog.stanford.edu/expts/BLL/kiddraw-recognitionRatings/sketches/ice cream/ice cream_sketch_7_E1c_1511301634355.png,ice cream,ice cream_sketch_7_E1c_1511301634355.png,7,1511301634355.png,TRUE
189,A2OO4PG3LBLP5I,foot,https://langcog.stanford.edu/expts/BLL/kiddraw-recognitionRatings/sketches/foot/foot_sketch_10_E1c_1510684833991.png,foot,foot_sketch_10_E1c_1510684833991.png,10,1510684833991.png,TRUE
190,A2OO4PG3LBLP5I,person,https://langcog.stanford.edu/expts/BLL/kiddraw-recognitionRatings/sketches/ice cream/ice cream_sketch_8_E1c_1511300355318.png,ice cream,ice cream_sketch_8_E1c_1511300355318.png,8,1511300355318.png,FALSE
191,A2OO4PG3LBLP5I,cup,https://langcog.stanford.edu/expts/BLL/kiddraw-recognitionRatings/sketches/cup/cup_sketch_8_E1c_1510870628731.png,cup,cup_sketch_8_E1c_1510870628731.png,8,1510870628731.png,TRUE
192,A2OO4PG3LBLP5I,carrot,https://langcog.stanford.edu/expts/BLL/kiddraw-recognitionRatings/sketches/carrot/carrot_sketch_6_E1c_1510695588717.png,carrot,carrot_sketch_6_E1c_1510695588717.png,6,1510695588717.png,TRUE
193,A2OO4PG3LBLP5I,bean,https://langcog.stanford.edu/expts/BLL/kiddraw-recognitionRatings/sketches/shoe/shoe_sketch_6_E1c_1511292286803.png,shoe,shoe_sketch_6_E1c_1511292286803.png,6,1511292286803.png,FALSE
194,A2OO4PG3LBLP5I,flower,https://langcog.stanford.edu/expts/BLL/kiddraw-recognitionRatings/sketches/flower/flower_sketch_8_E1c_1511293924452.png,flower,flower_sketch_8_E1c_1511293924452.png,8,1511293924452.png,TRUE
195,A2OO4PG3LBLP5I,train,https://langcog.stanford.edu/expts/BLL/kiddraw-recognitionRatings/sketches/train/train_sketch_6_E1c_1510783818788.png,train,train_sketch_6_E1c_1510783818788.png,6,1510783818788.png,TRUE
196,A2OO4PG3LBLP5I,boat,https://langcog.stanford.edu/expts/BLL/kiddraw-recognitionRatings/sketches/boat/boat_sketch_6_E1c_1511292286803.png,boat,boat_sketch_6_E1c_1511292286803.png,6,1511292286803.png,TRUE
197,A2OO4PG3LBLP5I,ice cream,https://langcog.stanford.edu/expts/BLL/kiddraw-recognitionRatings/sketches/ice cream/ice cream_sketch_5_E1c_1510870384576.png,ice cream,ice cream_sketch_5_E1c_1510870384576.png,5,1510870384576.png,TRUE
198,A2OO4PG3LBLP5I,flower,https://langcog.stanford.edu/expts/BLL/kiddraw-recognitionRatings/sketches/flower/flower_sketch_10_E1c_1510684833991.png,flower,flower_sketch_10_E1c_1510684833991.png,10,1510684833991.png,TRUE
199,A2OO4PG3LBLP5I,chair,https://langcog.stanford.edu/expts/BLL/kiddraw-recognitionRatings/sketches/chair/chair_sketch_5_E1c_1510870384576.png,chair,chair_sketch_5_E1c_1510870384576.png,5,1510870384576.png,TRUE
200,A2OO4PG3LBLP5I,person,https://langcog.stanford.edu/expts/BLL/kiddraw-recognitionRatings/sketches/chair/chair_sketch_6_E1c_1511293092153.png,chair,chair_sketch_6_E1c_1511293092153.png,6,1511293092153.png,FALSE
201,A2OO4PG3LBLP5I,ice cream,https://langcog.stanford.edu/expts/BLL/kiddraw-recognitionRatings/sketches/carrot/carrot_sketch_5_E1c_1511301440421.png,carrot,carrot_sketch_5_E1c_1511301440421.png,5,1511301440421.png,FALSE
202,A2OO4PG3LBLP5I,cat,https://langcog.stanford.edu/expts/BLL/kiddraw-recognitionRatings/sketches/rabbit/rabbit_sketch_8_E1c_1511300850043.png,rabbit,rabbit_sketch_8_E1c_1511300850043.png,8,1511300850043.png,FALSE
203,A2OO4PG3LBLP5I,ice cream,https://langcog.stanford.edu/expts/BLL/kiddraw-recognitionRatings/sketches/ice cream/ice cream_sketch_5_E1c_1511301440421.png,ice cream,ice cream_sketch_5_E1c_1511301440421.png,5,1511301440421.png,TRUE
204,A2OO4PG3LBLP5I,shoe,https://langcog.stanford.edu/expts/BLL/kiddraw-recognitionRatings/sketches/shoe/shoe_sketch_8_E1c_1510262448790.png,shoe,shoe_sketch_8_E1c_1510262448790.png,8,1510262448790.png,TRUE
205,A2OO4PG3LBLP5I,rabbit,https://langcog.stanford.edu/expts/BLL/kiddraw-recognitionRatings/sketches/rabbit/rabbit_sketch_7_E1c_1510870100423.png,rabbit,rabbit_sketch_7_E1c_1510870100423.png,7,1510870100423.png,TRUE
206,A2OO4PG3LBLP5I,banana,https://langcog.stanford.edu/expts/BLL/kiddraw-recognitionRatings/sketches/banana/banana_sketch_8_E1c_1510870628731.png,banana,banana_sketch_8_E1c_1510870628731.png,8,1510870628731.png,TRUE
207,A2OO4PG3LBLP5I,foot,https://langcog.stanford.edu/expts/BLL/kiddraw-recognitionRatings/sketches/foot/foot_sketch_6_E1c_1511292022297.png,foot,foot_sketch_6_E1c_1511292022297.png,6,1511292022297.png,TRUE
208,A2OO4PG3LBLP5I,boat,https://langcog.stanford.edu/expts/BLL/kiddraw-recognitionRatings/sketches/phone/phone_sketch_6_E1c_1510782034963.png,phone,phone_sketch_6_E1c_1510782034963.png,6,1510782034963.png,FALSE
209,A2OO4PG3LBLP5I,train,https://langcog.stanford.edu/expts/BLL/kiddraw-recognitionRatings/sketches/train/train_sketch_6_E1c_1510782034963.png,train,train_sketch_6_E1c_1510782034963.png,6,1510782034963.png,TRUE
210,A2OO4PG3LBLP5I,cat,https://langcog.stanford.edu/expts/BLL/kiddraw-recognitionRatings/sketches/cat/cat_sketch_8_E1c_1510870628731.png,cat,cat_sketch_8_E1c_1510870628731.png,8,1510870628731.png,TRUE
211,A2OO4PG3LBLP5I,boat,https://langcog.stanford.edu/expts/BLL/kiddraw-recognitionRatings/sketches/foot/foot_sketch_4_E1c_1510691847400.png,foot,foot_sketch_4_E1c_1510691847400.png,4,1510691847400.png,FALSE
212,A2OO4PG3LBLP5I,chair,https://langcog.stanford.edu/expts/BLL/kiddraw-recognitionRatings/sketches/chair/chair_sketch_10_E1c_1511293452162.png,chair,chair_sketch_10_E1c_1511293452162.png,10,1511293452162.png,TRUE
213,A2OO4PG3LBLP5I,car,https://langcog.stanford.edu/expts/BLL/kiddraw-recognitionRatings/sketches/car/car_sketch_6_E1c_1510782034963.png,car,car_sketch_6_E1c_1510782034963.png,6,1510782034963.png,TRUE
214,A2OO4PG3LBLP5I,couch,https://langcog.stanford.edu/expts/BLL/kiddraw-recognitionRatings/sketches/couch/couch_sketch_6_E1c_1511292022297.png,couch,couch_sketch_6_E1c_1511292022297.png,6,1511292022297.png,TRUE
215,A2OO4PG3LBLP5I,boat,https://langcog.stanford.edu/expts/BLL/kiddraw-recognitionRatings/sketches/boat/boat_sketch_10_E1c_1511301807087.png,boat,boat_sketch_10_E1c_1511301807087.png,10,1511301807087.png,TRUE
216,A2OO4PG3LBLP5I,cup,https://langcog.stanford.edu/expts/BLL/kiddraw-recognitionRatings/sketches/cup/cup_sketch_9_E1c_1510689458884.png,cup,cup_sketch_9_E1c_1510689458884.png,9,1510689458884.png,TRUE
217,A2OO4PG3LBLP5I,shoe,https://langcog.stanford.edu/expts/BLL/kiddraw-recognitionRatings/sketches/shoe/shoe_sketch_5_E1c_1510786719020.png,shoe,shoe_sketch_5_E1c_1510786719020.png,5,1510786719020.png,TRUE
218,A2OO4PG3LBLP5I,train,https://langcog.stanford.edu/expts/BLL/kiddraw-recognitionRatings/sketches/train/train_sketch_9_E1c_1510689458884.png,train,train_sketch_9_E1c_1510689458884.png,9,1510689458884.png,TRUE
219,A2OO4PG3LBLP5I,frog,https://langcog.stanford.edu/expts/BLL/kiddraw-recognitionRatings/sketches/frog/frog_sketch_6_E1c_1511293092153.png,frog,frog_sketch_6_E1c_1511293092153.png,6,1511293092153.png,TRUE
220,A2OO4PG3LBLP5I,foot,https://langcog.stanford.edu/expts/BLL/kiddraw-recognitionRatings/sketches/foot/foot_sketch_10_E1c_1510783638074.png,foot,foot_sketch_10_E1c_1510783638074.png,10,1510783638074.png,TRUE
221,A2OO4PG3LBLP5I,flower,https://langcog.stanford.edu/expts/BLL/kiddraw-recognitionRatings/sketches/flower/flower_sketch_8_E1c_1511293754661.png,flower,flower_sketch_8_E1c_1511293754661.png,8,1511293754661.png,TRUE
222,A2OO4PG3LBLP5I,bean,https://langcog.stanford.edu/expts/BLL/kiddraw-recognitionRatings/sketches/chair/chair_sketch_4_E1c_1510252568116.png,chair,chair_sketch_4_E1c_1510252568116.png,4,1510252568116.png,FALSE
223,A2OO4PG3LBLP5I,cat,https://langcog.stanford.edu/expts/BLL/kiddraw-recognitionRatings/sketches/cat/cat_sketch_5_E1c_1510786719020.png,cat,cat_sketch_5_E1c_1510786719020.png,5,1510786719020.png,TRUE
224,A2OO4PG3LBLP5I,ice cream,https://langcog.stanford.edu/expts/BLL/kiddraw-recognitionRatings/sketches/carrot/carrot_sketch_7_E1c_1511301634355.png,carrot,carrot_sketch_7_E1c_1511301634355.png,7,1511301634355.png,FALSE
225,A2OO4PG3LBLP5I,ice cream,https://langcog.stanford.edu/expts/BLL/kiddraw-recognitionRatings/sketches/ice cream/ice cream_sketch_8_E1c_1511300850043.png,ice cream,ice cream_sketch_8_E1c_1511300850043.png,8,1511300850043.png,TRUE
226,A2OO4PG3LBLP5I,banana,https://langcog.stanford.edu/expts/BLL/kiddraw-recognitionRatings/sketches/shoe/shoe_sketch_6_E1c_1510695588717.png,shoe,shoe_sketch_6_E1c_1510695588717.png,6,1510695588717.png,FALSE
227,A2OO4PG3LBLP5I,cat,https://langcog.stanford.edu/expts/BLL/kiddraw-recognitionRatings/sketches/cat/cat_sketch_7_E1c_1510263944688.png,cat,cat_sketch_7_E1c_1510263944688.png,7,1510263944688.png,TRUE
228,A2OO4PG3LBLP5I,car,https://langcog.stanford.edu/expts/BLL/kiddraw-recognitionRatings/sketches/car/car_sketch_6_E1c_1510253415559.png,car,car_sketch_6_E1c_1510253415559.png,6,1510253415559.png,TRUE
229,A2OO4PG3LBLP5I,car,https://langcog.stanford.edu/expts/BLL/kiddraw-recognitionRatings/sketches/train/train_sketch_6_E1c_1511293092153.png,train,train_sketch_6_E1c_1511293092153.png,6,1511293092153.png,FALSE
230,A2OO4PG3LBLP5I,cat,https://langcog.stanford.edu/expts/BLL/kiddraw-recognitionRatings/sketches/shoe/shoe_sketch_5_E1c_1510870384576.png,shoe,shoe_sketch_5_E1c_1510870384576.png,5,1510870384576.png,FALSE
231,A2OO4PG3LBLP5I,flower,https://langcog.stanford.edu/expts/BLL/kiddraw-recognitionRatings/sketches/flower/flower_sketch_5_E1c_1510253748384.png,flower,flower_sketch_5_E1c_1510253748384.png,5,1510253748384.png,TRUE
232,A2OO4PG3LBLP5I,train,https://langcog.stanford.edu/expts/BLL/kiddraw-recognitionRatings/sketches/train/train_sketch_10_E1c_1510684833991.png,train,train_sketch_10_E1c_1510684833991.png,10,1510684833991.png,TRUE
233,A2OO4PG3LBLP5I,cat,https://langcog.stanford.edu/expts/BLL/kiddraw-recognitionRatings/sketches/rabbit/rabbit_sketch_6_E1c_1511292022297.png,rabbit,rabbit_sketch_6_E1c_1511292022297.png,6,1511292022297.png,FALSE
234,A2OO4PG3LBLP5I,rabbit,https://langcog.stanford.edu/expts/BLL/kiddraw-recognitionRatings/sketches/cat/cat_sketch_10_E1c_1510783638074.png,cat,cat_sketch_10_E1c_1510783638074.png,10,1510783638074.png,FALSE
235,A2OO4PG3LBLP5I,chair,https://langcog.stanford.edu/expts/BLL/kiddraw-recognitionRatings/sketches/chair/chair_sketch_7_E1c_1510870100423.png,chair,chair_sketch_7_E1c_1510870100423.png,7,1510870100423.png,TRUE
236,A2OO4PG3LBLP5I,ice cream,https://langcog.stanford.edu/expts/BLL/kiddraw-recognitionRatings/sketches/ice cream/ice cream_sketch_6_E1c_1510690510319.png,ice cream,ice cream_sketch_6_E1c_1510690510319.png,6,1510690510319.png,TRUE
237,A2OO4PG3LBLP5I,boat,https://langcog.stanford.edu/expts/BLL/kiddraw-recognitionRatings/sketches/phone/phone_sketch_6_E1c_1510783818788.png,phone,phone_sketch_6_E1c_1510783818788.png,6,1510783818788.png,FALSE
238,A2OO4PG3LBLP5I,cup,https://langcog.stanford.edu/expts/BLL/kiddraw-recognitionRatings/sketches/cup/cup_sketch_8_E1c_1510787010922.png,cup,cup_sketch_8_E1c_1510787010922.png,8,1510787010922.png,TRUE
239,A2OO4PG3LBLP5I,train,https://langcog.stanford.edu/expts/BLL/kiddraw-recognitionRatings/sketches/car/car_sketch_8_E1c_1511293754661.png,car,car_sketch_8_E1c_1511293754661.png,8,1511293754661.png,FALSE
240,A2OO4PG3LBLP5I,cat,https://langcog.stanford.edu/expts/BLL/kiddraw-recognitionRatings/sketches/cat/cat_sketch_6_E1c_1510700570912.png,cat,cat_sketch_6_E1c_1510700570912.png,6,1510700570912.png,TRUE
241,A2OO4PG3LBLP5I,banana,https://langcog.stanford.edu/expts/BLL/kiddraw-recognitionRatings/sketches/shoe/shoe_sketch_7_E1c_1510263944688.png,shoe,shoe_sketch_7_E1c_1510263944688.png,7,1510263944688.png,FALSE
242,A2OO4PG3LBLP5I,couch,https://langcog.stanford.edu/expts/BLL/kiddraw-recognitionRatings/sketches/ice cream/ice cream_sketch_5_E1c_1510253748384.png,ice cream,ice cream_sketch_5_E1c_1510253748384.png,5,1510253748384.png,FALSE
243,A2OO4PG3LBLP5I,carrot,https://langcog.stanford.edu/expts/BLL/kiddraw-recognitionRatings/sketches/carrot/carrot_sketch_5_E1c_1510786719020.png,carrot,carrot_sketch_5_E1c_1510786719020.png,5,1510786719020.png,TRUE
244,A2OO4PG3LBLP5I,boat,https://langcog.stanford.edu/expts/BLL/kiddraw-recognitionRatings/sketches/phone/phone_sketch_7_E1c_1510263944688.png,phone,phone_sketch_7_E1c_1510263944688.png,7,1510263944688.png,FALSE
245,A2OO4PG3LBLP5I,boat,https://langcog.stanford.edu/expts/BLL/kiddraw-recognitionRatings/sketches/phone/phone_sketch_10_E1c_1510684833991.png,phone,phone_sketch_10_E1c_1510684833991.png,10,1510684833991.png,FALSE
246,A2OO4PG3LBLP5I,rabbit,https://langcog.stanford.edu/expts/BLL/kiddraw-recognitionRatings/sketches/rabbit/rabbit_sketch_8_E1c_1510870628731.png,rabbit,rabbit_sketch_8_E1c_1510870628731.png,8,1510870628731.png,TRUE
247,A2OO4PG3LBLP5I,banana,https://langcog.stanford.edu/expts/BLL/kiddraw-recognitionRatings/sketches/frog/frog_sketch_7_E1c_1510263944688.png,frog,frog_sketch_7_E1c_1510263944688.png,7,1510263944688.png,FALSE
248,A2OO4PG3LBLP5I,chair,https://langcog.stanford.edu/expts/BLL/kiddraw-recognitionRatings/sketches/cup/cup_sketch_10_E1c_1510255462419.png,cup,cup_sketch_10_E1c_1510255462419.png,10,1510255462419.png,FALSE
249,A2OO4PG3LBLP5I,flower,https://langcog.stanford.edu/expts/BLL/kiddraw-recognitionRatings/sketches/flower/flower_sketch_7_E1c_1510870100423.png,flower,flower_sketch_7_E1c_1510870100423.png,7,1510870100423.png,TRUE
250,A2OO4PG3LBLP5I,cat,https://langcog.stanford.edu/expts/BLL/kiddraw-recognitionRatings/sketches/cat/cat_sketch_8_E1c_1511300355318.png,cat,cat_sketch_8_E1c_1511300355318.png,8,1511300355318.png,TRUE
251,A2OO4PG3LBLP5I,boat,https://langcog.stanford.edu/expts/BLL/kiddraw-recognitionRatings/sketches/car/car_sketch_4_E1c_1510263067113.png,car,car_sketch_4_E1c_1510263067113.png,4,1510263067113.png,FALSE
252,A2OO4PG3LBLP5I,ice cream,https://langcog.stanford.edu/expts/BLL/kiddraw-recognitionRatings/sketches/ice cream/ice cream_sketch_8_E1c_1511293754661.png,ice cream,ice cream_sketch_8_E1c_1511293754661.png,8,1511293754661.png,TRUE
253,A2OO4PG3LBLP5I,boat,https://langcog.stanford.edu/expts/BLL/kiddraw-recognitionRatings/sketches/phone/phone_sketch_7_E1c_1511301009480.png,phone,phone_sketch_7_E1c_1511301009480.png,7,1511301009480.png,FALSE
254,A2OO4PG3LBLP5I,chair,https://langcog.stanford.edu/expts/BLL/kiddraw-recognitionRatings/sketches/chair/chair_sketch_5_E1c_1511301440421.png,chair,chair_sketch_5_E1c_1511301440421.png,5,1511301440421.png,TRUE
255,A2OO4PG3LBLP5I,bean,https://langcog.stanford.edu/expts/BLL/kiddraw-recognitionRatings/sketches/phone/phone_sketch_8_E1c_1510870628731.png,phone,phone_sketch_8_E1c_1510870628731.png,8,1510870628731.png,FALSE
256,A2OO4PG3LBLP5I,couch,https://langcog.stanford.edu/expts/BLL/kiddraw-recognitionRatings/sketches/train/train_sketch_5_E1c_1510253748384.png,train,train_sketch_5_E1c_1510253748384.png,5,1510253748384.png,FALSE
257,A2OO4PG3LBLP5I,car,https://langcog.stanford.edu/expts/BLL/kiddraw-recognitionRatings/sketches/boat/boat_sketch_6_E1c_1510700570912.png,boat,boat_sketch_6_E1c_1510700570912.png,6,1510700570912.png,FALSE
258,A2OO4PG3LBLP5I,boat,https://langcog.stanford.edu/expts/BLL/kiddraw-recognitionRatings/sketches/shoe/shoe_sketch_8_E1c_1510787010922.png,shoe,shoe_sketch_8_E1c_1510787010922.png,8,1510787010922.png,FALSE
259,A2OO4PG3LBLP5I,cat,https://langcog.stanford.edu/expts/BLL/kiddraw-recognitionRatings/sketches/rabbit/rabbit_sketch_8_E1c_1510254933095.png,rabbit,rabbit_sketch_8_E1c_1510254933095.png,8,1510254933095.png,FALSE
260,A2OO4PG3LBLP5I,train,https://langcog.stanford.edu/expts/BLL/kiddraw-recognitionRatings/sketches/car/car_sketch_5_E1c_1511301440421.png,car,car_sketch_5_E1c_1511301440421.png,5,1511301440421.png,FALSE
261,A2OO4PG3LBLP5I,flower,https://langcog.stanford.edu/expts/BLL/kiddraw-recognitionRatings/sketches/flower/flower_sketch_7_E1c_1510783353272.png,flower,flower_sketch_7_E1c_1510783353272.png,7,1510783353272.png,TRUE
262,A2OO4PG3LBLP5I,car,https://langcog.stanford.edu/expts/BLL/kiddraw-recognitionRatings/sketches/car/car_sketch_5_E1c_1510870384576.png,car,car_sketch_5_E1c_1510870384576.png,5,1510870384576.png,TRUE
263,A2OO4PG3LBLP5I,train,https://langcog.stanford.edu/expts/BLL/kiddraw-recognitionRatings/sketches/train/train_sketch_5_E1c_1510870384576.png,train,train_sketch_5_E1c_1510870384576.png,5,1510870384576.png,TRUE
264,A2OO4PG3LBLP5I,cup,https://langcog.stanford.edu/expts/BLL/kiddraw-recognitionRatings/sketches/cup/cup_sketch_10_E1c_1511301807087.png,cup,cup_sketch_10_E1c_1511301807087.png,10,1511301807087.png,TRUE
265,A2OO4PG3LBLP5I,foot,https://langcog.stanford.edu/expts/BLL/kiddraw-recognitionRatings/sketches/foot/foot_sketch_8_E1c_1511293754661.png,foot,foot_sketch_8_E1c_1511293754661.png,8,1511293754661.png,TRUE
266,A2OO4PG3LBLP5I,car,https://langcog.stanford.edu/expts/BLL/kiddraw-recognitionRatings/sketches/car/car_sketch_8_E1c_1511293924452.png,car,car_sketch_8_E1c_1511293924452.png,8,1511293924452.png,TRUE
267,A2OO4PG3LBLP5I,car,https://langcog.stanford.edu/expts/BLL/kiddraw-recognitionRatings/sketches/car/car_sketch_10_E1c_1510684833991.png,car,car_sketch_10_E1c_1510684833991.png,10,1510684833991.png,TRUE
268,A2OO4PG3LBLP5I,boat,https://langcog.stanford.edu/expts/BLL/kiddraw-recognitionRatings/sketches/boat/boat_sketch_6_E1c_1510695588717.png,boat,boat_sketch_6_E1c_1510695588717.png,6,1510695588717.png,TRUE
269,A2OO4PG3LBLP5I,cup,https://langcog.stanford.edu/expts/BLL/kiddraw-recognitionRatings/sketches/cup/cup_sketch_7_E1c_1511301634355.png,cup,cup_sketch_7_E1c_1511301634355.png,7,1511301634355.png,TRUE
270,A2OO4PG3LBLP5I,boat,https://langcog.stanford.edu/expts/BLL/kiddraw-recognitionRatings/sketches/couch/couch_sketch_7_E1c_1511301634355.png,couch,couch_sketch_7_E1c_1511301634355.png,7,1511301634355.png,FALSE
271,A2OO4PG3LBLP5I,chair,https://langcog.stanford.edu/expts/BLL/kiddraw-recognitionRatings/sketches/foot/foot_sketch_4_E1c_1510252568116.png,foot,foot_sketch_4_E1c_1510252568116.png,4,1510252568116.png,FALSE
272,A2OO4PG3LBLP5I,flower,https://langcog.stanford.edu/expts/BLL/kiddraw-recognitionRatings/sketches/flower/flower_sketch_8_E1c_1510262448790.png,flower,flower_sketch_8_E1c_1510262448790.png,8,1510262448790.png,TRUE
273,A2OO4PG3LBLP5I,bean,https://langcog.stanford.edu/expts/BLL/kiddraw-recognitionRatings/sketches/cup/cup_sketch_6_E1c_1510690510319.png,cup,cup_sketch_6_E1c_1510690510319.png,6,1510690510319.png,FALSE
274,A2OO4PG3LBLP5I,carrot,https://langcog.stanford.edu/expts/BLL/kiddraw-recognitionRatings/sketches/carrot/carrot_sketch_7_E1c_1510263944688.png,carrot,carrot_sketch_7_E1c_1510263944688.png,7,1510263944688.png,TRUE
275,A2OO4PG3LBLP5I,cat,https://langcog.stanford.edu/expts/BLL/kiddraw-recognitionRatings/sketches/rabbit/rabbit_sketch_9_E1c_1510686242527.png,rabbit,rabbit_sketch_9_E1c_1510686242527.png,9,1510686242527.png,FALSE
276,A2OO4PG3LBLP5I,chair,https://langcog.stanford.edu/expts/BLL/kiddraw-recognitionRatings/sketches/chair/chair_sketch_5_E1c_1510253748384.png,chair,chair_sketch_5_E1c_1510253748384.png,5,1510253748384.png,TRUE
277,A2OO4PG3LBLP5I,cat,https://langcog.stanford.edu/expts/BLL/kiddraw-recognitionRatings/sketches/cat/cat_sketch_7_E1c_1511301634355.png,cat,cat_sketch_7_E1c_1511301634355.png,7,1511301634355.png,TRUE
278,A2OO4PG3LBLP5I,banana,https://langcog.stanford.edu/expts/BLL/kiddraw-recognitionRatings/sketches/banana/banana_sketch_8_E1c_1511292658766.png,banana,banana_sketch_8_E1c_1511292658766.png,8,1511292658766.png,TRUE
279,A2OO4PG3LBLP5I,rabbit,https://langcog.stanford.edu/expts/BLL/kiddraw-recognitionRatings/sketches/rabbit/rabbit_sketch_8_E1c_1510690264523.png,rabbit,rabbit_sketch_8_E1c_1510690264523.png,8,1510690264523.png,TRUE
280,A2OO4PG3LBLP5I,chair,https://langcog.stanford.edu/expts/BLL/kiddraw-recognitionRatings/sketches/chair/chair_sketch_10_E1c_1510684833991.png,chair,chair_sketch_10_E1c_1510684833991.png,10,1510684833991.png,TRUE
281,A2OO4PG3LBLP5I,banana,https://langcog.stanford.edu/expts/BLL/kiddraw-recognitionRatings/sketches/banana/banana_sketch_6_E1c_1511292286803.png,banana,banana_sketch_6_E1c_1511292286803.png,6,1511292286803.png,TRUE
282,A2OO4PG3LBLP5I,banana,https://langcog.stanford.edu/expts/BLL/kiddraw-recognitionRatings/sketches/banana/banana_sketch_5_E1c_1510786719020.png,banana,banana_sketch_5_E1c_1510786719020.png,5,1510786719020.png,TRUE
283,A2OO4PG3LBLP5I,rabbit,https://langcog.stanford.edu/expts/BLL/kiddraw-recognitionRatings/sketches/rabbit/rabbit_sketch_8_E1c_1511293924452.png,rabbit,rabbit_sketch_8_E1c_1511293924452.png,8,1511293924452.png,TRUE
284,A2OO4PG3LBLP5I,flower,https://langcog.stanford.edu/expts/BLL/kiddraw-recognitionRatings/sketches/flower/flower_sketch_8_E1c_1510787010922.png,flower,flower_sketch_8_E1c_1510787010922.png,8,1510787010922.png,TRUE
285,A2OO4PG3LBLP5I,ice cream,https://langcog.stanford.edu/expts/BLL/kiddraw-recognitionRatings/sketches/ice cream/ice cream_sketch_6_E1c_1511292286803.png,ice cream,ice cream_sketch_6_E1c_1511292286803.png,6,1511292286803.png,TRUE
286,A2OO4PG3LBLP5I,couch,https://langcog.stanford.edu/expts/BLL/kiddraw-recognitionRatings/sketches/couch/couch_sketch_10_E1c_1511301807087.png,couch,couch_sketch_10_E1c_1511301807087.png,10,1511301807087.png,TRUE
287,A2W8ZODKKQ7RYP,car,https://langcog.stanford.edu/expts/BLL/kiddraw-recognitionRatings/sketches/car/car_sketch_8_E1c_1511293924452.png,car,car_sketch_8_E1c_1511293924452.png,8,1511293924452.png,TRUE
288,A2W8ZODKKQ7RYP,banana,https://langcog.stanford.edu/expts/BLL/kiddraw-recognitionRatings/sketches/banana/banana_sketch_6_E1c_1511292022297.png,banana,banana_sketch_6_E1c_1511292022297.png,6,1511292022297.png,TRUE
289,A2W8ZODKKQ7RYP,cup,https://langcog.stanford.edu/expts/BLL/kiddraw-recognitionRatings/sketches/cup/cup_sketch_4_E1c_1510691847400.png,cup,cup_sketch_4_E1c_1510691847400.png,4,1510691847400.png,TRUE
290,A2W8ZODKKQ7RYP,bean,https://langcog.stanford.edu/expts/BLL/kiddraw-recognitionRatings/sketches/shoe/shoe_sketch_8_E1c_1510787010922.png,shoe,shoe_sketch_8_E1c_1510787010922.png,8,1510787010922.png,FALSE
291,A2W8ZODKKQ7RYP,frog,https://langcog.stanford.edu/expts/BLL/kiddraw-recognitionRatings/sketches/cup/cup_sketch_8_E1c_1511300355318.png,cup,cup_sketch_8_E1c_1511300355318.png,8,1511300355318.png,FALSE
292,A2W8ZODKKQ7RYP,train,https://langcog.stanford.edu/expts/BLL/kiddraw-recognitionRatings/sketches/train/train_sketch_10_E1c_1511293452162.png,train,train_sketch_10_E1c_1511293452162.png,10,1511293452162.png,TRUE
293,A2W8ZODKKQ7RYP,cat,https://langcog.stanford.edu/expts/BLL/kiddraw-recognitionRatings/sketches/rabbit/rabbit_sketch_7_E1c_1511301009480.png,rabbit,rabbit_sketch_7_E1c_1511301009480.png,7,1511301009480.png,FALSE
294,A2W8ZODKKQ7RYP,chair,https://langcog.stanford.edu/expts/BLL/kiddraw-recognitionRatings/sketches/chair/chair_sketch_5_E1c_1510870384576.png,chair,chair_sketch_5_E1c_1510870384576.png,5,1510870384576.png,TRUE
295,A2W8ZODKKQ7RYP,rabbit,https://langcog.stanford.edu/expts/BLL/kiddraw-recognitionRatings/sketches/rabbit/rabbit_sketch_5_E1c_1510786719020.png,rabbit,rabbit_sketch_5_E1c_1510786719020.png,5,1510786719020.png,TRUE
296,A2W8ZODKKQ7RYP,cup,https://langcog.stanford.edu/expts/BLL/kiddraw-recognitionRatings/sketches/cup/cup_sketch_10_E1c_1511301807087.png,cup,cup_sketch_10_E1c_1511301807087.png,10,1511301807087.png,TRUE
297,A2W8ZODKKQ7RYP,cat,https://langcog.stanford.edu/expts/BLL/kiddraw-recognitionRatings/sketches/rabbit/rabbit_sketch_4_E1c_1510691847400.png,rabbit,rabbit_sketch_4_E1c_1510691847400.png,4,1510691847400.png,FALSE
298,A2W8ZODKKQ7RYP,cat,https://langcog.stanford.edu/expts/BLL/kiddraw-recognitionRatings/sketches/cat/cat_sketch_7_E1c_1510263944688.png,cat,cat_sketch_7_E1c_1510263944688.png,7,1510263944688.png,TRUE
299,A2W8ZODKKQ7RYP,flower,https://langcog.stanford.edu/expts/BLL/kiddraw-recognitionRatings/sketches/flower/flower_sketch_8_E1c_1510787010922.png,flower,flower_sketch_8_E1c_1510787010922.png,8,1510787010922.png,TRUE
300,A2W8ZODKKQ7RYP,car,https://langcog.stanford.edu/expts/BLL/kiddraw-recognitionRatings/sketches/car/car_sketch_7_E1c_1510783353272.png,car,car_sketch_7_E1c_1510783353272.png,7,1510783353272.png,TRUE
301,A2W8ZODKKQ7RYP,banana,https://langcog.stanford.edu/expts/BLL/kiddraw-recognitionRatings/sketches/banana/banana_sketch_8_E1c_1510254933095.png,banana,banana_sketch_8_E1c_1510254933095.png,8,1510254933095.png,TRUE
302,A2W8ZODKKQ7RYP,chair,https://langcog.stanford.edu/expts/BLL/kiddraw-recognitionRatings/sketches/boat/boat_sketch_4_E1c_1510263067113.png,boat,boat_sketch_4_E1c_1510263067113.png,4,1510263067113.png,FALSE
303,A2W8ZODKKQ7RYP,rabbit,https://langcog.stanford.edu/expts/BLL/kiddraw-recognitionRatings/sketches/rabbit/rabbit_sketch_6_E1c_1511293092153.png,rabbit,rabbit_sketch_6_E1c_1511293092153.png,6,1511293092153.png,TRUE
304,A2W8ZODKKQ7RYP,train,https://langcog.stanford.edu/expts/BLL/kiddraw-recognitionRatings/sketches/train/train_sketch_6_E1c_1511292022297.png,train,train_sketch_6_E1c_1511292022297.png,6,1511292022297.png,TRUE
305,A2W8ZODKKQ7RYP,rabbit,https://langcog.stanford.edu/expts/BLL/kiddraw-recognitionRatings/sketches/rabbit/rabbit_sketch_10_E1c_1511293452162.png,rabbit,rabbit_sketch_10_E1c_1511293452162.png,10,1511293452162.png,TRUE
306,A2W8ZODKKQ7RYP,flower,https://langcog.stanford.edu/expts/BLL/kiddraw-recognitionRatings/sketches/flower/flower_sketch_7_E1c_1510870100423.png,flower,flower_sketch_7_E1c_1510870100423.png,7,1510870100423.png,TRUE
307,A2W8ZODKKQ7RYP,car,https://langcog.stanford.edu/expts/BLL/kiddraw-recognitionRatings/sketches/couch/couch_sketch_5_E1c_1510258311547.png,couch,couch_sketch_5_E1c_1510258311547.png,5,1510258311547.png,FALSE
308,A2W8ZODKKQ7RYP,car,https://langcog.stanford.edu/expts/BLL/kiddraw-recognitionRatings/sketches/car/car_sketch_10_E1c_1510684833991.png,car,car_sketch_10_E1c_1510684833991.png,10,1510684833991.png,TRUE
309,A2W8ZODKKQ7RYP,shoe,https://langcog.stanford.edu/expts/BLL/kiddraw-recognitionRatings/sketches/shoe/shoe_sketch_10_E1c_1511293452162.png,shoe,shoe_sketch_10_E1c_1511293452162.png,10,1511293452162.png,TRUE
310,A2W8ZODKKQ7RYP,flower,https://langcog.stanford.edu/expts/BLL/kiddraw-recognitionRatings/sketches/flower/flower_sketch_8_E1c_1511300850043.png,flower,flower_sketch_8_E1c_1511300850043.png,8,1511300850043.png,TRUE
311,A2W8ZODKKQ7RYP,car,https://langcog.stanford.edu/expts/BLL/kiddraw-recognitionRatings/sketches/car/car_sketch_8_E1c_1510254933095.png,car,car_sketch_8_E1c_1510254933095.png,8,1510254933095.png,TRUE
312,A2W8ZODKKQ7RYP,cannott tell at all,https://langcog.stanford.edu/expts/BLL/kiddraw-recognitionRatings/sketches/phone/phone_sketch_6_E1c_1510690510319.png,phone,phone_sketch_6_E1c_1510690510319.png,6,1510690510319.png,FALSE
313,A2W8ZODKKQ7RYP,train,https://langcog.stanford.edu/expts/BLL/kiddraw-recognitionRatings/sketches/train/train_sketch_10_E1c_1510684833991.png,train,train_sketch_10_E1c_1510684833991.png,10,1510684833991.png,TRUE
314,A2W8ZODKKQ7RYP,chair,https://langcog.stanford.edu/expts/BLL/kiddraw-recognitionRatings/sketches/chair/chair_sketch_5_E1c_1510786719020.png,chair,chair_sketch_5_E1c_1510786719020.png,5,1510786719020.png,TRUE
315,A2W8ZODKKQ7RYP,train,https://langcog.stanford.edu/expts/BLL/kiddraw-recognitionRatings/sketches/train/train_sketch_8_E1c_1511300355318.png,train,train_sketch_8_E1c_1511300355318.png,8,1511300355318.png,TRUE
316,A2W8ZODKKQ7RYP,rabbit,https://langcog.stanford.edu/expts/BLL/kiddraw-recognitionRatings/sketches/rabbit/rabbit_sketch_8_E1c_1510690264523.png,rabbit,rabbit_sketch_8_E1c_1510690264523.png,8,1510690264523.png,TRUE
317,A2W8ZODKKQ7RYP,rabbit,https://langcog.stanford.edu/expts/BLL/kiddraw-recognitionRatings/sketches/cat/cat_sketch_8_E1c_1510870628731.png,cat,cat_sketch_8_E1c_1510870628731.png,8,1510870628731.png,FALSE
318,A2W8ZODKKQ7RYP,chair,https://langcog.stanford.edu/expts/BLL/kiddraw-recognitionRatings/sketches/shoe/shoe_sketch_8_E1c_1510870628731.png,shoe,shoe_sketch_8_E1c_1510870628731.png,8,1510870628731.png,FALSE
319,A2W8ZODKKQ7RYP,cat,https://langcog.stanford.edu/expts/BLL/kiddraw-recognitionRatings/sketches/cat/cat_sketch_10_E1c_1510783638074.png,cat,cat_sketch_10_E1c_1510783638074.png,10,1510783638074.png,TRUE
320,A2W8ZODKKQ7RYP,phone,https://langcog.stanford.edu/expts/BLL/kiddraw-recognitionRatings/sketches/train/train_sketch_4_E1c_1510268275436.png,train,train_sketch_4_E1c_1510268275436.png,4,1510268275436.png,FALSE
321,A2W8ZODKKQ7RYP,car,https://langcog.stanford.edu/expts/BLL/kiddraw-recognitionRatings/sketches/car/car_sketch_6_E1c_1511292022297.png,car,car_sketch_6_E1c_1511292022297.png,6,1511292022297.png,TRUE
322,A2W8ZODKKQ7RYP,chair,https://langcog.stanford.edu/expts/BLL/kiddraw-recognitionRatings/sketches/chair/chair_sketch_5_E1c_1511301440421.png,chair,chair_sketch_5_E1c_1511301440421.png,5,1511301440421.png,TRUE
323,A2W8ZODKKQ7RYP,cat,https://langcog.stanford.edu/expts/BLL/kiddraw-recognitionRatings/sketches/rabbit/rabbit_sketch_8_E1c_1510254933095.png,rabbit,rabbit_sketch_8_E1c_1510254933095.png,8,1510254933095.png,FALSE
324,A2W8ZODKKQ7RYP,carrot,https://langcog.stanford.edu/expts/BLL/kiddraw-recognitionRatings/sketches/carrot/carrot_sketch_8_E1c_1511300850043.png,carrot,carrot_sketch_8_E1c_1511300850043.png,8,1511300850043.png,TRUE
325,A2W8ZODKKQ7RYP,train,https://langcog.stanford.edu/expts/BLL/kiddraw-recognitionRatings/sketches/train/train_sketch_6_E1c_1510690510319.png,train,train_sketch_6_E1c_1510690510319.png,6,1510690510319.png,TRUE
326,A2W8ZODKKQ7RYP,cat,https://langcog.stanford.edu/expts/BLL/kiddraw-recognitionRatings/sketches/cat/cat_sketch_5_E1c_1510786719020.png,cat,cat_sketch_5_E1c_1510786719020.png,5,1510786719020.png,TRUE
327,A2W8ZODKKQ7RYP,ice cream,https://langcog.stanford.edu/expts/BLL/kiddraw-recognitionRatings/sketches/ice cream/ice cream_sketch_5_E1c_1511301440421.png,ice cream,ice cream_sketch_5_E1c_1511301440421.png,5,1511301440421.png,TRUE
328,A2W8ZODKKQ7RYP,boat,https://langcog.stanford.edu/expts/BLL/kiddraw-recognitionRatings/sketches/couch/couch_sketch_8_E1c_1510787010922.png,couch,couch_sketch_8_E1c_1510787010922.png,8,1510787010922.png,FALSE
329,A2W8ZODKKQ7RYP,ice cream,https://langcog.stanford.edu/expts/BLL/kiddraw-recognitionRatings/sketches/ice cream/ice cream_sketch_8_E1c_1511300850043.png,ice cream,ice cream_sketch_8_E1c_1511300850043.png,8,1511300850043.png,TRUE
330,A2W8ZODKKQ7RYP,carrot,https://langcog.stanford.edu/expts/BLL/kiddraw-recognitionRatings/sketches/carrot/carrot_sketch_7_E1c_1510870100423.png,carrot,carrot_sketch_7_E1c_1510870100423.png,7,1510870100423.png,TRUE
331,A2W8ZODKKQ7RYP,train,https://langcog.stanford.edu/expts/BLL/kiddraw-recognitionRatings/sketches/train/train_sketch_9_E1c_1510689458884.png,train,train_sketch_9_E1c_1510689458884.png,9,1510689458884.png,TRUE
332,A2W8ZODKKQ7RYP,bean,https://langcog.stanford.edu/expts/BLL/kiddraw-recognitionRatings/sketches/flower/flower_sketch_4_E1c_1510691847400.png,flower,flower_sketch_4_E1c_1510691847400.png,4,1510691847400.png,FALSE
333,A2W8ZODKKQ7RYP,bean,https://langcog.stanford.edu/expts/BLL/kiddraw-recognitionRatings/sketches/couch/couch_sketch_5_E1c_1510256904834.png,couch,couch_sketch_5_E1c_1510256904834.png,5,1510256904834.png,FALSE
334,A2W8ZODKKQ7RYP,cup,https://langcog.stanford.edu/expts/BLL/kiddraw-recognitionRatings/sketches/cup/cup_sketch_7_E1c_1511301634355.png,cup,cup_sketch_7_E1c_1511301634355.png,7,1511301634355.png,TRUE
335,A2W8ZODKKQ7RYP,cat,https://langcog.stanford.edu/expts/BLL/kiddraw-recognitionRatings/sketches/cat/cat_sketch_8_E1c_1510787010922.png,cat,cat_sketch_8_E1c_1510787010922.png,8,1510787010922.png,TRUE
336,A2W8ZODKKQ7RYP,flower,https://langcog.stanford.edu/expts/BLL/kiddraw-recognitionRatings/sketches/flower/flower_sketch_5_E1c_1510786719020.png,flower,flower_sketch_5_E1c_1510786719020.png,5,1510786719020.png,TRUE
337,A2W8ZODKKQ7RYP,cup,https://langcog.stanford.edu/expts/BLL/kiddraw-recognitionRatings/sketches/cup/cup_sketch_10_E1c_1511293452162.png,cup,cup_sketch_10_E1c_1511293452162.png,10,1511293452162.png,TRUE
338,A2W8ZODKKQ7RYP,flower,https://langcog.stanford.edu/expts/BLL/kiddraw-recognitionRatings/sketches/flower/flower_sketch_5_E1c_1510253748384.png,flower,flower_sketch_5_E1c_1510253748384.png,5,1510253748384.png,TRUE
339,A2W8ZODKKQ7RYP,chair,https://langcog.stanford.edu/expts/BLL/kiddraw-recognitionRatings/sketches/chair/chair_sketch_10_E1c_1511293452162.png,chair,chair_sketch_10_E1c_1511293452162.png,10,1511293452162.png,TRUE
340,A2W8ZODKKQ7RYP,foot,https://langcog.stanford.edu/expts/BLL/kiddraw-recognitionRatings/sketches/shoe/shoe_sketch_8_E1c_1510254933095.png,shoe,shoe_sketch_8_E1c_1510254933095.png,8,1510254933095.png,FALSE
341,A2W8ZODKKQ7RYP,flower,https://langcog.stanford.edu/expts/BLL/kiddraw-recognitionRatings/sketches/flower/flower_sketch_10_E1c_1511293452162.png,flower,flower_sketch_10_E1c_1511293452162.png,10,1511293452162.png,TRUE
342,A2W8ZODKKQ7RYP,rabbit,https://langcog.stanford.edu/expts/BLL/kiddraw-recognitionRatings/sketches/rabbit/rabbit_sketch_8_E1c_1511293924452.png,rabbit,rabbit_sketch_8_E1c_1511293924452.png,8,1511293924452.png,TRUE
343,A2W8ZODKKQ7RYP,bean,https://langcog.stanford.edu/expts/BLL/kiddraw-recognitionRatings/sketches/frog/frog_sketch_8_E1c_1510870628731.png,frog,frog_sketch_8_E1c_1510870628731.png,8,1510870628731.png,FALSE
344,A2W8ZODKKQ7RYP,cup,https://langcog.stanford.edu/expts/BLL/kiddraw-recognitionRatings/sketches/cup/cup_sketch_8_E1c_1510870628731.png,cup,cup_sketch_8_E1c_1510870628731.png,8,1510870628731.png,TRUE
345,A2W8ZODKKQ7RYP,rabbit,https://langcog.stanford.edu/expts/BLL/kiddraw-recognitionRatings/sketches/rabbit/rabbit_sketch_5_E1c_1510256904834.png,rabbit,rabbit_sketch_5_E1c_1510256904834.png,5,1510256904834.png,TRUE
346,A2W8ZODKKQ7RYP,cannott tell at all,https://langcog.stanford.edu/expts/BLL/kiddraw-recognitionRatings/sketches/banana/banana_sketch_4_E1c_1510691847400.png,banana,banana_sketch_4_E1c_1510691847400.png,4,1510691847400.png,FALSE
347,A2W8ZODKKQ7RYP,train,https://langcog.stanford.edu/expts/BLL/kiddraw-recognitionRatings/sketches/couch/couch_sketch_7_E1c_1511301634355.png,couch,couch_sketch_7_E1c_1511301634355.png,7,1511301634355.png,FALSE
348,A2W8ZODKKQ7RYP,chair,https://langcog.stanford.edu/expts/BLL/kiddraw-recognitionRatings/sketches/couch/couch_sketch_8_E1c_1510870628731.png,couch,couch_sketch_8_E1c_1510870628731.png,8,1510870628731.png,FALSE
349,A2W8ZODKKQ7RYP,flower,https://langcog.stanford.edu/expts/BLL/kiddraw-recognitionRatings/sketches/flower/flower_sketch_6_E1c_1510700570912.png,flower,flower_sketch_6_E1c_1510700570912.png,6,1510700570912.png,TRUE
350,A2W8ZODKKQ7RYP,phone,https://langcog.stanford.edu/expts/BLL/kiddraw-recognitionRatings/sketches/phone/phone_sketch_10_E1c_1510783638074.png,phone,phone_sketch_10_E1c_1510783638074.png,10,1510783638074.png,TRUE
351,A2W8ZODKKQ7RYP,ice cream,https://langcog.stanford.edu/expts/BLL/kiddraw-recognitionRatings/sketches/carrot/carrot_sketch_8_E1c_1510254933095.png,carrot,carrot_sketch_8_E1c_1510254933095.png,8,1510254933095.png,FALSE
352,A2W8ZODKKQ7RYP,train,https://langcog.stanford.edu/expts/BLL/kiddraw-recognitionRatings/sketches/train/train_sketch_7_E1c_1510870100423.png,train,train_sketch_7_E1c_1510870100423.png,7,1510870100423.png,TRUE
353,A2W8ZODKKQ7RYP,couch,https://langcog.stanford.edu/expts/BLL/kiddraw-recognitionRatings/sketches/couch/couch_sketch_6_E1c_1510783818788.png,couch,couch_sketch_6_E1c_1510783818788.png,6,1510783818788.png,TRUE
354,A2W8ZODKKQ7RYP,frog,https://langcog.stanford.edu/expts/BLL/kiddraw-recognitionRatings/sketches/frog/frog_sketch_8_E1c_1510787010922.png,frog,frog_sketch_8_E1c_1510787010922.png,8,1510787010922.png,TRUE
355,A2W8ZODKKQ7RYP,car,https://langcog.stanford.edu/expts/BLL/kiddraw-recognitionRatings/sketches/car/car_sketch_7_E1c_1511301009480.png,car,car_sketch_7_E1c_1511301009480.png,7,1511301009480.png,TRUE
356,A2W8ZODKKQ7RYP,frog,https://langcog.stanford.edu/expts/BLL/kiddraw-recognitionRatings/sketches/frog/frog_sketch_6_E1c_1510700570912.png,frog,frog_sketch_6_E1c_1510700570912.png,6,1510700570912.png,TRUE
357,A2W8ZODKKQ7RYP,shoe,https://langcog.stanford.edu/expts/BLL/kiddraw-recognitionRatings/sketches/shoe/shoe_sketch_10_E1c_1511301807087.png,shoe,shoe_sketch_10_E1c_1511301807087.png,10,1511301807087.png,TRUE
358,A2W8ZODKKQ7RYP,foot,https://langcog.stanford.edu/expts/BLL/kiddraw-recognitionRatings/sketches/foot/foot_sketch_5_E1c_1510786719020.png,foot,foot_sketch_5_E1c_1510786719020.png,5,1510786719020.png,TRUE
359,A2W8ZODKKQ7RYP,shoe,https://langcog.stanford.edu/expts/BLL/kiddraw-recognitionRatings/sketches/train/train_sketch_8_E1c_1510787010922.png,train,train_sketch_8_E1c_1510787010922.png,8,1510787010922.png,FALSE
360,A2W8ZODKKQ7RYP,ice cream,https://langcog.stanford.edu/expts/BLL/kiddraw-recognitionRatings/sketches/ice cream/ice cream_sketch_7_E1c_1510870100423.png,ice cream,ice cream_sketch_7_E1c_1510870100423.png,7,1510870100423.png,TRUE
361,A2W8ZODKKQ7RYP,foot,https://langcog.stanford.edu/expts/BLL/kiddraw-recognitionRatings/sketches/frog/frog_sketch_7_E1c_1510263944688.png,frog,frog_sketch_7_E1c_1510263944688.png,7,1510263944688.png,FALSE
362,A2W8ZODKKQ7RYP,chair,https://langcog.stanford.edu/expts/BLL/kiddraw-recognitionRatings/sketches/banana/banana_sketch_8_E1c_1510870628731.png,banana,banana_sketch_8_E1c_1510870628731.png,8,1510870628731.png,FALSE
363,A2W8ZODKKQ7RYP,flower,https://langcog.stanford.edu/expts/BLL/kiddraw-recognitionRatings/sketches/flower/flower_sketch_7_E1c_1510783353272.png,flower,flower_sketch_7_E1c_1510783353272.png,7,1510783353272.png,TRUE
364,A2W8ZODKKQ7RYP,flower,https://langcog.stanford.edu/expts/BLL/kiddraw-recognitionRatings/sketches/flower/flower_sketch_8_E1c_1510870628731.png,flower,flower_sketch_8_E1c_1510870628731.png,8,1510870628731.png,TRUE
365,A2W8ZODKKQ7RYP,bean,https://langcog.stanford.edu/expts/BLL/kiddraw-recognitionRatings/sketches/phone/phone_sketch_8_E1c_1510870628731.png,phone,phone_sketch_8_E1c_1510870628731.png,8,1510870628731.png,FALSE
366,A2W8ZODKKQ7RYP,shoe,https://langcog.stanford.edu/expts/BLL/kiddraw-recognitionRatings/sketches/shoe/shoe_sketch_6_E1c_1510695588717.png,shoe,shoe_sketch_6_E1c_1510695588717.png,6,1510695588717.png,TRUE
367,A2W8ZODKKQ7RYP,rock,https://langcog.stanford.edu/expts/BLL/kiddraw-recognitionRatings/sketches/carrot/carrot_sketch_5_E1c_1511301440421.png,carrot,carrot_sketch_5_E1c_1511301440421.png,5,1511301440421.png,FALSE
368,A2W8ZODKKQ7RYP,foot,https://langcog.stanford.edu/expts/BLL/kiddraw-recognitionRatings/sketches/shoe/shoe_sketch_5_E1c_1510256904834.png,shoe,shoe_sketch_5_E1c_1510256904834.png,5,1510256904834.png,FALSE
369,A2W8ZODKKQ7RYP,frog,https://langcog.stanford.edu/expts/BLL/kiddraw-recognitionRatings/sketches/frog/frog_sketch_8_E1c_1510262448790.png,frog,frog_sketch_8_E1c_1510262448790.png,8,1510262448790.png,TRUE
370,A2W8ZODKKQ7RYP,foot,https://langcog.stanford.edu/expts/BLL/kiddraw-recognitionRatings/sketches/banana/banana_sketch_8_E1c_1511300355318.png,banana,banana_sketch_8_E1c_1511300355318.png,8,1511300355318.png,FALSE
371,A2W8ZODKKQ7RYP,shoe,https://langcog.stanford.edu/expts/BLL/kiddraw-recognitionRatings/sketches/banana/banana_sketch_9_E1c_1510686242527.png,banana,banana_sketch_9_E1c_1510686242527.png,9,1510686242527.png,FALSE
372,A2W8ZODKKQ7RYP,banana,https://langcog.stanford.edu/expts/BLL/kiddraw-recognitionRatings/sketches/banana/banana_sketch_6_E1c_1511292286803.png,banana,banana_sketch_6_E1c_1511292286803.png,6,1511292286803.png,TRUE
373,A2W8ZODKKQ7RYP,frog,https://langcog.stanford.edu/expts/BLL/kiddraw-recognitionRatings/sketches/frog/frog_sketch_10_E1c_1511293452162.png,frog,frog_sketch_10_E1c_1511293452162.png,10,1511293452162.png,TRUE
374,A2W8ZODKKQ7RYP,chair,https://langcog.stanford.edu/expts/BLL/kiddraw-recognitionRatings/sketches/chair/chair_sketch_8_E1c_1510254933095.png,chair,chair_sketch_8_E1c_1510254933095.png,8,1510254933095.png,TRUE
375,A2W8ZODKKQ7RYP,flower,https://langcog.stanford.edu/expts/BLL/kiddraw-recognitionRatings/sketches/flower/flower_sketch_7_E1c_1511301009480.png,flower,flower_sketch_7_E1c_1511301009480.png,7,1511301009480.png,TRUE
376,A2W8ZODKKQ7RYP,car,https://langcog.stanford.edu/expts/BLL/kiddraw-recognitionRatings/sketches/train/train_sketch_5_E1c_1510253748384.png,train,train_sketch_5_E1c_1510253748384.png,5,1510253748384.png,FALSE
377,A2W8ZODKKQ7RYP,boat,https://langcog.stanford.edu/expts/BLL/kiddraw-recognitionRatings/sketches/boat/boat_sketch_6_E1c_1510783818788.png,boat,boat_sketch_6_E1c_1510783818788.png,6,1510783818788.png,TRUE
378,A2W8ZODKKQ7RYP,boat,https://langcog.stanford.edu/expts/BLL/kiddraw-recognitionRatings/sketches/boat/boat_sketch_10_E1c_1511293452162.png,boat,boat_sketch_10_E1c_1511293452162.png,10,1511293452162.png,TRUE
379,A2W8ZODKKQ7RYP,carrot,https://langcog.stanford.edu/expts/BLL/kiddraw-recognitionRatings/sketches/carrot/carrot_sketch_8_E1c_1511293754661.png,carrot,carrot_sketch_8_E1c_1511293754661.png,8,1511293754661.png,TRUE
380,A2W8ZODKKQ7RYP,flower,https://langcog.stanford.edu/expts/BLL/kiddraw-recognitionRatings/sketches/flower/flower_sketch_8_E1c_1511292658766.png,flower,flower_sketch_8_E1c_1511292658766.png,8,1511292658766.png,TRUE
381,A2W8ZODKKQ7RYP,banana,https://langcog.stanford.edu/expts/BLL/kiddraw-recognitionRatings/sketches/banana/banana_sketch_10_E1c_1511293452162.png,banana,banana_sketch_10_E1c_1511293452162.png,10,1511293452162.png,TRUE
382,A2W8ZODKKQ7RYP,rock,https://langcog.stanford.edu/expts/BLL/kiddraw-recognitionRatings/sketches/carrot/carrot_sketch_4_E1c_1510263067113.png,carrot,carrot_sketch_4_E1c_1510263067113.png,4,1510263067113.png,FALSE
383,A2W8ZODKKQ7RYP,train,https://langcog.stanford.edu/expts/BLL/kiddraw-recognitionRatings/sketches/train/train_sketch_5_E1c_1510870384576.png,train,train_sketch_5_E1c_1510870384576.png,5,1510870384576.png,TRUE
384,A2W8ZODKKQ7RYP,carrot,https://langcog.stanford.edu/expts/BLL/kiddraw-recognitionRatings/sketches/carrot/carrot_sketch_6_E1c_1510695588717.png,carrot,carrot_sketch_6_E1c_1510695588717.png,6,1510695588717.png,TRUE
385,A2W8ZODKKQ7RYP,bean,https://langcog.stanford.edu/expts/BLL/kiddraw-recognitionRatings/sketches/phone/phone_sketch_8_E1c_1511300850043.png,phone,phone_sketch_8_E1c_1511300850043.png,8,1511300850043.png,FALSE
386,A2W8ZODKKQ7RYP,chair,https://langcog.stanford.edu/expts/BLL/kiddraw-recognitionRatings/sketches/cup/cup_sketch_5_E1c_1510870384576.png,cup,cup_sketch_5_E1c_1510870384576.png,5,1510870384576.png,FALSE
387,A2W8ZODKKQ7RYP,rabbit,https://langcog.stanford.edu/expts/BLL/kiddraw-recognitionRatings/sketches/rabbit/rabbit_sketch_6_E1c_1511292286803.png,rabbit,rabbit_sketch_6_E1c_1511292286803.png,6,1511292286803.png,TRUE
388,A2W8ZODKKQ7RYP,train,https://langcog.stanford.edu/expts/BLL/kiddraw-recognitionRatings/sketches/train/train_sketch_10_E1c_1511301807087.png,train,train_sketch_10_E1c_1511301807087.png,10,1511301807087.png,TRUE
389,A2W8ZODKKQ7RYP,flower,https://langcog.stanford.edu/expts/BLL/kiddraw-recognitionRatings/sketches/flower/flower_sketch_8_E1c_1511293754661.png,flower,flower_sketch_8_E1c_1511293754661.png,8,1511293754661.png,TRUE
390,A2W8ZODKKQ7RYP,boat,https://langcog.stanford.edu/expts/BLL/kiddraw-recognitionRatings/sketches/boat/boat_sketch_6_E1c_1510700570912.png,boat,boat_sketch_6_E1c_1510700570912.png,6,1510700570912.png,TRUE
391,A2W8ZODKKQ7RYP,cup,https://langcog.stanford.edu/expts/BLL/kiddraw-recognitionRatings/sketches/cup/cup_sketch_10_E1c_1510684833991.png,cup,cup_sketch_10_E1c_1510684833991.png,10,1510684833991.png,TRUE
392,A2W8ZODKKQ7RYP,boat,https://langcog.stanford.edu/expts/BLL/kiddraw-recognitionRatings/sketches/boat/boat_sketch_10_E1c_1510684833991.png,boat,boat_sketch_10_E1c_1510684833991.png,10,1510684833991.png,TRUE
393,A2W8ZODKKQ7RYP,arm,https://langcog.stanford.edu/expts/BLL/kiddraw-recognitionRatings/sketches/foot/foot_sketch_6_E1c_1510782034963.png,foot,foot_sketch_6_E1c_1510782034963.png,6,1510782034963.png,FALSE
394,A2W8ZODKKQ7RYP,chair,https://langcog.stanford.edu/expts/BLL/kiddraw-recognitionRatings/sketches/chair/chair_sketch_10_E1c_1510684833991.png,chair,chair_sketch_10_E1c_1510684833991.png,10,1510684833991.png,TRUE
395,A2W8ZODKKQ7RYP,bean,https://langcog.stanford.edu/expts/BLL/kiddraw-recognitionRatings/sketches/banana/banana_sketch_5_E1c_1511301440421.png,banana,banana_sketch_5_E1c_1511301440421.png,5,1511301440421.png,FALSE
396,A2W8ZODKKQ7RYP,cat,https://langcog.stanford.edu/expts/BLL/kiddraw-recognitionRatings/sketches/rabbit/rabbit_sketch_10_E1c_1510684833991.png,rabbit,rabbit_sketch_10_E1c_1510684833991.png,10,1510684833991.png,FALSE
397,A2W8ZODKKQ7RYP,couch,https://langcog.stanford.edu/expts/BLL/kiddraw-recognitionRatings/sketches/couch/couch_sketch_5_E1c_1510786719020.png,couch,couch_sketch_5_E1c_1510786719020.png,5,1510786719020.png,TRUE
398,A2W8ZODKKQ7RYP,car,https://langcog.stanford.edu/expts/BLL/kiddraw-recognitionRatings/sketches/car/car_sketch_6_E1c_1510690510319.png,car,car_sketch_6_E1c_1510690510319.png,6,1510690510319.png,TRUE
399,A2W8ZODKKQ7RYP,chair,https://langcog.stanford.edu/expts/BLL/kiddraw-recognitionRatings/sketches/chair/chair_sketch_8_E1c_1511293924452.png,chair,chair_sketch_8_E1c_1511293924452.png,8,1511293924452.png,TRUE
400,A2W8ZODKKQ7RYP,banana,https://langcog.stanford.edu/expts/BLL/kiddraw-recognitionRatings/sketches/banana/banana_sketch_5_E1c_1510786719020.png,banana,banana_sketch_5_E1c_1510786719020.png,5,1510786719020.png,TRUE
401,A2W8ZODKKQ7RYP,cat,https://langcog.stanford.edu/expts/BLL/kiddraw-recognitionRatings/sketches/cat/cat_sketch_10_E1c_1511293452162.png,cat,cat_sketch_10_E1c_1511293452162.png,10,1511293452162.png,TRUE
402,A2W8ZODKKQ7RYP,boat,https://langcog.stanford.edu/expts/BLL/kiddraw-recognitionRatings/sketches/couch/couch_sketch_6_E1c_1510695588717.png,couch,couch_sketch_6_E1c_1510695588717.png,6,1510695588717.png,FALSE
403,A2W8ZODKKQ7RYP,ice cream,https://langcog.stanford.edu/expts/BLL/kiddraw-recognitionRatings/sketches/ice cream/ice cream_sketch_4_E1c_1510691847400.png,ice cream,ice cream_sketch_4_E1c_1510691847400.png,4,1510691847400.png,TRUE
404,A2W8ZODKKQ7RYP,ice cream,https://langcog.stanford.edu/expts/BLL/kiddraw-recognitionRatings/sketches/ice cream/ice cream_sketch_8_E1c_1510262448790.png,ice cream,ice cream_sketch_8_E1c_1510262448790.png,8,1510262448790.png,TRUE
405,A2W8ZODKKQ7RYP,foot,https://langcog.stanford.edu/expts/BLL/kiddraw-recognitionRatings/sketches/foot/foot_sketch_10_E1c_1510783638074.png,foot,foot_sketch_10_E1c_1510783638074.png,10,1510783638074.png,TRUE
406,A2W8ZODKKQ7RYP,ice cream,https://langcog.stanford.edu/expts/BLL/kiddraw-recognitionRatings/sketches/ice cream/ice cream_sketch_10_E1c_1510684833991.png,ice cream,ice cream_sketch_10_E1c_1510684833991.png,10,1510684833991.png,TRUE
407,A2W8ZODKKQ7RYP,phone,https://langcog.stanford.edu/expts/BLL/kiddraw-recognitionRatings/sketches/phone/phone_sketch_6_E1c_1510782034963.png,phone,phone_sketch_6_E1c_1510782034963.png,6,1510782034963.png,TRUE
408,A2W8ZODKKQ7RYP,car,https://langcog.stanford.edu/expts/BLL/kiddraw-recognitionRatings/sketches/car/car_sketch_10_E1c_1510783638074.png,car,car_sketch_10_E1c_1510783638074.png,10,1510783638074.png,TRUE
409,A2W8ZODKKQ7RYP,frog,https://langcog.stanford.edu/expts/BLL/kiddraw-recognitionRatings/sketches/frog/frog_sketch_10_E1c_1510684833991.png,frog,frog_sketch_10_E1c_1510684833991.png,10,1510684833991.png,TRUE
410,A2W8ZODKKQ7RYP,chair,https://langcog.stanford.edu/expts/BLL/kiddraw-recognitionRatings/sketches/chair/chair_sketch_7_E1c_1510783353272.png,chair,chair_sketch_7_E1c_1510783353272.png,7,1510783353272.png,TRUE
411,A2W8ZODKKQ7RYP,bean,https://langcog.stanford.edu/expts/BLL/kiddraw-recognitionRatings/sketches/cup/cup_sketch_8_E1c_1510787010922.png,cup,cup_sketch_8_E1c_1510787010922.png,8,1510787010922.png,FALSE
412,A2W8ZODKKQ7RYP,frog,https://langcog.stanford.edu/expts/BLL/kiddraw-recognitionRatings/sketches/frog/frog_sketch_6_E1c_1511293092153.png,frog,frog_sketch_6_E1c_1511293092153.png,6,1511293092153.png,TRUE
413,A2W8ZODKKQ7RYP,ice cream,https://langcog.stanford.edu/expts/BLL/kiddraw-recognitionRatings/sketches/ice cream/ice cream_sketch_6_E1c_1511292286803.png,ice cream,ice cream_sketch_6_E1c_1511292286803.png,6,1511292286803.png,TRUE
414,A2W8ZODKKQ7RYP,car,https://langcog.stanford.edu/expts/BLL/kiddraw-recognitionRatings/sketches/car/car_sketch_5_E1c_1511301440421.png,car,car_sketch_5_E1c_1511301440421.png,5,1511301440421.png,TRUE
415,A2W8ZODKKQ7RYP,phone,https://langcog.stanford.edu/expts/BLL/kiddraw-recognitionRatings/sketches/phone/phone_sketch_7_E1c_1511301009480.png,phone,phone_sketch_7_E1c_1511301009480.png,7,1511301009480.png,TRUE
416,A2W8ZODKKQ7RYP,chair,https://langcog.stanford.edu/expts/BLL/kiddraw-recognitionRatings/sketches/chair/chair_sketch_6_E1c_1510783818788.png,chair,chair_sketch_6_E1c_1510783818788.png,6,1510783818788.png,TRUE
417,A2W8ZODKKQ7RYP,train,https://langcog.stanford.edu/expts/BLL/kiddraw-recognitionRatings/sketches/train/train_sketch_6_E1c_1510783818788.png,train,train_sketch_6_E1c_1510783818788.png,6,1510783818788.png,TRUE
418,A2W8ZODKKQ7RYP,cup,https://langcog.stanford.edu/expts/BLL/kiddraw-recognitionRatings/sketches/cup/cup_sketch_8_E1c_1510690264523.png,cup,cup_sketch_8_E1c_1510690264523.png,8,1510690264523.png,TRUE
419,A2W8ZODKKQ7RYP,cup,https://langcog.stanford.edu/expts/BLL/kiddraw-recognitionRatings/sketches/cup/cup_sketch_9_E1c_1510689458884.png,cup,cup_sketch_9_E1c_1510689458884.png,9,1510689458884.png,TRUE
420,A2W8ZODKKQ7RYP,bean,https://langcog.stanford.edu/expts/BLL/kiddraw-recognitionRatings/sketches/boat/boat_sketch_5_E1c_1510253748384.png,boat,boat_sketch_5_E1c_1510253748384.png,5,1510253748384.png,FALSE
421,A2W8ZODKKQ7RYP,chair,https://langcog.stanford.edu/expts/BLL/kiddraw-recognitionRatings/sketches/chair/chair_sketch_6_E1c_1511293092153.png,chair,chair_sketch_6_E1c_1511293092153.png,6,1511293092153.png,TRUE
422,A2W8ZODKKQ7RYP,chair,https://langcog.stanford.edu/expts/BLL/kiddraw-recognitionRatings/sketches/shoe/shoe_sketch_8_E1c_1511300355318.png,shoe,shoe_sketch_8_E1c_1511300355318.png,8,1511300355318.png,FALSE
423,A2W8ZODKKQ7RYP,phone,https://langcog.stanford.edu/expts/BLL/kiddraw-recognitionRatings/sketches/phone/phone_sketch_8_E1c_1510254933095.png,phone,phone_sketch_8_E1c_1510254933095.png,8,1510254933095.png,TRUE
424,A2W8ZODKKQ7RYP,chair,https://langcog.stanford.edu/expts/BLL/kiddraw-recognitionRatings/sketches/couch/couch_sketch_10_E1c_1511301807087.png,couch,couch_sketch_10_E1c_1511301807087.png,10,1511301807087.png,FALSE
425,A2W8ZODKKQ7RYP,foot,https://langcog.stanford.edu/expts/BLL/kiddraw-recognitionRatings/sketches/foot/foot_sketch_10_E1c_1510684833991.png,foot,foot_sketch_10_E1c_1510684833991.png,10,1510684833991.png,TRUE
426,A2W8ZODKKQ7RYP,cat,https://langcog.stanford.edu/expts/BLL/kiddraw-recognitionRatings/sketches/cat/cat_sketch_8_E1c_1511300355318.png,cat,cat_sketch_8_E1c_1511300355318.png,8,1511300355318.png,TRUE
427,A2W8ZODKKQ7RYP,rabbit,https://langcog.stanford.edu/expts/BLL/kiddraw-recognitionRatings/sketches/rabbit/rabbit_sketch_6_E1c_1510253415559.png,rabbit,rabbit_sketch_6_E1c_1510253415559.png,6,1510253415559.png,TRUE
428,A2W8ZODKKQ7RYP,ice cream,https://langcog.stanford.edu/expts/BLL/kiddraw-recognitionRatings/sketches/ice cream/ice cream_sketch_7_E1c_1511301634355.png,ice cream,ice cream_sketch_7_E1c_1511301634355.png,7,1511301634355.png,TRUE
429,A2W8ZODKKQ7RYP,foot,https://langcog.stanford.edu/expts/BLL/kiddraw-recognitionRatings/sketches/shoe/shoe_sketch_5_E1c_1510786719020.png,shoe,shoe_sketch_5_E1c_1510786719020.png,5,1510786719020.png,FALSE
430,A2W8ZODKKQ7RYP,ice cream,https://langcog.stanford.edu/expts/BLL/kiddraw-recognitionRatings/sketches/ice cream/ice cream_sketch_8_E1c_1510254933095.png,ice cream,ice cream_sketch_8_E1c_1510254933095.png,8,1510254933095.png,TRUE
431,A2W8ZODKKQ7RYP,banana,https://langcog.stanford.edu/expts/BLL/kiddraw-recognitionRatings/sketches/banana/banana_sketch_10_E1c_1510684833991.png,banana,banana_sketch_10_E1c_1510684833991.png,10,1510684833991.png,TRUE
432,A2W8ZODKKQ7RYP,rabbit,https://langcog.stanford.edu/expts/BLL/kiddraw-recognitionRatings/sketches/rabbit/rabbit_sketch_8_E1c_1510870628731.png,rabbit,rabbit_sketch_8_E1c_1510870628731.png,8,1510870628731.png,TRUE
433,A2W8ZODKKQ7RYP,train,https://langcog.stanford.edu/expts/BLL/kiddraw-recognitionRatings/sketches/train/train_sketch_6_E1c_1511292286803.png,train,train_sketch_6_E1c_1511292286803.png,6,1511292286803.png,TRUE
434,A2W8ZODKKQ7RYP,shoe,https://langcog.stanford.edu/expts/BLL/kiddraw-recognitionRatings/sketches/ice cream/ice cream_sketch_5_E1c_1510253748384.png,ice cream,ice cream_sketch_5_E1c_1510253748384.png,5,1510253748384.png,FALSE
435,A2W8ZODKKQ7RYP,car,https://langcog.stanford.edu/expts/BLL/kiddraw-recognitionRatings/sketches/car/car_sketch_6_E1c_1510782034963.png,car,car_sketch_6_E1c_1510782034963.png,6,1510782034963.png,TRUE
436,A2W8ZODKKQ7RYP,ice cream,https://langcog.stanford.edu/expts/BLL/kiddraw-recognitionRatings/sketches/ice cream/ice cream_sketch_5_E1c_1510870384576.png,ice cream,ice cream_sketch_5_E1c_1510870384576.png,5,1510870384576.png,TRUE
437,A2W8ZODKKQ7RYP,carrot,https://langcog.stanford.edu/expts/BLL/kiddraw-recognitionRatings/sketches/chair/chair_sketch_4_E1c_1510252568116.png,chair,chair_sketch_4_E1c_1510252568116.png,4,1510252568116.png,FALSE
438,A2W8ZODKKQ7RYP,arm,https://langcog.stanford.edu/expts/BLL/kiddraw-recognitionRatings/sketches/foot/foot_sketch_8_E1c_1511293754661.png,foot,foot_sketch_8_E1c_1511293754661.png,8,1511293754661.png,FALSE
439,A2W8ZODKKQ7RYP,foot,https://langcog.stanford.edu/expts/BLL/kiddraw-recognitionRatings/sketches/shoe/shoe_sketch_6_E1c_1511292022297.png,shoe,shoe_sketch_6_E1c_1511292022297.png,6,1511292022297.png,FALSE
440,A2W8ZODKKQ7RYP,rabbit,https://langcog.stanford.edu/expts/BLL/kiddraw-recognitionRatings/sketches/rabbit/rabbit_sketch_6_E1c_1511292022297.png,rabbit,rabbit_sketch_6_E1c_1511292022297.png,6,1511292022297.png,TRUE
441,A2W8ZODKKQ7RYP,carrot,https://langcog.stanford.edu/expts/BLL/kiddraw-recognitionRatings/sketches/carrot/carrot_sketch_10_E1c_1510684833991.png,carrot,carrot_sketch_10_E1c_1510684833991.png,10,1510684833991.png,TRUE
442,A2W8ZODKKQ7RYP,arm,https://langcog.stanford.edu/expts/BLL/kiddraw-recognitionRatings/sketches/carrot/carrot_sketch_10_E1c_1510255462419.png,carrot,carrot_sketch_10_E1c_1510255462419.png,10,1510255462419.png,FALSE
443,A2W8ZODKKQ7RYP,chair,https://langcog.stanford.edu/expts/BLL/kiddraw-recognitionRatings/sketches/chair/chair_sketch_7_E1c_1510870100423.png,chair,chair_sketch_7_E1c_1510870100423.png,7,1510870100423.png,TRUE
444,A2W8ZODKKQ7RYP,rabbit,https://langcog.stanford.edu/expts/BLL/kiddraw-recognitionRatings/sketches/rabbit/rabbit_sketch_8_E1c_1511300850043.png,rabbit,rabbit_sketch_8_E1c_1511300850043.png,8,1511300850043.png,TRUE
445,A2W8ZODKKQ7RYP,cat,https://langcog.stanford.edu/expts/BLL/kiddraw-recognitionRatings/sketches/cat/cat_sketch_6_E1c_1510700570912.png,cat,cat_sketch_6_E1c_1510700570912.png,6,1510700570912.png,TRUE
446,A2W8ZODKKQ7RYP,boat,https://langcog.stanford.edu/expts/BLL/kiddraw-recognitionRatings/sketches/boat/boat_sketch_6_E1c_1510695588717.png,boat,boat_sketch_6_E1c_1510695588717.png,6,1510695588717.png,TRUE
447,A2W8ZODKKQ7RYP,foot,https://langcog.stanford.edu/expts/BLL/kiddraw-recognitionRatings/sketches/shoe/shoe_sketch_6_E1c_1510700570912.png,shoe,shoe_sketch_6_E1c_1510700570912.png,6,1510700570912.png,FALSE
448,A2W8ZODKKQ7RYP,frog,https://langcog.stanford.edu/expts/BLL/kiddraw-recognitionRatings/sketches/foot/foot_sketch_5_E1c_1511301440421.png,foot,foot_sketch_5_E1c_1511301440421.png,5,1511301440421.png,FALSE
449,A2W8ZODKKQ7RYP,couch,https://langcog.stanford.edu/expts/BLL/kiddraw-recognitionRatings/sketches/couch/couch_sketch_6_E1c_1511293092153.png,couch,couch_sketch_6_E1c_1511293092153.png,6,1511293092153.png,TRUE
450,A2W8ZODKKQ7RYP,shoe,https://langcog.stanford.edu/expts/BLL/kiddraw-recognitionRatings/sketches/shoe/shoe_sketch_10_E1c_1510255462419.png,shoe,shoe_sketch_10_E1c_1510255462419.png,10,1510255462419.png,TRUE
451,A2W8ZODKKQ7RYP,chair,https://langcog.stanford.edu/expts/BLL/kiddraw-recognitionRatings/sketches/chair/chair_sketch_6_E1c_1510690510319.png,chair,chair_sketch_6_E1c_1510690510319.png,6,1510690510319.png,TRUE
452,A2W8ZODKKQ7RYP,person,https://langcog.stanford.edu/expts/BLL/kiddraw-recognitionRatings/sketches/chair/chair_sketch_8_E1c_1510787010922.png,chair,chair_sketch_8_E1c_1510787010922.png,8,1510787010922.png,FALSE
453,A2W8ZODKKQ7RYP,rabbit,https://langcog.stanford.edu/expts/BLL/kiddraw-recognitionRatings/sketches/rabbit/rabbit_sketch_7_E1c_1510870100423.png,rabbit,rabbit_sketch_7_E1c_1510870100423.png,7,1510870100423.png,TRUE
454,A2W8ZODKKQ7RYP,bean,https://langcog.stanford.edu/expts/BLL/kiddraw-recognitionRatings/sketches/shoe/shoe_sketch_6_E1c_1511292286803.png,shoe,shoe_sketch_6_E1c_1511292286803.png,6,1511292286803.png,FALSE
455,A2W8ZODKKQ7RYP,cannott tell at all,https://langcog.stanford.edu/expts/BLL/kiddraw-recognitionRatings/sketches/car/car_sketch_8_E1c_1510787010922.png,car,car_sketch_8_E1c_1510787010922.png,8,1510787010922.png,FALSE
456,A2W8ZODKKQ7RYP,carrot,https://langcog.stanford.edu/expts/BLL/kiddraw-recognitionRatings/sketches/carrot/carrot_sketch_7_E1c_1510263944688.png,carrot,carrot_sketch_7_E1c_1510263944688.png,7,1510263944688.png,TRUE
457,A2W8ZODKKQ7RYP,cat,https://langcog.stanford.edu/expts/BLL/kiddraw-recognitionRatings/sketches/cat/cat_sketch_8_E1c_1511293924452.png,cat,cat_sketch_8_E1c_1511293924452.png,8,1511293924452.png,TRUE
458,A2W8ZODKKQ7RYP,foot,https://langcog.stanford.edu/expts/BLL/kiddraw-recognitionRatings/sketches/foot/foot_sketch_8_E1c_1510690264523.png,foot,foot_sketch_8_E1c_1510690264523.png,8,1510690264523.png,TRUE
459,A2W8ZODKKQ7RYP,couch,https://langcog.stanford.edu/expts/BLL/kiddraw-recognitionRatings/sketches/couch/couch_sketch_8_E1c_1510254933095.png,couch,couch_sketch_8_E1c_1510254933095.png,8,1510254933095.png,TRUE
460,A2W8ZODKKQ7RYP,frog,https://langcog.stanford.edu/expts/BLL/kiddraw-recognitionRatings/sketches/frog/frog_sketch_10_E1c_1510255462419.png,frog,frog_sketch_10_E1c_1510255462419.png,10,1510255462419.png,TRUE
461,A2W8ZODKKQ7RYP,banana,https://langcog.stanford.edu/expts/BLL/kiddraw-recognitionRatings/sketches/banana/banana_sketch_6_E1c_1510782034963.png,banana,banana_sketch_6_E1c_1510782034963.png,6,1510782034963.png,TRUE
462,A2W8ZODKKQ7RYP,boat,https://langcog.stanford.edu/expts/BLL/kiddraw-recognitionRatings/sketches/boat/boat_sketch_7_E1c_1511301009480.png,boat,boat_sketch_7_E1c_1511301009480.png,7,1511301009480.png,TRUE
463,A2W8ZODKKQ7RYP,phone,https://langcog.stanford.edu/expts/BLL/kiddraw-recognitionRatings/sketches/phone/phone_sketch_6_E1c_1510783818788.png,phone,phone_sketch_6_E1c_1510783818788.png,6,1510783818788.png,TRUE
464,A2W8ZODKKQ7RYP,flower,https://langcog.stanford.edu/expts/BLL/kiddraw-recognitionRatings/sketches/flower/flower_sketch_10_E1c_1510684833991.png,flower,flower_sketch_10_E1c_1510684833991.png,10,1510684833991.png,TRUE
465,A2W8ZODKKQ7RYP,boat,https://langcog.stanford.edu/expts/BLL/kiddraw-recognitionRatings/sketches/boat/boat_sketch_10_E1c_1511301807087.png,boat,boat_sketch_10_E1c_1511301807087.png,10,1511301807087.png,TRUE
466,A2W8ZODKKQ7RYP,boat,https://langcog.stanford.edu/expts/BLL/kiddraw-recognitionRatings/sketches/boat/boat_sketch_9_E1c_1510686242527.png,boat,boat_sketch_9_E1c_1510686242527.png,9,1510686242527.png,TRUE
467,A2W8ZODKKQ7RYP,boat,https://langcog.stanford.edu/expts/BLL/kiddraw-recognitionRatings/sketches/boat/boat_sketch_8_E1c_1511293924452.png,boat,boat_sketch_8_E1c_1511293924452.png,8,1511293924452.png,TRUE
468,A2W8ZODKKQ7RYP,frog,https://langcog.stanford.edu/expts/BLL/kiddraw-recognitionRatings/sketches/cup/cup_sketch_5_E1c_1510258311547.png,cup,cup_sketch_5_E1c_1510258311547.png,5,1510258311547.png,FALSE
469,A2W8ZODKKQ7RYP,train,https://langcog.stanford.edu/expts/BLL/kiddraw-recognitionRatings/sketches/train/train_sketch_6_E1c_1510782034963.png,train,train_sketch_6_E1c_1510782034963.png,6,1510782034963.png,TRUE
470,A2W8ZODKKQ7RYP,flower,https://langcog.stanford.edu/expts/BLL/kiddraw-recognitionRatings/sketches/flower/flower_sketch_9_E1c_1510689458884.png,flower,flower_sketch_9_E1c_1510689458884.png,9,1510689458884.png,TRUE
471,A2W8ZODKKQ7RYP,chair,https://langcog.stanford.edu/expts/BLL/kiddraw-recognitionRatings/sketches/frog/frog_sketch_5_E1c_1510258311547.png,frog,frog_sketch_5_E1c_1510258311547.png,5,1510258311547.png,FALSE
472,A2W8ZODKKQ7RYP,chair,https://langcog.stanford.edu/expts/BLL/kiddraw-recognitionRatings/sketches/chair/chair_sketch_6_E1c_1511292286803.png,chair,chair_sketch_6_E1c_1511292286803.png,6,1511292286803.png,TRUE
473,A2W8ZODKKQ7RYP,person,https://langcog.stanford.edu/expts/BLL/kiddraw-recognitionRatings/sketches/chair/chair_sketch_4_E1c_1510268275436.png,chair,chair_sketch_4_E1c_1510268275436.png,4,1510268275436.png,FALSE
474,A2W8ZODKKQ7RYP,couch,https://langcog.stanford.edu/expts/BLL/kiddraw-recognitionRatings/sketches/couch/couch_sketch_8_E1c_1511300355318.png,couch,couch_sketch_8_E1c_1511300355318.png,8,1511300355318.png,TRUE
475,A2W8ZODKKQ7RYP,frog,https://langcog.stanford.edu/expts/BLL/kiddraw-recognitionRatings/sketches/frog/frog_sketch_8_E1c_1510690264523.png,frog,frog_sketch_8_E1c_1510690264523.png,8,1510690264523.png,TRUE
476,A2W8ZODKKQ7RYP,person,https://langcog.stanford.edu/expts/BLL/kiddraw-recognitionRatings/sketches/rabbit/rabbit_sketch_8_E1c_1510787010922.png,rabbit,rabbit_sketch_8_E1c_1510787010922.png,8,1510787010922.png,FALSE
477,A2W8ZODKKQ7RYP,flower,https://langcog.stanford.edu/expts/BLL/kiddraw-recognitionRatings/sketches/flower/flower_sketch_8_E1c_1511300355318.png,flower,flower_sketch_8_E1c_1511300355318.png,8,1511300355318.png,TRUE
478,A2W8ZODKKQ7RYP,chair,https://langcog.stanford.edu/expts/BLL/kiddraw-recognitionRatings/sketches/phone/phone_sketch_4_E1c_1510252568116.png,phone,phone_sketch_4_E1c_1510252568116.png,4,1510252568116.png,FALSE
479,A2W8ZODKKQ7RYP,shoe,https://langcog.stanford.edu/expts/BLL/kiddraw-recognitionRatings/sketches/shoe/shoe_sketch_8_E1c_1510262448790.png,shoe,shoe_sketch_8_E1c_1510262448790.png,8,1510262448790.png,TRUE
480,A2W8ZODKKQ7RYP,cat,https://langcog.stanford.edu/expts/BLL/kiddraw-recognitionRatings/sketches/cat/cat_sketch_10_E1c_1510684833991.png,cat,cat_sketch_10_E1c_1510684833991.png,10,1510684833991.png,TRUE
481,A2W8ZODKKQ7RYP,rabbit,https://langcog.stanford.edu/expts/BLL/kiddraw-recognitionRatings/sketches/rabbit/rabbit_sketch_6_E1c_1510783818788.png,rabbit,rabbit_sketch_6_E1c_1510783818788.png,6,1510783818788.png,TRUE
482,A2W8ZODKKQ7RYP,car,https://langcog.stanford.edu/expts/BLL/kiddraw-recognitionRatings/sketches/car/car_sketch_6_E1c_1511293092153.png,car,car_sketch_6_E1c_1511293092153.png,6,1511293092153.png,TRUE
483,A2W8ZODKKQ7RYP,boat,https://langcog.stanford.edu/expts/BLL/kiddraw-recognitionRatings/sketches/boat/boat_sketch_8_E1c_1510870628731.png,boat,boat_sketch_8_E1c_1510870628731.png,8,1510870628731.png,TRUE
484,A2W8ZODKKQ7RYP,phone,https://langcog.stanford.edu/expts/BLL/kiddraw-recognitionRatings/sketches/phone/phone_sketch_8_E1c_1510690264523.png,phone,phone_sketch_8_E1c_1510690264523.png,8,1510690264523.png,TRUE
485,A2W8ZODKKQ7RYP,cup,https://langcog.stanford.edu/expts/BLL/kiddraw-recognitionRatings/sketches/cup/cup_sketch_6_E1c_1510695588717.png,cup,cup_sketch_6_E1c_1510695588717.png,6,1510695588717.png,TRUE
486,A2W8ZODKKQ7RYP,frog,https://langcog.stanford.edu/expts/BLL/kiddraw-recognitionRatings/sketches/foot/foot_sketch_5_E1c_1510258311547.png,foot,foot_sketch_5_E1c_1510258311547.png,5,1510258311547.png,FALSE
487,A2W8ZODKKQ7RYP,train,https://langcog.stanford.edu/expts/BLL/kiddraw-recognitionRatings/sketches/train/train_sketch_7_E1c_1510263944688.png,train,train_sketch_7_E1c_1510263944688.png,7,1510263944688.png,TRUE
488,A2W8ZODKKQ7RYP,phone,https://langcog.stanford.edu/expts/BLL/kiddraw-recognitionRatings/sketches/phone/phone_sketch_10_E1c_1510684833991.png,phone,phone_sketch_10_E1c_1510684833991.png,10,1510684833991.png,TRUE
489,A2W8ZODKKQ7RYP,frog,https://langcog.stanford.edu/expts/BLL/kiddraw-recognitionRatings/sketches/frog/frog_sketch_8_E1c_1511293924452.png,frog,frog_sketch_8_E1c_1511293924452.png,8,1511293924452.png,TRUE
490,A2W8ZODKKQ7RYP,bean,https://langcog.stanford.edu/expts/BLL/kiddraw-recognitionRatings/sketches/car/car_sketch_4_E1c_1510263067113.png,car,car_sketch_4_E1c_1510263067113.png,4,1510263067113.png,FALSE
491,A2W8ZODKKQ7RYP,ice cream,https://langcog.stanford.edu/expts/BLL/kiddraw-recognitionRatings/sketches/ice cream/ice cream_sketch_10_E1c_1510783638074.png,ice cream,ice cream_sketch_10_E1c_1510783638074.png,10,1510783638074.png,TRUE
492,A2W8ZODKKQ7RYP,cup,https://langcog.stanford.edu/expts/BLL/kiddraw-recognitionRatings/sketches/phone/phone_sketch_5_E1c_1511301440421.png,phone,phone_sketch_5_E1c_1511301440421.png,5,1511301440421.png,FALSE
493,A2W8ZODKKQ7RYP,chair,https://langcog.stanford.edu/expts/BLL/kiddraw-recognitionRatings/sketches/chair/chair_sketch_8_E1c_1510870628731.png,chair,chair_sketch_8_E1c_1510870628731.png,8,1510870628731.png,TRUE
494,A2W8ZODKKQ7RYP,train,https://langcog.stanford.edu/expts/BLL/kiddraw-recognitionRatings/sketches/couch/couch_sketch_8_E1c_1511293754661.png,couch,couch_sketch_8_E1c_1511293754661.png,8,1511293754661.png,FALSE
495,A2W8ZODKKQ7RYP,arm,https://langcog.stanford.edu/expts/BLL/kiddraw-recognitionRatings/sketches/foot/foot_sketch_8_E1c_1510262448790.png,foot,foot_sketch_8_E1c_1510262448790.png,8,1510262448790.png,FALSE
496,A2W8ZODKKQ7RYP,cat,https://langcog.stanford.edu/expts/BLL/kiddraw-recognitionRatings/sketches/cat/cat_sketch_8_E1c_1511300850043.png,cat,cat_sketch_8_E1c_1511300850043.png,8,1511300850043.png,TRUE
497,A2W8ZODKKQ7RYP,shoe,https://langcog.stanford.edu/expts/BLL/kiddraw-recognitionRatings/sketches/train/train_sketch_5_E1c_1510258311547.png,train,train_sketch_5_E1c_1510258311547.png,5,1510258311547.png,FALSE
498,A2W8ZODKKQ7RYP,train,https://langcog.stanford.edu/expts/BLL/kiddraw-recognitionRatings/sketches/train/train_sketch_5_E1c_1510786719020.png,train,train_sketch_5_E1c_1510786719020.png,5,1510786719020.png,TRUE
499,A2W8ZODKKQ7RYP,banana,https://langcog.stanford.edu/expts/BLL/kiddraw-recognitionRatings/sketches/banana/banana_sketch_6_E1c_1511293092153.png,banana,banana_sketch_6_E1c_1511293092153.png,6,1511293092153.png,TRUE
500,A2W8ZODKKQ7RYP,carrot,https://langcog.stanford.edu/expts/BLL/kiddraw-recognitionRatings/sketches/carrot/carrot_sketch_10_E1c_1511301807087.png,carrot,carrot_sketch_10_E1c_1511301807087.png,10,1511301807087.png,TRUE
501,A2W8ZODKKQ7RYP,carrot,https://langcog.stanford.edu/expts/BLL/kiddraw-recognitionRatings/sketches/carrot/carrot_sketch_7_E1c_1511301634355.png,carrot,carrot_sketch_7_E1c_1511301634355.png,7,1511301634355.png,TRUE
502,A2W8ZODKKQ7RYP,person,https://langcog.stanford.edu/expts/BLL/kiddraw-recognitionRatings/sketches/ice cream/ice cream_sketch_8_E1c_1511300355318.png,ice cream,ice cream_sketch_8_E1c_1511300355318.png,8,1511300355318.png,FALSE
503,A2W8ZODKKQ7RYP,frog,https://langcog.stanford.edu/expts/BLL/kiddraw-recognitionRatings/sketches/frog/frog_sketch_8_E1c_1511293754661.png,frog,frog_sketch_8_E1c_1511293754661.png,8,1511293754661.png,TRUE
504,A2W8ZODKKQ7RYP,phone,https://langcog.stanford.edu/expts/BLL/kiddraw-recognitionRatings/sketches/phone/phone_sketch_7_E1c_1510870100423.png,phone,phone_sketch_7_E1c_1510870100423.png,7,1510870100423.png,TRUE
505,A2W8ZODKKQ7RYP,rabbit,https://langcog.stanford.edu/expts/BLL/kiddraw-recognitionRatings/sketches/rabbit/rabbit_sketch_8_E1c_1511300355318.png,rabbit,rabbit_sketch_8_E1c_1511300355318.png,8,1511300355318.png,TRUE
506,A2W8ZODKKQ7RYP,couch,https://langcog.stanford.edu/expts/BLL/kiddraw-recognitionRatings/sketches/couch/couch_sketch_10_E1c_1510684833991.png,couch,couch_sketch_10_E1c_1510684833991.png,10,1510684833991.png,TRUE
507,A2W8ZODKKQ7RYP,banana,https://langcog.stanford.edu/expts/BLL/kiddraw-recognitionRatings/sketches/banana/banana_sketch_5_E1c_1510253748384.png,banana,banana_sketch_5_E1c_1510253748384.png,5,1510253748384.png,TRUE
508,A2W8ZODKKQ7RYP,carrot,https://langcog.stanford.edu/expts/BLL/kiddraw-recognitionRatings/sketches/carrot/carrot_sketch_10_E1c_1511293452162.png,carrot,carrot_sketch_10_E1c_1511293452162.png,10,1511293452162.png,TRUE
509,A2W8ZODKKQ7RYP,frog,https://langcog.stanford.edu/expts/BLL/kiddraw-recognitionRatings/sketches/frog/frog_sketch_6_E1c_1510782034963.png,frog,frog_sketch_6_E1c_1510782034963.png,6,1510782034963.png,TRUE
510,A2W8ZODKKQ7RYP,rock,https://langcog.stanford.edu/expts/BLL/kiddraw-recognitionRatings/sketches/foot/foot_sketch_4_E1c_1510252568116.png,foot,foot_sketch_4_E1c_1510252568116.png,4,1510252568116.png,FALSE
511,A2W8ZODKKQ7RYP,car,https://langcog.stanford.edu/expts/BLL/kiddraw-recognitionRatings/sketches/car/car_sketch_6_E1c_1510253415559.png,car,car_sketch_6_E1c_1510253415559.png,6,1510253415559.png,TRUE
512,A2W8ZODKKQ7RYP,car,https://langcog.stanford.edu/expts/BLL/kiddraw-recognitionRatings/sketches/car/car_sketch_5_E1c_1510870384576.png,car,car_sketch_5_E1c_1510870384576.png,5,1510870384576.png,TRUE
513,A2W8ZODKKQ7RYP,bean,https://langcog.stanford.edu/expts/BLL/kiddraw-recognitionRatings/sketches/shoe/shoe_sketch_5_E1c_1510870384576.png,shoe,shoe_sketch_5_E1c_1510870384576.png,5,1510870384576.png,FALSE
514,A2W8ZODKKQ7RYP,cat,https://langcog.stanford.edu/expts/BLL/kiddraw-recognitionRatings/sketches/cat/cat_sketch_8_E1c_1510690264523.png,cat,cat_sketch_8_E1c_1510690264523.png,8,1510690264523.png,TRUE
515,A2W8ZODKKQ7RYP,foot,https://langcog.stanford.edu/expts/BLL/kiddraw-recognitionRatings/sketches/foot/foot_sketch_8_E1c_1510787010922.png,foot,foot_sketch_8_E1c_1510787010922.png,8,1510787010922.png,TRUE
516,A2W8ZODKKQ7RYP,person,https://langcog.stanford.edu/expts/BLL/kiddraw-recognitionRatings/sketches/rabbit/rabbit_sketch_4_E1c_1510263067113.png,rabbit,rabbit_sketch_4_E1c_1510263067113.png,4,1510263067113.png,FALSE
517,A2W8ZODKKQ7RYP,car,https://langcog.stanford.edu/expts/BLL/kiddraw-recognitionRatings/sketches/car/car_sketch_8_E1c_1511293754661.png,car,car_sketch_8_E1c_1511293754661.png,8,1511293754661.png,TRUE
518,A2W8ZODKKQ7RYP,foot,https://langcog.stanford.edu/expts/BLL/kiddraw-recognitionRatings/sketches/foot/foot_sketch_5_E1c_1510256904834.png,foot,foot_sketch_5_E1c_1510256904834.png,5,1510256904834.png,TRUE
519,A2W8ZODKKQ7RYP,car,https://langcog.stanford.edu/expts/BLL/kiddraw-recognitionRatings/sketches/rabbit/rabbit_sketch_9_E1c_1510686242527.png,rabbit,rabbit_sketch_9_E1c_1510686242527.png,9,1510686242527.png,FALSE
520,A2W8ZODKKQ7RYP,boat,https://langcog.stanford.edu/expts/BLL/kiddraw-recognitionRatings/sketches/boat/boat_sketch_8_E1c_1511292658766.png,boat,boat_sketch_8_E1c_1511292658766.png,8,1511292658766.png,TRUE
521,A2W8ZODKKQ7RYP,ice cream,https://langcog.stanford.edu/expts/BLL/kiddraw-recognitionRatings/sketches/carrot/carrot_sketch_9_E1c_1510686242527.png,carrot,carrot_sketch_9_E1c_1510686242527.png,9,1510686242527.png,FALSE
522,A2W8ZODKKQ7RYP,foot,https://langcog.stanford.edu/expts/BLL/kiddraw-recognitionRatings/sketches/car/car_sketch_5_E1c_1510786719020.png,car,car_sketch_5_E1c_1510786719020.png,5,1510786719020.png,FALSE
523,A2W8ZODKKQ7RYP,phone,https://langcog.stanford.edu/expts/BLL/kiddraw-recognitionRatings/sketches/phone/phone_sketch_10_E1c_1511293452162.png,phone,phone_sketch_10_E1c_1511293452162.png,10,1511293452162.png,TRUE
524,A2W8ZODKKQ7RYP,bean,https://langcog.stanford.edu/expts/BLL/kiddraw-recognitionRatings/sketches/couch/couch_sketch_4_E1c_1510268275436.png,couch,couch_sketch_4_E1c_1510268275436.png,4,1510268275436.png,FALSE
525,A2W8ZODKKQ7RYP,car,https://langcog.stanford.edu/expts/BLL/kiddraw-recognitionRatings/sketches/car/car_sketch_6_E1c_1510695588717.png,car,car_sketch_6_E1c_1510695588717.png,6,1510695588717.png,TRUE
526,A2W8ZODKKQ7RYP,chair,https://langcog.stanford.edu/expts/BLL/kiddraw-recognitionRatings/sketches/chair/chair_sketch_10_E1c_1511301807087.png,chair,chair_sketch_10_E1c_1511301807087.png,10,1511301807087.png,TRUE
527,A2W8ZODKKQ7RYP,phone,https://langcog.stanford.edu/expts/BLL/kiddraw-recognitionRatings/sketches/phone/phone_sketch_7_E1c_1511301634355.png,phone,phone_sketch_7_E1c_1511301634355.png,7,1511301634355.png,TRUE
528,A2W8ZODKKQ7RYP,train,https://langcog.stanford.edu/expts/BLL/kiddraw-recognitionRatings/sketches/train/train_sketch_6_E1c_1511293092153.png,train,train_sketch_6_E1c_1511293092153.png,6,1511293092153.png,TRUE
529,A2W8ZODKKQ7RYP,chair,https://langcog.stanford.edu/expts/BLL/kiddraw-recognitionRatings/sketches/chair/chair_sketch_5_E1c_1510253748384.png,chair,chair_sketch_5_E1c_1510253748384.png,5,1510253748384.png,TRUE
530,A2W8ZODKKQ7RYP,ice cream,https://langcog.stanford.edu/expts/BLL/kiddraw-recognitionRatings/sketches/carrot/carrot_sketch_5_E1c_1510786719020.png,carrot,carrot_sketch_5_E1c_1510786719020.png,5,1510786719020.png,FALSE
531,A2W8ZODKKQ7RYP,ice cream,https://langcog.stanford.edu/expts/BLL/kiddraw-recognitionRatings/sketches/ice cream/ice cream_sketch_8_E1c_1510787010922.png,ice cream,ice cream_sketch_8_E1c_1510787010922.png,8,1510787010922.png,TRUE
532,A2W8ZODKKQ7RYP,train,https://langcog.stanford.edu/expts/BLL/kiddraw-recognitionRatings/sketches/train/train_sketch_8_E1c_1510870628731.png,train,train_sketch_8_E1c_1510870628731.png,8,1510870628731.png,TRUE
533,A2W8ZODKKQ7RYP,carrot,https://langcog.stanford.edu/expts/BLL/kiddraw-recognitionRatings/sketches/carrot/carrot_sketch_9_E1c_1510689458884.png,carrot,carrot_sketch_9_E1c_1510689458884.png,9,1510689458884.png,TRUE
534,A2W8ZODKKQ7RYP,frog,https://langcog.stanford.edu/expts/BLL/kiddraw-recognitionRatings/sketches/boat/boat_sketch_5_E1c_1510258311547.png,boat,boat_sketch_5_E1c_1510258311547.png,5,1510258311547.png,FALSE
535,A2W8ZODKKQ7RYP,bean,https://langcog.stanford.edu/expts/BLL/kiddraw-recognitionRatings/sketches/carrot/carrot_sketch_4_E1c_1510268275436.png,carrot,carrot_sketch_4_E1c_1510268275436.png,4,1510268275436.png,FALSE
536,A2W8ZODKKQ7RYP,car,https://langcog.stanford.edu/expts/BLL/kiddraw-recognitionRatings/sketches/train/train_sketch_7_E1c_1510783353272.png,train,train_sketch_7_E1c_1510783353272.png,7,1510783353272.png,FALSE
537,A2W8ZODKKQ7RYP,foot,https://langcog.stanford.edu/expts/BLL/kiddraw-recognitionRatings/sketches/foot/foot_sketch_6_E1c_1511292022297.png,foot,foot_sketch_6_E1c_1511292022297.png,6,1511292022297.png,TRUE
538,A2W8ZODKKQ7RYP,bean,https://langcog.stanford.edu/expts/BLL/kiddraw-recognitionRatings/sketches/boat/boat_sketch_8_E1c_1510787010922.png,boat,boat_sketch_8_E1c_1510787010922.png,8,1510787010922.png,FALSE
539,A2W8ZODKKQ7RYP,frog,https://langcog.stanford.edu/expts/BLL/kiddraw-recognitionRatings/sketches/frog/frog_sketch_5_E1c_1510256904834.png,frog,frog_sketch_5_E1c_1510256904834.png,5,1510256904834.png,TRUE
540,A2W8ZODKKQ7RYP,boat,https://langcog.stanford.edu/expts/BLL/kiddraw-recognitionRatings/sketches/cup/cup_sketch_8_E1c_1510254933095.png,cup,cup_sketch_8_E1c_1510254933095.png,8,1510254933095.png,FALSE
541,A2W8ZODKKQ7RYP,boat,https://langcog.stanford.edu/expts/BLL/kiddraw-recognitionRatings/sketches/boat/boat_sketch_6_E1c_1511292286803.png,boat,boat_sketch_6_E1c_1511292286803.png,6,1511292286803.png,TRUE
542,A2W8ZODKKQ7RYP,banana,https://langcog.stanford.edu/expts/BLL/kiddraw-recognitionRatings/sketches/banana/banana_sketch_8_E1c_1511292658766.png,banana,banana_sketch_8_E1c_1511292658766.png,8,1511292658766.png,TRUE
543,A2W8ZODKKQ7RYP,foot,https://langcog.stanford.edu/expts/BLL/kiddraw-recognitionRatings/sketches/foot/foot_sketch_8_E1c_1510254933095.png,foot,foot_sketch_8_E1c_1510254933095.png,8,1510254933095.png,TRUE
544,A2W8ZODKKQ7RYP,flower,https://langcog.stanford.edu/expts/BLL/kiddraw-recognitionRatings/sketches/flower/flower_sketch_10_E1c_1510783638074.png,flower,flower_sketch_10_E1c_1510783638074.png,10,1510783638074.png,TRUE
545,A2W8ZODKKQ7RYP,cat,https://langcog.stanford.edu/expts/BLL/kiddraw-recognitionRatings/sketches/cat/cat_sketch_8_E1c_1511292658766.png,cat,cat_sketch_8_E1c_1511292658766.png,8,1511292658766.png,TRUE
546,A2W8ZODKKQ7RYP,ice cream,https://langcog.stanford.edu/expts/BLL/kiddraw-recognitionRatings/sketches/ice cream/ice cream_sketch_6_E1c_1510700570912.png,ice cream,ice cream_sketch_6_E1c_1510700570912.png,6,1510700570912.png,TRUE
547,A2W8ZODKKQ7RYP,foot,https://langcog.stanford.edu/expts/BLL/kiddraw-recognitionRatings/sketches/foot/foot_sketch_6_E1c_1511292286803.png,foot,foot_sketch_6_E1c_1511292286803.png,6,1511292286803.png,TRUE
548,A2W8ZODKKQ7RYP,phone,https://langcog.stanford.edu/expts/BLL/kiddraw-recognitionRatings/sketches/phone/phone_sketch_7_E1c_1510263944688.png,phone,phone_sketch_7_E1c_1510263944688.png,7,1510263944688.png,TRUE
549,A2W8ZODKKQ7RYP,flower,https://langcog.stanford.edu/expts/BLL/kiddraw-recognitionRatings/sketches/flower/flower_sketch_8_E1c_1510262448790.png,flower,flower_sketch_8_E1c_1510262448790.png,8,1510262448790.png,TRUE
550,A2W8ZODKKQ7RYP,cup,https://langcog.stanford.edu/expts/BLL/kiddraw-recognitionRatings/sketches/cup/cup_sketch_8_E1c_1511293924452.png,cup,cup_sketch_8_E1c_1511293924452.png,8,1511293924452.png,TRUE
551,A2W8ZODKKQ7RYP,boat,https://langcog.stanford.edu/expts/BLL/kiddraw-recognitionRatings/sketches/boat/boat_sketch_8_E1c_1511300355318.png,boat,boat_sketch_8_E1c_1511300355318.png,8,1511300355318.png,TRUE
552,A2W8ZODKKQ7RYP,bean,https://langcog.stanford.edu/expts/BLL/kiddraw-recognitionRatings/sketches/banana/banana_sketch_8_E1c_1510787010922.png,banana,banana_sketch_8_E1c_1510787010922.png,8,1510787010922.png,FALSE
553,A2W8ZODKKQ7RYP,chair,https://langcog.stanford.edu/expts/BLL/kiddraw-recognitionRatings/sketches/chair/chair_sketch_8_E1c_1510690264523.png,chair,chair_sketch_8_E1c_1510690264523.png,8,1510690264523.png,TRUE
554,A2W8ZODKKQ7RYP,banana,https://langcog.stanford.edu/expts/BLL/kiddraw-recognitionRatings/sketches/banana/banana_sketch_7_E1c_1511301009480.png,banana,banana_sketch_7_E1c_1511301009480.png,7,1511301009480.png,TRUE
555,A2W8ZODKKQ7RYP,shoe,https://langcog.stanford.edu/expts/BLL/kiddraw-recognitionRatings/sketches/shoe/shoe_sketch_7_E1c_1511301634355.png,shoe,shoe_sketch_7_E1c_1511301634355.png,7,1511301634355.png,TRUE
556,A2W8ZODKKQ7RYP,bean,https://langcog.stanford.edu/expts/BLL/kiddraw-recognitionRatings/sketches/shoe/shoe_sketch_7_E1c_1510263944688.png,shoe,shoe_sketch_7_E1c_1510263944688.png,7,1510263944688.png,FALSE
557,A2W8ZODKKQ7RYP,train,https://langcog.stanford.edu/expts/BLL/kiddraw-recognitionRatings/sketches/train/train_sketch_6_E1c_1510253415559.png,train,train_sketch_6_E1c_1510253415559.png,6,1510253415559.png,TRUE
558,A2W8ZODKKQ7RYP,phone,https://langcog.stanford.edu/expts/BLL/kiddraw-recognitionRatings/sketches/phone/phone_sketch_8_E1c_1511293924452.png,phone,phone_sketch_8_E1c_1511293924452.png,8,1511293924452.png,TRUE
559,A2W8ZODKKQ7RYP,rabbit,https://langcog.stanford.edu/expts/BLL/kiddraw-recognitionRatings/sketches/cat/cat_sketch_8_E1c_1510254933095.png,cat,cat_sketch_8_E1c_1510254933095.png,8,1510254933095.png,FALSE
560,A2W8ZODKKQ7RYP,train,https://langcog.stanford.edu/expts/BLL/kiddraw-recognitionRatings/sketches/train/train_sketch_6_E1c_1510700570912.png,train,train_sketch_6_E1c_1510700570912.png,6,1510700570912.png,TRUE
561,A2W8ZODKKQ7RYP,bean,https://langcog.stanford.edu/expts/BLL/kiddraw-recognitionRatings/sketches/boat/boat_sketch_5_E1c_1510786719020.png,boat,boat_sketch_5_E1c_1510786719020.png,5,1510786719020.png,FALSE
562,A2W8ZODKKQ7RYP,arm,https://langcog.stanford.edu/expts/BLL/kiddraw-recognitionRatings/sketches/foot/foot_sketch_4_E1c_1510691847400.png,foot,foot_sketch_4_E1c_1510691847400.png,4,1510691847400.png,FALSE
563,A2W8ZODKKQ7RYP,phone,https://langcog.stanford.edu/expts/BLL/kiddraw-recognitionRatings/sketches/cup/cup_sketch_6_E1c_1510690510319.png,cup,cup_sketch_6_E1c_1510690510319.png,6,1510690510319.png,FALSE
564,A2W8ZODKKQ7RYP,flower,https://langcog.stanford.edu/expts/BLL/kiddraw-recognitionRatings/sketches/flower/flower_sketch_8_E1c_1511293924452.png,flower,flower_sketch_8_E1c_1511293924452.png,8,1511293924452.png,TRUE
565,A2W8ZODKKQ7RYP,flower,https://langcog.stanford.edu/expts/BLL/kiddraw-recognitionRatings/sketches/flower/flower_sketch_8_E1c_1510254933095.png,flower,flower_sketch_8_E1c_1510254933095.png,8,1510254933095.png,TRUE
566,A2W8ZODKKQ7RYP,phone,https://langcog.stanford.edu/expts/BLL/kiddraw-recognitionRatings/sketches/phone/phone_sketch_7_E1c_1510783353272.png,phone,phone_sketch_7_E1c_1510783353272.png,7,1510783353272.png,TRUE
567,A2W8ZODKKQ7RYP,ice cream,https://langcog.stanford.edu/expts/BLL/kiddraw-recognitionRatings/sketches/ice cream/ice cream_sketch_6_E1c_1510690510319.png,ice cream,ice cream_sketch_6_E1c_1510690510319.png,6,1510690510319.png,TRUE
568,A2W8ZODKKQ7RYP,cat,https://langcog.stanford.edu/expts/BLL/kiddraw-recognitionRatings/sketches/cat/cat_sketch_7_E1c_1511301634355.png,cat,cat_sketch_7_E1c_1511301634355.png,7,1511301634355.png,TRUE
569,A2W8ZODKKQ7RYP,bean,https://langcog.stanford.edu/expts/BLL/kiddraw-recognitionRatings/sketches/couch/couch_sketch_6_E1c_1511292022297.png,couch,couch_sketch_6_E1c_1511292022297.png,6,1511292022297.png,FALSE
570,A2W8ZODKKQ7RYP,cup,https://langcog.stanford.edu/expts/BLL/kiddraw-recognitionRatings/sketches/cup/cup_sketch_10_E1c_1510255462419.png,cup,cup_sketch_10_E1c_1510255462419.png,10,1510255462419.png,TRUE
571,A2W8ZODKKQ7RYP,cat,https://langcog.stanford.edu/expts/BLL/kiddraw-recognitionRatings/sketches/cat/cat_sketch_7_E1c_1510870100423.png,cat,cat_sketch_7_E1c_1510870100423.png,7,1510870100423.png,TRUE
572,A2W8ZODKKQ7RYP,ice cream,https://langcog.stanford.edu/expts/BLL/kiddraw-recognitionRatings/sketches/ice cream/ice cream_sketch_8_E1c_1511293754661.png,ice cream,ice cream_sketch_8_E1c_1511293754661.png,8,1511293754661.png,TRUE
573,A2WT6FV92737W6,train,https://langcog.stanford.edu/expts/BLL/kiddraw-recognitionRatings/sketches/train/train_sketch_10_E1c_1510684833991.png,train,train_sketch_10_E1c_1510684833991.png,10,1510684833991.png,TRUE
574,A2WT6FV92737W6,carrot,https://langcog.stanford.edu/expts/BLL/kiddraw-recognitionRatings/sketches/carrot/carrot_sketch_7_E1c_1510263944688.png,carrot,carrot_sketch_7_E1c_1510263944688.png,7,1510263944688.png,TRUE
575,A2WT6FV92737W6,frog,https://langcog.stanford.edu/expts/BLL/kiddraw-recognitionRatings/sketches/frog/frog_sketch_6_E1c_1511293092153.png,frog,frog_sketch_6_E1c_1511293092153.png,6,1511293092153.png,TRUE
576,A2WT6FV92737W6,rabbit,https://langcog.stanford.edu/expts/BLL/kiddraw-recognitionRatings/sketches/rabbit/rabbit_sketch_10_E1c_1511293452162.png,rabbit,rabbit_sketch_10_E1c_1511293452162.png,10,1511293452162.png,TRUE
577,A2WT6FV92737W6,cat,https://langcog.stanford.edu/expts/BLL/kiddraw-recognitionRatings/sketches/rabbit/rabbit_sketch_8_E1c_1511300355318.png,rabbit,rabbit_sketch_8_E1c_1511300355318.png,8,1511300355318.png,FALSE
578,A2WT6FV92737W6,car,https://langcog.stanford.edu/expts/BLL/kiddraw-recognitionRatings/sketches/shoe/shoe_sketch_6_E1c_1511292286803.png,shoe,shoe_sketch_6_E1c_1511292286803.png,6,1511292286803.png,FALSE
579,A2WT6FV92737W6,banana,https://langcog.stanford.edu/expts/BLL/kiddraw-recognitionRatings/sketches/shoe/shoe_sketch_7_E1c_1510263944688.png,shoe,shoe_sketch_7_E1c_1510263944688.png,7,1510263944688.png,FALSE
580,A2WT6FV92737W6,chair,https://langcog.stanford.edu/expts/BLL/kiddraw-recognitionRatings/sketches/chair/chair_sketch_6_E1c_1511292286803.png,chair,chair_sketch_6_E1c_1511292286803.png,6,1511292286803.png,TRUE
581,A2WT6FV92737W6,ice cream,https://langcog.stanford.edu/expts/BLL/kiddraw-recognitionRatings/sketches/ice cream/ice cream_sketch_10_E1c_1510783638074.png,ice cream,ice cream_sketch_10_E1c_1510783638074.png,10,1510783638074.png,TRUE
582,A2WT6FV92737W6,car,https://langcog.stanford.edu/expts/BLL/kiddraw-recognitionRatings/sketches/car/car_sketch_8_E1c_1510254933095.png,car,car_sketch_8_E1c_1510254933095.png,8,1510254933095.png,TRUE
583,A2WT6FV92737W6,car,https://langcog.stanford.edu/expts/BLL/kiddraw-recognitionRatings/sketches/car/car_sketch_6_E1c_1510690510319.png,car,car_sketch_6_E1c_1510690510319.png,6,1510690510319.png,TRUE
584,A2WT6FV92737W6,cat,https://langcog.stanford.edu/expts/BLL/kiddraw-recognitionRatings/sketches/rabbit/rabbit_sketch_8_E1c_1510690264523.png,rabbit,rabbit_sketch_8_E1c_1510690264523.png,8,1510690264523.png,FALSE
585,A2WT6FV92737W6,carrot,https://langcog.stanford.edu/expts/BLL/kiddraw-recognitionRatings/sketches/carrot/carrot_sketch_7_E1c_1510870100423.png,carrot,carrot_sketch_7_E1c_1510870100423.png,7,1510870100423.png,TRUE
586,A2WT6FV92737W6,train,https://langcog.stanford.edu/expts/BLL/kiddraw-recognitionRatings/sketches/train/train_sketch_5_E1c_1510870384576.png,train,train_sketch_5_E1c_1510870384576.png,5,1510870384576.png,TRUE
587,A2WT6FV92737W6,boat,https://langcog.stanford.edu/expts/BLL/kiddraw-recognitionRatings/sketches/boat/boat_sketch_10_E1c_1511301807087.png,boat,boat_sketch_10_E1c_1511301807087.png,10,1511301807087.png,TRUE
588,A2WT6FV92737W6,flower,https://langcog.stanford.edu/expts/BLL/kiddraw-recognitionRatings/sketches/flower/flower_sketch_8_E1c_1511292658766.png,flower,flower_sketch_8_E1c_1511292658766.png,8,1511292658766.png,TRUE
589,A2WT6FV92737W6,car,https://langcog.stanford.edu/expts/BLL/kiddraw-recognitionRatings/sketches/car/car_sketch_6_E1c_1511292022297.png,car,car_sketch_6_E1c_1511292022297.png,6,1511292022297.png,TRUE
590,A2WT6FV92737W6,carrot,https://langcog.stanford.edu/expts/BLL/kiddraw-recognitionRatings/sketches/carrot/carrot_sketch_10_E1c_1510684833991.png,carrot,carrot_sketch_10_E1c_1510684833991.png,10,1510684833991.png,TRUE
591,A2WT6FV92737W6,chair,https://langcog.stanford.edu/expts/BLL/kiddraw-recognitionRatings/sketches/chair/chair_sketch_10_E1c_1511301807087.png,chair,chair_sketch_10_E1c_1511301807087.png,10,1511301807087.png,TRUE
592,A2WT6FV92737W6,boat,https://langcog.stanford.edu/expts/BLL/kiddraw-recognitionRatings/sketches/boat/boat_sketch_10_E1c_1511293452162.png,boat,boat_sketch_10_E1c_1511293452162.png,10,1511293452162.png,TRUE
593,A2WT6FV92737W6,cat,https://langcog.stanford.edu/expts/BLL/kiddraw-recognitionRatings/sketches/cat/cat_sketch_7_E1c_1511301634355.png,cat,cat_sketch_7_E1c_1511301634355.png,7,1511301634355.png,TRUE
594,A2WT6FV92737W6,ice cream,https://langcog.stanford.edu/expts/BLL/kiddraw-recognitionRatings/sketches/ice cream/ice cream_sketch_8_E1c_1511300850043.png,ice cream,ice cream_sketch_8_E1c_1511300850043.png,8,1511300850043.png,TRUE
595,A2WT6FV92737W6,flower,https://langcog.stanford.edu/expts/BLL/kiddraw-recognitionRatings/sketches/flower/flower_sketch_6_E1c_1510700570912.png,flower,flower_sketch_6_E1c_1510700570912.png,6,1510700570912.png,TRUE
596,A2WT6FV92737W6,bean,https://langcog.stanford.edu/expts/BLL/kiddraw-recognitionRatings/sketches/boat/boat_sketch_5_E1c_1510253748384.png,boat,boat_sketch_5_E1c_1510253748384.png,5,1510253748384.png,FALSE
597,A2WT6FV92737W6,cup,https://langcog.stanford.edu/expts/BLL/kiddraw-recognitionRatings/sketches/cup/cup_sketch_8_E1c_1511293924452.png,cup,cup_sketch_8_E1c_1511293924452.png,8,1511293924452.png,TRUE
598,A2WT6FV92737W6,flower,https://langcog.stanford.edu/expts/BLL/kiddraw-recognitionRatings/sketches/foot/foot_sketch_6_E1c_1511292286803.png,foot,foot_sketch_6_E1c_1511292286803.png,6,1511292286803.png,FALSE
599,A2WT6FV92737W6,person,https://langcog.stanford.edu/expts/BLL/kiddraw-recognitionRatings/sketches/shoe/shoe_sketch_8_E1c_1510787010922.png,shoe,shoe_sketch_8_E1c_1510787010922.png,8,1510787010922.png,FALSE
600,A2WT6FV92737W6,chair,https://langcog.stanford.edu/expts/BLL/kiddraw-recognitionRatings/sketches/chair/chair_sketch_6_E1c_1510783818788.png,chair,chair_sketch_6_E1c_1510783818788.png,6,1510783818788.png,TRUE
601,A2WT6FV92737W6,cup,https://langcog.stanford.edu/expts/BLL/kiddraw-recognitionRatings/sketches/cup/cup_sketch_10_E1c_1511301807087.png,cup,cup_sketch_10_E1c_1511301807087.png,10,1511301807087.png,TRUE
602,A2WT6FV92737W6,shoe,https://langcog.stanford.edu/expts/BLL/kiddraw-recognitionRatings/sketches/shoe/shoe_sketch_10_E1c_1510255462419.png,shoe,shoe_sketch_10_E1c_1510255462419.png,10,1510255462419.png,TRUE
603,A2WT6FV92737W6,person,https://langcog.stanford.edu/expts/BLL/kiddraw-recognitionRatings/sketches/frog/frog_sketch_8_E1c_1510787010922.png,frog,frog_sketch_8_E1c_1510787010922.png,8,1510787010922.png,FALSE
604,A2WT6FV92737W6,person,https://langcog.stanford.edu/expts/BLL/kiddraw-recognitionRatings/sketches/boat/boat_sketch_8_E1c_1510870628731.png,boat,boat_sketch_8_E1c_1510870628731.png,8,1510870628731.png,FALSE
605,A2WT6FV92737W6,phone,https://langcog.stanford.edu/expts/BLL/kiddraw-recognitionRatings/sketches/boat/boat_sketch_4_E1c_1510263067113.png,boat,boat_sketch_4_E1c_1510263067113.png,4,1510263067113.png,FALSE
606,A2WT6FV92737W6,cat,https://langcog.stanford.edu/expts/BLL/kiddraw-recognitionRatings/sketches/cat/cat_sketch_8_E1c_1511300850043.png,cat,cat_sketch_8_E1c_1511300850043.png,8,1511300850043.png,TRUE
607,A2WT6FV92737W6,phone,https://langcog.stanford.edu/expts/BLL/kiddraw-recognitionRatings/sketches/phone/phone_sketch_10_E1c_1510783638074.png,phone,phone_sketch_10_E1c_1510783638074.png,10,1510783638074.png,TRUE
608,A2WT6FV92737W6,person,https://langcog.stanford.edu/expts/BLL/kiddraw-recognitionRatings/sketches/foot/foot_sketch_4_E1c_1510252568116.png,foot,foot_sketch_4_E1c_1510252568116.png,4,1510252568116.png,FALSE
609,A2WT6FV92737W6,flower,https://langcog.stanford.edu/expts/BLL/kiddraw-recognitionRatings/sketches/foot/foot_sketch_8_E1c_1510787010922.png,foot,foot_sketch_8_E1c_1510787010922.png,8,1510787010922.png,FALSE
610,A2WT6FV92737W6,banana,https://langcog.stanford.edu/expts/BLL/kiddraw-recognitionRatings/sketches/banana/banana_sketch_8_E1c_1510254933095.png,banana,banana_sketch_8_E1c_1510254933095.png,8,1510254933095.png,TRUE
611,A2WT6FV92737W6,frog,https://langcog.stanford.edu/expts/BLL/kiddraw-recognitionRatings/sketches/frog/frog_sketch_8_E1c_1511293924452.png,frog,frog_sketch_8_E1c_1511293924452.png,8,1511293924452.png,TRUE
612,A2WT6FV92737W6,couch,https://langcog.stanford.edu/expts/BLL/kiddraw-recognitionRatings/sketches/couch/couch_sketch_8_E1c_1510787010922.png,couch,couch_sketch_8_E1c_1510787010922.png,8,1510787010922.png,TRUE
613,A2WT6FV92737W6,person,https://langcog.stanford.edu/expts/BLL/kiddraw-recognitionRatings/sketches/rabbit/rabbit_sketch_5_E1c_1510786719020.png,rabbit,rabbit_sketch_5_E1c_1510786719020.png,5,1510786719020.png,FALSE
614,A2WT6FV92737W6,chair,https://langcog.stanford.edu/expts/BLL/kiddraw-recognitionRatings/sketches/chair/chair_sketch_5_E1c_1511301440421.png,chair,chair_sketch_5_E1c_1511301440421.png,5,1511301440421.png,TRUE
615,A2WT6FV92737W6,train,https://langcog.stanford.edu/expts/BLL/kiddraw-recognitionRatings/sketches/couch/couch_sketch_8_E1c_1511293754661.png,couch,couch_sketch_8_E1c_1511293754661.png,8,1511293754661.png,FALSE
616,A2WT6FV92737W6,carrot,https://langcog.stanford.edu/expts/BLL/kiddraw-recognitionRatings/sketches/carrot/carrot_sketch_10_E1c_1511293452162.png,carrot,carrot_sketch_10_E1c_1511293452162.png,10,1511293452162.png,TRUE
617,A2WT6FV92737W6,flower,https://langcog.stanford.edu/expts/BLL/kiddraw-recognitionRatings/sketches/flower/flower_sketch_9_E1c_1510689458884.png,flower,flower_sketch_9_E1c_1510689458884.png,9,1510689458884.png,TRUE
618,A2WT6FV92737W6,couch,https://langcog.stanford.edu/expts/BLL/kiddraw-recognitionRatings/sketches/couch/couch_sketch_6_E1c_1510783818788.png,couch,couch_sketch_6_E1c_1510783818788.png,6,1510783818788.png,TRUE
619,A2WT6FV92737W6,phone,https://langcog.stanford.edu/expts/BLL/kiddraw-recognitionRatings/sketches/phone/phone_sketch_7_E1c_1510263944688.png,phone,phone_sketch_7_E1c_1510263944688.png,7,1510263944688.png,TRUE
620,A2WT6FV92737W6,train,https://langcog.stanford.edu/expts/BLL/kiddraw-recognitionRatings/sketches/train/train_sketch_6_E1c_1510700570912.png,train,train_sketch_6_E1c_1510700570912.png,6,1510700570912.png,TRUE
621,A2WT6FV92737W6,carrot,https://langcog.stanford.edu/expts/BLL/kiddraw-recognitionRatings/sketches/carrot/carrot_sketch_5_E1c_1510786719020.png,carrot,carrot_sketch_5_E1c_1510786719020.png,5,1510786719020.png,TRUE
622,A2WT6FV92737W6,couch,https://langcog.stanford.edu/expts/BLL/kiddraw-recognitionRatings/sketches/couch/couch_sketch_6_E1c_1511293092153.png,couch,couch_sketch_6_E1c_1511293092153.png,6,1511293092153.png,TRUE
623,A2WT6FV92737W6,cat,https://langcog.stanford.edu/expts/BLL/kiddraw-recognitionRatings/sketches/cat/cat_sketch_8_E1c_1510870628731.png,cat,cat_sketch_8_E1c_1510870628731.png,8,1510870628731.png,TRUE
624,A2WT6FV92737W6,foot,https://langcog.stanford.edu/expts/BLL/kiddraw-recognitionRatings/sketches/foot/foot_sketch_10_E1c_1510783638074.png,foot,foot_sketch_10_E1c_1510783638074.png,10,1510783638074.png,TRUE
625,A2WT6FV92737W6,phone,https://langcog.stanford.edu/expts/BLL/kiddraw-recognitionRatings/sketches/phone/phone_sketch_8_E1c_1511300850043.png,phone,phone_sketch_8_E1c_1511300850043.png,8,1511300850043.png,TRUE
626,A2WT6FV92737W6,phone,https://langcog.stanford.edu/expts/BLL/kiddraw-recognitionRatings/sketches/phone/phone_sketch_10_E1c_1510684833991.png,phone,phone_sketch_10_E1c_1510684833991.png,10,1510684833991.png,TRUE
627,A2WT6FV92737W6,boat,https://langcog.stanford.edu/expts/BLL/kiddraw-recognitionRatings/sketches/banana/banana_sketch_6_E1c_1511292286803.png,banana,banana_sketch_6_E1c_1511292286803.png,6,1511292286803.png,FALSE
628,A2WT6FV92737W6,cat,https://langcog.stanford.edu/expts/BLL/kiddraw-recognitionRatings/sketches/rabbit/rabbit_sketch_4_E1c_1510691847400.png,rabbit,rabbit_sketch_4_E1c_1510691847400.png,4,1510691847400.png,FALSE
629,A2WT6FV92737W6,cat,https://langcog.stanford.edu/expts/BLL/kiddraw-recognitionRatings/sketches/cat/cat_sketch_7_E1c_1510263944688.png,cat,cat_sketch_7_E1c_1510263944688.png,7,1510263944688.png,TRUE
630,A2WT6FV92737W6,shoe,https://langcog.stanford.edu/expts/BLL/kiddraw-recognitionRatings/sketches/shoe/shoe_sketch_8_E1c_1510262448790.png,shoe,shoe_sketch_8_E1c_1510262448790.png,8,1510262448790.png,TRUE
631,A2WT6FV92737W6,flower,https://langcog.stanford.edu/expts/BLL/kiddraw-recognitionRatings/sketches/flower/flower_sketch_5_E1c_1510786719020.png,flower,flower_sketch_5_E1c_1510786719020.png,5,1510786719020.png,TRUE
632,A2WT6FV92737W6,flower,https://langcog.stanford.edu/expts/BLL/kiddraw-recognitionRatings/sketches/flower/flower_sketch_4_E1c_1510691847400.png,flower,flower_sketch_4_E1c_1510691847400.png,4,1510691847400.png,TRUE
633,A2WT6FV92737W6,foot,https://langcog.stanford.edu/expts/BLL/kiddraw-recognitionRatings/sketches/foot/foot_sketch_10_E1c_1510684833991.png,foot,foot_sketch_10_E1c_1510684833991.png,10,1510684833991.png,TRUE
634,A2WT6FV92737W6,car,https://langcog.stanford.edu/expts/BLL/kiddraw-recognitionRatings/sketches/car/car_sketch_8_E1c_1511293754661.png,car,car_sketch_8_E1c_1511293754661.png,8,1511293754661.png,TRUE
635,A2WT6FV92737W6,cat,https://langcog.stanford.edu/expts/BLL/kiddraw-recognitionRatings/sketches/rabbit/rabbit_sketch_7_E1c_1511301009480.png,rabbit,rabbit_sketch_7_E1c_1511301009480.png,7,1511301009480.png,FALSE
636,A2WT6FV92737W6,car,https://langcog.stanford.edu/expts/BLL/kiddraw-recognitionRatings/sketches/car/car_sketch_5_E1c_1511301440421.png,car,car_sketch_5_E1c_1511301440421.png,5,1511301440421.png,TRUE
637,A2WT6FV92737W6,car,https://langcog.stanford.edu/expts/BLL/kiddraw-recognitionRatings/sketches/car/car_sketch_7_E1c_1510783353272.png,car,car_sketch_7_E1c_1510783353272.png,7,1510783353272.png,TRUE
638,A2WT6FV92737W6,ice cream,https://langcog.stanford.edu/expts/BLL/kiddraw-recognitionRatings/sketches/ice cream/ice cream_sketch_7_E1c_1510870100423.png,ice cream,ice cream_sketch_7_E1c_1510870100423.png,7,1510870100423.png,TRUE
639,A2WT6FV92737W6,ice cream,https://langcog.stanford.edu/expts/BLL/kiddraw-recognitionRatings/sketches/frog/frog_sketch_5_E1c_1510258311547.png,frog,frog_sketch_5_E1c_1510258311547.png,5,1510258311547.png,FALSE
640,A2WT6FV92737W6,foot,https://langcog.stanford.edu/expts/BLL/kiddraw-recognitionRatings/sketches/foot/foot_sketch_5_E1c_1510256904834.png,foot,foot_sketch_5_E1c_1510256904834.png,5,1510256904834.png,TRUE
641,A2WT6FV92737W6,cannott tell at all,https://langcog.stanford.edu/expts/BLL/kiddraw-recognitionRatings/sketches/banana/banana_sketch_4_E1c_1510691847400.png,banana,banana_sketch_4_E1c_1510691847400.png,4,1510691847400.png,FALSE
642,A2WT6FV92737W6,chair,https://langcog.stanford.edu/expts/BLL/kiddraw-recognitionRatings/sketches/couch/couch_sketch_5_E1c_1510256904834.png,couch,couch_sketch_5_E1c_1510256904834.png,5,1510256904834.png,FALSE
643,A2WT6FV92737W6,banana,https://langcog.stanford.edu/expts/BLL/kiddraw-recognitionRatings/sketches/banana/banana_sketch_7_E1c_1511301009480.png,banana,banana_sketch_7_E1c_1511301009480.png,7,1511301009480.png,TRUE
644,A2WT6FV92737W6,ice cream,https://langcog.stanford.edu/expts/BLL/kiddraw-recognitionRatings/sketches/ice cream/ice cream_sketch_8_E1c_1510262448790.png,ice cream,ice cream_sketch_8_E1c_1510262448790.png,8,1510262448790.png,TRUE
645,A2WT6FV92737W6,chair,https://langcog.stanford.edu/expts/BLL/kiddraw-recognitionRatings/sketches/chair/chair_sketch_5_E1c_1510870384576.png,chair,chair_sketch_5_E1c_1510870384576.png,5,1510870384576.png,TRUE
646,A2WT6FV92737W6,cat,https://langcog.stanford.edu/expts/BLL/kiddraw-recognitionRatings/sketches/cat/cat_sketch_7_E1c_1510870100423.png,cat,cat_sketch_7_E1c_1510870100423.png,7,1510870100423.png,TRUE
647,A2WT6FV92737W6,cat,https://langcog.stanford.edu/expts/BLL/kiddraw-recognitionRatings/sketches/cat/cat_sketch_10_E1c_1511293452162.png,cat,cat_sketch_10_E1c_1511293452162.png,10,1511293452162.png,TRUE
648,A2WT6FV92737W6,cat,https://langcog.stanford.edu/expts/BLL/kiddraw-recognitionRatings/sketches/cat/cat_sketch_10_E1c_1510783638074.png,cat,cat_sketch_10_E1c_1510783638074.png,10,1510783638074.png,TRUE
649,A2WT6FV92737W6,couch,https://langcog.stanford.edu/expts/BLL/kiddraw-recognitionRatings/sketches/couch/couch_sketch_8_E1c_1511300355318.png,couch,couch_sketch_8_E1c_1511300355318.png,8,1511300355318.png,TRUE
650,A2WT6FV92737W6,rabbit,https://langcog.stanford.edu/expts/BLL/kiddraw-recognitionRatings/sketches/rabbit/rabbit_sketch_7_E1c_1510870100423.png,rabbit,rabbit_sketch_7_E1c_1510870100423.png,7,1510870100423.png,TRUE
651,A2WT6FV92737W6,cat,https://langcog.stanford.edu/expts/BLL/kiddraw-recognitionRatings/sketches/cat/cat_sketch_8_E1c_1510690264523.png,cat,cat_sketch_8_E1c_1510690264523.png,8,1510690264523.png,TRUE
652,A2WT6FV92737W6,boat,https://langcog.stanford.edu/expts/BLL/kiddraw-recognitionRatings/sketches/boat/boat_sketch_8_E1c_1511300355318.png,boat,boat_sketch_8_E1c_1511300355318.png,8,1511300355318.png,TRUE
653,A2WT6FV92737W6,rabbit,https://langcog.stanford.edu/expts/BLL/kiddraw-recognitionRatings/sketches/rabbit/rabbit_sketch_10_E1c_1510684833991.png,rabbit,rabbit_sketch_10_E1c_1510684833991.png,10,1510684833991.png,TRUE
654,A2WT6FV92737W6,ice cream,https://langcog.stanford.edu/expts/BLL/kiddraw-recognitionRatings/sketches/ice cream/ice cream_sketch_7_E1c_1511301634355.png,ice cream,ice cream_sketch_7_E1c_1511301634355.png,7,1511301634355.png,TRUE
655,A2WT6FV92737W6,ice cream,https://langcog.stanford.edu/expts/BLL/kiddraw-recognitionRatings/sketches/ice cream/ice cream_sketch_5_E1c_1510870384576.png,ice cream,ice cream_sketch_5_E1c_1510870384576.png,5,1510870384576.png,TRUE
656,A2WT6FV92737W6,couch,https://langcog.stanford.edu/expts/BLL/kiddraw-recognitionRatings/sketches/couch/couch_sketch_10_E1c_1510684833991.png,couch,couch_sketch_10_E1c_1510684833991.png,10,1510684833991.png,TRUE
657,A2WT6FV92737W6,chair,https://langcog.stanford.edu/expts/BLL/kiddraw-recognitionRatings/sketches/chair/chair_sketch_8_E1c_1510690264523.png,chair,chair_sketch_8_E1c_1510690264523.png,8,1510690264523.png,TRUE
658,A2WT6FV92737W6,shoe,https://langcog.stanford.edu/expts/BLL/kiddraw-recognitionRatings/sketches/shoe/shoe_sketch_6_E1c_1510695588717.png,shoe,shoe_sketch_6_E1c_1510695588717.png,6,1510695588717.png,TRUE
659,A2WT6FV92737W6,flower,https://langcog.stanford.edu/expts/BLL/kiddraw-recognitionRatings/sketches/flower/flower_sketch_8_E1c_1510787010922.png,flower,flower_sketch_8_E1c_1510787010922.png,8,1510787010922.png,TRUE
660,A2WT6FV92737W6,banana,https://langcog.stanford.edu/expts/BLL/kiddraw-recognitionRatings/sketches/banana/banana_sketch_10_E1c_1511293452162.png,banana,banana_sketch_10_E1c_1511293452162.png,10,1511293452162.png,TRUE
661,A2WT6FV92737W6,train,https://langcog.stanford.edu/expts/BLL/kiddraw-recognitionRatings/sketches/train/train_sketch_6_E1c_1511292286803.png,train,train_sketch_6_E1c_1511292286803.png,6,1511292286803.png,TRUE
662,A2WT6FV92737W6,cat,https://langcog.stanford.edu/expts/BLL/kiddraw-recognitionRatings/sketches/rabbit/rabbit_sketch_8_E1c_1510254933095.png,rabbit,rabbit_sketch_8_E1c_1510254933095.png,8,1510254933095.png,FALSE
663,A2WT6FV92737W6,cat,https://langcog.stanford.edu/expts/BLL/kiddraw-recognitionRatings/sketches/cat/cat_sketch_8_E1c_1511292658766.png,cat,cat_sketch_8_E1c_1511292658766.png,8,1511292658766.png,TRUE
664,A2WT6FV92737W6,arm,https://langcog.stanford.edu/expts/BLL/kiddraw-recognitionRatings/sketches/carrot/carrot_sketch_4_E1c_1510268275436.png,carrot,carrot_sketch_4_E1c_1510268275436.png,4,1510268275436.png,FALSE
665,A2WT6FV92737W6,shoe,https://langcog.stanford.edu/expts/BLL/kiddraw-recognitionRatings/sketches/shoe/shoe_sketch_5_E1c_1510786719020.png,shoe,shoe_sketch_5_E1c_1510786719020.png,5,1510786719020.png,TRUE
666,A2WT6FV92737W6,ice cream,https://langcog.stanford.edu/expts/BLL/kiddraw-recognitionRatings/sketches/ice cream/ice cream_sketch_8_E1c_1510254933095.png,ice cream,ice cream_sketch_8_E1c_1510254933095.png,8,1510254933095.png,TRUE
667,A2WT6FV92737W6,boat,https://langcog.stanford.edu/expts/BLL/kiddraw-recognitionRatings/sketches/boat/boat_sketch_6_E1c_1510783818788.png,boat,boat_sketch_6_E1c_1510783818788.png,6,1510783818788.png,TRUE
668,A2WT6FV92737W6,shoe,https://langcog.stanford.edu/expts/BLL/kiddraw-recognitionRatings/sketches/train/train_sketch_8_E1c_1510787010922.png,train,train_sketch_8_E1c_1510787010922.png,8,1510787010922.png,FALSE
669,A2WT6FV92737W6,carrot,https://langcog.stanford.edu/expts/BLL/kiddraw-recognitionRatings/sketches/carrot/carrot_sketch_10_E1c_1511301807087.png,carrot,carrot_sketch_10_E1c_1511301807087.png,10,1511301807087.png,TRUE
670,A2WT6FV92737W6,train,https://langcog.stanford.edu/expts/BLL/kiddraw-recognitionRatings/sketches/train/train_sketch_10_E1c_1511293452162.png,train,train_sketch_10_E1c_1511293452162.png,10,1511293452162.png,TRUE
671,A2WT6FV92737W6,boat,https://langcog.stanford.edu/expts/BLL/kiddraw-recognitionRatings/sketches/boat/boat_sketch_10_E1c_1510684833991.png,boat,boat_sketch_10_E1c_1510684833991.png,10,1510684833991.png,TRUE
672,A2WT6FV92737W6,banana,https://langcog.stanford.edu/expts/BLL/kiddraw-recognitionRatings/sketches/banana/banana_sketch_10_E1c_1510684833991.png,banana,banana_sketch_10_E1c_1510684833991.png,10,1510684833991.png,TRUE
673,A2WT6FV92737W6,carrot,https://langcog.stanford.edu/expts/BLL/kiddraw-recognitionRatings/sketches/carrot/carrot_sketch_6_E1c_1510695588717.png,carrot,carrot_sketch_6_E1c_1510695588717.png,6,1510695588717.png,TRUE
674,A2WT6FV92737W6,phone,https://langcog.stanford.edu/expts/BLL/kiddraw-recognitionRatings/sketches/phone/phone_sketch_7_E1c_1511301009480.png,phone,phone_sketch_7_E1c_1511301009480.png,7,1511301009480.png,TRUE
675,A2WT6FV92737W6,car,https://langcog.stanford.edu/expts/BLL/kiddraw-recognitionRatings/sketches/car/car_sketch_5_E1c_1510786719020.png,car,car_sketch_5_E1c_1510786719020.png,5,1510786719020.png,TRUE
676,A2WT6FV92737W6,cannott tell at all,https://langcog.stanford.edu/expts/BLL/kiddraw-recognitionRatings/sketches/cup/cup_sketch_8_E1c_1511300355318.png,cup,cup_sketch_8_E1c_1511300355318.png,8,1511300355318.png,FALSE
677,A2WT6FV92737W6,phone,https://langcog.stanford.edu/expts/BLL/kiddraw-recognitionRatings/sketches/phone/phone_sketch_7_E1c_1511301634355.png,phone,phone_sketch_7_E1c_1511301634355.png,7,1511301634355.png,TRUE
678,A2WT6FV92737W6,frog,https://langcog.stanford.edu/expts/BLL/kiddraw-recognitionRatings/sketches/frog/frog_sketch_10_E1c_1511293452162.png,frog,frog_sketch_10_E1c_1511293452162.png,10,1511293452162.png,TRUE
679,A2WT6FV92737W6,carrot,https://langcog.stanford.edu/expts/BLL/kiddraw-recognitionRatings/sketches/carrot/carrot_sketch_8_E1c_1511300850043.png,carrot,carrot_sketch_8_E1c_1511300850043.png,8,1511300850043.png,TRUE
680,A2WT6FV92737W6,phone,https://langcog.stanford.edu/expts/BLL/kiddraw-recognitionRatings/sketches/phone/phone_sketch_10_E1c_1511293452162.png,phone,phone_sketch_10_E1c_1511293452162.png,10,1511293452162.png,TRUE
681,A2WT6FV92737W6,flower,https://langcog.stanford.edu/expts/BLL/kiddraw-recognitionRatings/sketches/flower/flower_sketch_8_E1c_1510254933095.png,flower,flower_sketch_8_E1c_1510254933095.png,8,1510254933095.png,TRUE
682,A2WT6FV92737W6,cup,https://langcog.stanford.edu/expts/BLL/kiddraw-recognitionRatings/sketches/phone/phone_sketch_4_E1c_1510252568116.png,phone,phone_sketch_4_E1c_1510252568116.png,4,1510252568116.png,FALSE
683,A2WT6FV92737W6,car,https://langcog.stanford.edu/expts/BLL/kiddraw-recognitionRatings/sketches/train/train_sketch_7_E1c_1510263944688.png,train,train_sketch_7_E1c_1510263944688.png,7,1510263944688.png,FALSE
684,A2WT6FV92737W6,train,https://langcog.stanford.edu/expts/BLL/kiddraw-recognitionRatings/sketches/train/train_sketch_9_E1c_1510689458884.png,train,train_sketch_9_E1c_1510689458884.png,9,1510689458884.png,TRUE
685,A2WT6FV92737W6,cup,https://langcog.stanford.edu/expts/BLL/kiddraw-recognitionRatings/sketches/cup/cup_sketch_10_E1c_1510255462419.png,cup,cup_sketch_10_E1c_1510255462419.png,10,1510255462419.png,TRUE
686,A2WT6FV92737W6,flower,https://langcog.stanford.edu/expts/BLL/kiddraw-recognitionRatings/sketches/foot/foot_sketch_5_E1c_1510258311547.png,foot,foot_sketch_5_E1c_1510258311547.png,5,1510258311547.png,FALSE
687,A2WT6FV92737W6,chair,https://langcog.stanford.edu/expts/BLL/kiddraw-recognitionRatings/sketches/chair/chair_sketch_7_E1c_1510783353272.png,chair,chair_sketch_7_E1c_1510783353272.png,7,1510783353272.png,TRUE
688,A2WT6FV92737W6,cat,https://langcog.stanford.edu/expts/BLL/kiddraw-recognitionRatings/sketches/cat/cat_sketch_8_E1c_1510787010922.png,cat,cat_sketch_8_E1c_1510787010922.png,8,1510787010922.png,TRUE
689,A2WT6FV92737W6,cat,https://langcog.stanford.edu/expts/BLL/kiddraw-recognitionRatings/sketches/rabbit/rabbit_sketch_4_E1c_1510263067113.png,rabbit,rabbit_sketch_4_E1c_1510263067113.png,4,1510263067113.png,FALSE
690,A2WT6FV92737W6,foot,https://langcog.stanford.edu/expts/BLL/kiddraw-recognitionRatings/sketches/shoe/shoe_sketch_6_E1c_1510700570912.png,shoe,shoe_sketch_6_E1c_1510700570912.png,6,1510700570912.png,FALSE
691,A2WT6FV92737W6,carrot,https://langcog.stanford.edu/expts/BLL/kiddraw-recognitionRatings/sketches/carrot/carrot_sketch_8_E1c_1510254933095.png,carrot,carrot_sketch_8_E1c_1510254933095.png,8,1510254933095.png,TRUE
692,A2WT6FV92737W6,phone,https://langcog.stanford.edu/expts/BLL/kiddraw-recognitionRatings/sketches/phone/phone_sketch_7_E1c_1510783353272.png,phone,phone_sketch_7_E1c_1510783353272.png,7,1510783353272.png,TRUE
693,A2WT6FV92737W6,boat,https://langcog.stanford.edu/expts/BLL/kiddraw-recognitionRatings/sketches/boat/boat_sketch_9_E1c_1510686242527.png,boat,boat_sketch_9_E1c_1510686242527.png,9,1510686242527.png,TRUE
694,A2WT6FV92737W6,flower,https://langcog.stanford.edu/expts/BLL/kiddraw-recognitionRatings/sketches/flower/flower_sketch_8_E1c_1511293754661.png,flower,flower_sketch_8_E1c_1511293754661.png,8,1511293754661.png,TRUE
695,A2WT6FV92737W6,phone,https://langcog.stanford.edu/expts/BLL/kiddraw-recognitionRatings/sketches/phone/phone_sketch_7_E1c_1510870100423.png,phone,phone_sketch_7_E1c_1510870100423.png,7,1510870100423.png,TRUE
696,A2WT6FV92737W6,train,https://langcog.stanford.edu/expts/BLL/kiddraw-recognitionRatings/sketches/train/train_sketch_6_E1c_1510253415559.png,train,train_sketch_6_E1c_1510253415559.png,6,1510253415559.png,TRUE
697,A2WT6FV92737W6,flower,https://langcog.stanford.edu/expts/BLL/kiddraw-recognitionRatings/sketches/flower/flower_sketch_7_E1c_1510870100423.png,flower,flower_sketch_7_E1c_1510870100423.png,7,1510870100423.png,TRUE
698,A2WT6FV92737W6,ice cream,https://langcog.stanford.edu/expts/BLL/kiddraw-recognitionRatings/sketches/ice cream/ice cream_sketch_4_E1c_1510691847400.png,ice cream,ice cream_sketch_4_E1c_1510691847400.png,4,1510691847400.png,TRUE
699,A2WT6FV92737W6,flower,https://langcog.stanford.edu/expts/BLL/kiddraw-recognitionRatings/sketches/flower/flower_sketch_8_E1c_1511293924452.png,flower,flower_sketch_8_E1c_1511293924452.png,8,1511293924452.png,TRUE
700,A2WT6FV92737W6,cup,https://langcog.stanford.edu/expts/BLL/kiddraw-recognitionRatings/sketches/cup/cup_sketch_9_E1c_1510689458884.png,cup,cup_sketch_9_E1c_1510689458884.png,9,1510689458884.png,TRUE
701,A2WT6FV92737W6,cat,https://langcog.stanford.edu/expts/BLL/kiddraw-recognitionRatings/sketches/rabbit/rabbit_sketch_9_E1c_1510686242527.png,rabbit,rabbit_sketch_9_E1c_1510686242527.png,9,1510686242527.png,FALSE
702,A2WT6FV92737W6,car,https://langcog.stanford.edu/expts/BLL/kiddraw-recognitionRatings/sketches/car/car_sketch_6_E1c_1510782034963.png,car,car_sketch_6_E1c_1510782034963.png,6,1510782034963.png,TRUE
703,A2WT6FV92737W6,carrot,https://langcog.stanford.edu/expts/BLL/kiddraw-recognitionRatings/sketches/carrot/carrot_sketch_7_E1c_1511301634355.png,carrot,carrot_sketch_7_E1c_1511301634355.png,7,1511301634355.png,TRUE
704,A2WT6FV92737W6,train,https://langcog.stanford.edu/expts/BLL/kiddraw-recognitionRatings/sketches/train/train_sketch_8_E1c_1510870628731.png,train,train_sketch_8_E1c_1510870628731.png,8,1510870628731.png,TRUE
705,A2WT6FV92737W6,phone,https://langcog.stanford.edu/expts/BLL/kiddraw-recognitionRatings/sketches/phone/phone_sketch_8_E1c_1510254933095.png,phone,phone_sketch_8_E1c_1510254933095.png,8,1510254933095.png,TRUE
706,A2WT6FV92737W6,ice cream,https://langcog.stanford.edu/expts/BLL/kiddraw-recognitionRatings/sketches/ice cream/ice cream_sketch_6_E1c_1511292286803.png,ice cream,ice cream_sketch_6_E1c_1511292286803.png,6,1511292286803.png,TRUE
707,A2WT6FV92737W6,cup,https://langcog.stanford.edu/expts/BLL/kiddraw-recognitionRatings/sketches/cup/cup_sketch_7_E1c_1511301634355.png,cup,cup_sketch_7_E1c_1511301634355.png,7,1511301634355.png,TRUE
708,A2WT6FV92737W6,train,https://langcog.stanford.edu/expts/BLL/kiddraw-recognitionRatings/sketches/train/train_sketch_10_E1c_1511301807087.png,train,train_sketch_10_E1c_1511301807087.png,10,1511301807087.png,TRUE
709,A2WT6FV92737W6,cup,https://langcog.stanford.edu/expts/BLL/kiddraw-recognitionRatings/sketches/cup/cup_sketch_8_E1c_1510690264523.png,cup,cup_sketch_8_E1c_1510690264523.png,8,1510690264523.png,TRUE
710,A2WT6FV92737W6,flower,https://langcog.stanford.edu/expts/BLL/kiddraw-recognitionRatings/sketches/flower/flower_sketch_10_E1c_1510783638074.png,flower,flower_sketch_10_E1c_1510783638074.png,10,1510783638074.png,TRUE
711,A2WT6FV92737W6,person,https://langcog.stanford.edu/expts/BLL/kiddraw-recognitionRatings/sketches/frog/frog_sketch_10_E1c_1510255462419.png,frog,frog_sketch_10_E1c_1510255462419.png,10,1510255462419.png,FALSE
712,A2WT6FV92737W6,car,https://langcog.stanford.edu/expts/BLL/kiddraw-recognitionRatings/sketches/car/car_sketch_10_E1c_1510783638074.png,car,car_sketch_10_E1c_1510783638074.png,10,1510783638074.png,TRUE
713,A2WT6FV92737W6,banana,https://langcog.stanford.edu/expts/BLL/kiddraw-recognitionRatings/sketches/banana/banana_sketch_6_E1c_1511292022297.png,banana,banana_sketch_6_E1c_1511292022297.png,6,1511292022297.png,TRUE
714,A2WT6FV92737W6,phone,https://langcog.stanford.edu/expts/BLL/kiddraw-recognitionRatings/sketches/phone/phone_sketch_8_E1c_1510870628731.png,phone,phone_sketch_8_E1c_1510870628731.png,8,1510870628731.png,TRUE
715,A2WT6FV92737W6,car,https://langcog.stanford.edu/expts/BLL/kiddraw-recognitionRatings/sketches/car/car_sketch_6_E1c_1510253415559.png,car,car_sketch_6_E1c_1510253415559.png,6,1510253415559.png,TRUE
716,A2WT6FV92737W6,frog,https://langcog.stanford.edu/expts/BLL/kiddraw-recognitionRatings/sketches/frog/frog_sketch_6_E1c_1510782034963.png,frog,frog_sketch_6_E1c_1510782034963.png,6,1510782034963.png,TRUE
717,A2WT6FV92737W6,boat,https://langcog.stanford.edu/expts/BLL/kiddraw-recognitionRatings/sketches/boat/boat_sketch_8_E1c_1510787010922.png,boat,boat_sketch_8_E1c_1510787010922.png,8,1510787010922.png,TRUE
718,A2WT6FV92737W6,chair,https://langcog.stanford.edu/expts/BLL/kiddraw-recognitionRatings/sketches/chair/chair_sketch_8_E1c_1510787010922.png,chair,chair_sketch_8_E1c_1510787010922.png,8,1510787010922.png,TRUE
719,A2WT6FV92737W6,person,https://langcog.stanford.edu/expts/BLL/kiddraw-recognitionRatings/sketches/phone/phone_sketch_6_E1c_1510690510319.png,phone,phone_sketch_6_E1c_1510690510319.png,6,1510690510319.png,FALSE
720,A2WT6FV92737W6,ice cream,https://langcog.stanford.edu/expts/BLL/kiddraw-recognitionRatings/sketches/ice cream/ice cream_sketch_5_E1c_1511301440421.png,ice cream,ice cream_sketch_5_E1c_1511301440421.png,5,1511301440421.png,TRUE
721,A2WT6FV92737W6,chair,https://langcog.stanford.edu/expts/BLL/kiddraw-recognitionRatings/sketches/chair/chair_sketch_8_E1c_1510254933095.png,chair,chair_sketch_8_E1c_1510254933095.png,8,1510254933095.png,TRUE
722,A2WT6FV92737W6,shoe,https://langcog.stanford.edu/expts/BLL/kiddraw-recognitionRatings/sketches/shoe/shoe_sketch_10_E1c_1511301807087.png,shoe,shoe_sketch_10_E1c_1511301807087.png,10,1511301807087.png,TRUE
723,A2WT6FV92737W6,carrot,https://langcog.stanford.edu/expts/BLL/kiddraw-recognitionRatings/sketches/foot/foot_sketch_5_E1c_1510786719020.png,foot,foot_sketch_5_E1c_1510786719020.png,5,1510786719020.png,FALSE
724,A2WT6FV92737W6,cannott tell at all,https://langcog.stanford.edu/expts/BLL/kiddraw-recognitionRatings/sketches/foot/foot_sketch_5_E1c_1511301440421.png,foot,foot_sketch_5_E1c_1511301440421.png,5,1511301440421.png,FALSE
725,A2WT6FV92737W6,boat,https://langcog.stanford.edu/expts/BLL/kiddraw-recognitionRatings/sketches/cup/cup_sketch_8_E1c_1510254933095.png,cup,cup_sketch_8_E1c_1510254933095.png,8,1510254933095.png,FALSE
726,A2WT6FV92737W6,rabbit,https://langcog.stanford.edu/expts/BLL/kiddraw-recognitionRatings/sketches/rabbit/rabbit_sketch_6_E1c_1510253415559.png,rabbit,rabbit_sketch_6_E1c_1510253415559.png,6,1510253415559.png,TRUE
727,A2WT6FV92737W6,train,https://langcog.stanford.edu/expts/BLL/kiddraw-recognitionRatings/sketches/train/train_sketch_8_E1c_1511300355318.png,train,train_sketch_8_E1c_1511300355318.png,8,1511300355318.png,TRUE
728,A2WT6FV92737W6,train,https://langcog.stanford.edu/expts/BLL/kiddraw-recognitionRatings/sketches/couch/couch_sketch_7_E1c_1511301634355.png,couch,couch_sketch_7_E1c_1511301634355.png,7,1511301634355.png,FALSE
729,A2WT6FV92737W6,cat,https://langcog.stanford.edu/expts/BLL/kiddraw-recognitionRatings/sketches/cat/cat_sketch_8_E1c_1510254933095.png,cat,cat_sketch_8_E1c_1510254933095.png,8,1510254933095.png,TRUE
730,A2WT6FV92737W6,carrot,https://langcog.stanford.edu/expts/BLL/kiddraw-recognitionRatings/sketches/chair/chair_sketch_4_E1c_1510252568116.png,chair,chair_sketch_4_E1c_1510252568116.png,4,1510252568116.png,FALSE
731,A2WT6FV92737W6,car,https://langcog.stanford.edu/expts/BLL/kiddraw-recognitionRatings/sketches/couch/couch_sketch_5_E1c_1510258311547.png,couch,couch_sketch_5_E1c_1510258311547.png,5,1510258311547.png,FALSE
732,A2WT6FV92737W6,chair,https://langcog.stanford.edu/expts/BLL/kiddraw-recognitionRatings/sketches/frog/frog_sketch_5_E1c_1510256904834.png,frog,frog_sketch_5_E1c_1510256904834.png,5,1510256904834.png,FALSE
733,A2WT6FV92737W6,car,https://langcog.stanford.edu/expts/BLL/kiddraw-recognitionRatings/sketches/car/car_sketch_8_E1c_1510787010922.png,car,car_sketch_8_E1c_1510787010922.png,8,1510787010922.png,TRUE
734,A2WT6FV92737W6,frog,https://langcog.stanford.edu/expts/BLL/kiddraw-recognitionRatings/sketches/frog/frog_sketch_8_E1c_1510690264523.png,frog,frog_sketch_8_E1c_1510690264523.png,8,1510690264523.png,TRUE
735,A2WT6FV92737W6,boat,https://langcog.stanford.edu/expts/BLL/kiddraw-recognitionRatings/sketches/shoe/shoe_sketch_7_E1c_1511301634355.png,shoe,shoe_sketch_7_E1c_1511301634355.png,7,1511301634355.png,FALSE
736,A2WT6FV92737W6,cat,https://langcog.stanford.edu/expts/BLL/kiddraw-recognitionRatings/sketches/cat/cat_sketch_10_E1c_1510684833991.png,cat,cat_sketch_10_E1c_1510684833991.png,10,1510684833991.png,TRUE
737,A2WT6FV92737W6,boat,https://langcog.stanford.edu/expts/BLL/kiddraw-recognitionRatings/sketches/boat/boat_sketch_8_E1c_1511293924452.png,boat,boat_sketch_8_E1c_1511293924452.png,8,1511293924452.png,TRUE
738,A2WT6FV92737W6,foot,https://langcog.stanford.edu/expts/BLL/kiddraw-recognitionRatings/sketches/foot/foot_sketch_8_E1c_1511293754661.png,foot,foot_sketch_8_E1c_1511293754661.png,8,1511293754661.png,TRUE
739,A2WT6FV92737W6,boat,https://langcog.stanford.edu/expts/BLL/kiddraw-recognitionRatings/sketches/boat/boat_sketch_6_E1c_1510700570912.png,boat,boat_sketch_6_E1c_1510700570912.png,6,1510700570912.png,TRUE
740,A2WT6FV92737W6,bean,https://langcog.stanford.edu/expts/BLL/kiddraw-recognitionRatings/sketches/phone/phone_sketch_5_E1c_1511301440421.png,phone,phone_sketch_5_E1c_1511301440421.png,5,1511301440421.png,FALSE
741,A2WT6FV92737W6,chair,https://langcog.stanford.edu/expts/BLL/kiddraw-recognitionRatings/sketches/couch/couch_sketch_10_E1c_1511301807087.png,couch,couch_sketch_10_E1c_1511301807087.png,10,1511301807087.png,FALSE
742,A2WT6FV92737W6,cup,https://langcog.stanford.edu/expts/BLL/kiddraw-recognitionRatings/sketches/cup/cup_sketch_10_E1c_1511293452162.png,cup,cup_sketch_10_E1c_1511293452162.png,10,1511293452162.png,TRUE
743,A2WT6FV92737W6,flower,https://langcog.stanford.edu/expts/BLL/kiddraw-recognitionRatings/sketches/flower/flower_sketch_8_E1c_1510870628731.png,flower,flower_sketch_8_E1c_1510870628731.png,8,1510870628731.png,TRUE
744,A2WT6FV92737W6,flower,https://langcog.stanford.edu/expts/BLL/kiddraw-recognitionRatings/sketches/flower/flower_sketch_7_E1c_1511301009480.png,flower,flower_sketch_7_E1c_1511301009480.png,7,1511301009480.png,TRUE
745,A2WT6FV92737W6,foot,https://langcog.stanford.edu/expts/BLL/kiddraw-recognitionRatings/sketches/foot/foot_sketch_8_E1c_1510254933095.png,foot,foot_sketch_8_E1c_1510254933095.png,8,1510254933095.png,TRUE
746,A2WT6FV92737W6,car,https://langcog.stanford.edu/expts/BLL/kiddraw-recognitionRatings/sketches/train/train_sketch_7_E1c_1510783353272.png,train,train_sketch_7_E1c_1510783353272.png,7,1510783353272.png,FALSE
747,A2WT6FV92737W6,cannott tell at all,https://langcog.stanford.edu/expts/BLL/kiddraw-recognitionRatings/sketches/carrot/carrot_sketch_4_E1c_1510263067113.png,carrot,carrot_sketch_4_E1c_1510263067113.png,4,1510263067113.png,FALSE
748,A2WT6FV92737W6,ice cream,https://langcog.stanford.edu/expts/BLL/kiddraw-recognitionRatings/sketches/ice cream/ice cream_sketch_8_E1c_1511293754661.png,ice cream,ice cream_sketch_8_E1c_1511293754661.png,8,1511293754661.png,TRUE
749,A2WT6FV92737W6,phone,https://langcog.stanford.edu/expts/BLL/kiddraw-recognitionRatings/sketches/phone/phone_sketch_8_E1c_1510690264523.png,phone,phone_sketch_8_E1c_1510690264523.png,8,1510690264523.png,TRUE
750,A2WT6FV92737W6,cup,https://langcog.stanford.edu/expts/BLL/kiddraw-recognitionRatings/sketches/cup/cup_sketch_6_E1c_1510695588717.png,cup,cup_sketch_6_E1c_1510695588717.png,6,1510695588717.png,TRUE
751,A2WT6FV92737W6,person,https://langcog.stanford.edu/expts/BLL/kiddraw-recognitionRatings/sketches/rabbit/rabbit_sketch_5_E1c_1510256904834.png,rabbit,rabbit_sketch_5_E1c_1510256904834.png,5,1510256904834.png,FALSE
752,A2WT6FV92737W6,train,https://langcog.stanford.edu/expts/BLL/kiddraw-recognitionRatings/sketches/train/train_sketch_5_E1c_1510786719020.png,train,train_sketch_5_E1c_1510786719020.png,5,1510786719020.png,TRUE
753,A2WT6FV92737W6,couch,https://langcog.stanford.edu/expts/BLL/kiddraw-recognitionRatings/sketches/couch/couch_sketch_6_E1c_1511292022297.png,couch,couch_sketch_6_E1c_1511292022297.png,6,1511292022297.png,TRUE
754,A2WT6FV92737W6,chair,https://langcog.stanford.edu/expts/BLL/kiddraw-recognitionRatings/sketches/chair/chair_sketch_6_E1c_1511293092153.png,chair,chair_sketch_6_E1c_1511293092153.png,6,1511293092153.png,TRUE
755,A2WT6FV92737W6,rabbit,https://langcog.stanford.edu/expts/BLL/kiddraw-recognitionRatings/sketches/rabbit/rabbit_sketch_6_E1c_1511293092153.png,rabbit,rabbit_sketch_6_E1c_1511293092153.png,6,1511293092153.png,TRUE
756,A2WT6FV92737W6,chair,https://langcog.stanford.edu/expts/BLL/kiddraw-recognitionRatings/sketches/cup/cup_sketch_5_E1c_1510258311547.png,cup,cup_sketch_5_E1c_1510258311547.png,5,1510258311547.png,FALSE
757,A2WT6FV92737W6,carrot,https://langcog.stanford.edu/expts/BLL/kiddraw-recognitionRatings/sketches/carrot/carrot_sketch_8_E1c_1511293754661.png,carrot,carrot_sketch_8_E1c_1511293754661.png,8,1511293754661.png,TRUE
758,A2WT6FV92737W6,bean,https://langcog.stanford.edu/expts/BLL/kiddraw-recognitionRatings/sketches/frog/frog_sketch_8_E1c_1510870628731.png,frog,frog_sketch_8_E1c_1510870628731.png,8,1510870628731.png,FALSE
759,A2WT6FV92737W6,couch,https://langcog.stanford.edu/expts/BLL/kiddraw-recognitionRatings/sketches/couch/couch_sketch_8_E1c_1510254933095.png,couch,couch_sketch_8_E1c_1510254933095.png,8,1510254933095.png,TRUE
760,A2WT6FV92737W6,foot,https://langcog.stanford.edu/expts/BLL/kiddraw-recognitionRatings/sketches/shoe/shoe_sketch_8_E1c_1510870628731.png,shoe,shoe_sketch_8_E1c_1510870628731.png,8,1510870628731.png,FALSE
761,A2WT6FV92737W6,shoe,https://langcog.stanford.edu/expts/BLL/kiddraw-recognitionRatings/sketches/shoe/shoe_sketch_8_E1c_1510254933095.png,shoe,shoe_sketch_8_E1c_1510254933095.png,8,1510254933095.png,TRUE
762,A2WT6FV92737W6,cat,https://langcog.stanford.edu/expts/BLL/kiddraw-recognitionRatings/sketches/rabbit/rabbit_sketch_8_E1c_1511300850043.png,rabbit,rabbit_sketch_8_E1c_1511300850043.png,8,1511300850043.png,FALSE
763,A2WT6FV92737W6,banana,https://langcog.stanford.edu/expts/BLL/kiddraw-recognitionRatings/sketches/banana/banana_sketch_5_E1c_1511301440421.png,banana,banana_sketch_5_E1c_1511301440421.png,5,1511301440421.png,TRUE
764,A2WT6FV92737W6,rock,https://langcog.stanford.edu/expts/BLL/kiddraw-recognitionRatings/sketches/carrot/carrot_sketch_5_E1c_1511301440421.png,carrot,carrot_sketch_5_E1c_1511301440421.png,5,1511301440421.png,FALSE
765,A2WT6FV92737W6,phone,https://langcog.stanford.edu/expts/BLL/kiddraw-recognitionRatings/sketches/phone/phone_sketch_6_E1c_1510782034963.png,phone,phone_sketch_6_E1c_1510782034963.png,6,1510782034963.png,TRUE
766,A2WT6FV92737W6,arm,https://langcog.stanford.edu/expts/BLL/kiddraw-recognitionRatings/sketches/shoe/shoe_sketch_8_E1c_1511300355318.png,shoe,shoe_sketch_8_E1c_1511300355318.png,8,1511300355318.png,FALSE
767,A2WT6FV92737W6,ice cream,https://langcog.stanford.edu/expts/BLL/kiddraw-recognitionRatings/sketches/ice cream/ice cream_sketch_6_E1c_1510700570912.png,ice cream,ice cream_sketch_6_E1c_1510700570912.png,6,1510700570912.png,TRUE
768,A2WT6FV92737W6,cat,https://langcog.stanford.edu/expts/BLL/kiddraw-recognitionRatings/sketches/cat/cat_sketch_6_E1c_1510700570912.png,cat,cat_sketch_6_E1c_1510700570912.png,6,1510700570912.png,TRUE
769,A2WT6FV92737W6,banana,https://langcog.stanford.edu/expts/BLL/kiddraw-recognitionRatings/sketches/banana/banana_sketch_8_E1c_1510787010922.png,banana,banana_sketch_8_E1c_1510787010922.png,8,1510787010922.png,TRUE
770,A2WT6FV92737W6,shoe,https://langcog.stanford.edu/expts/BLL/kiddraw-recognitionRatings/sketches/train/train_sketch_5_E1c_1510258311547.png,train,train_sketch_5_E1c_1510258311547.png,5,1510258311547.png,FALSE
771,A2WT6FV92737W6,chair,https://langcog.stanford.edu/expts/BLL/kiddraw-recognitionRatings/sketches/chair/chair_sketch_5_E1c_1510253748384.png,chair,chair_sketch_5_E1c_1510253748384.png,5,1510253748384.png,TRUE
772,A2WT6FV92737W6,rabbit,https://langcog.stanford.edu/expts/BLL/kiddraw-recognitionRatings/sketches/rabbit/rabbit_sketch_6_E1c_1511292286803.png,rabbit,rabbit_sketch_6_E1c_1511292286803.png,6,1511292286803.png,TRUE
773,A2WT6FV92737W6,cup,https://langcog.stanford.edu/expts/BLL/kiddraw-recognitionRatings/sketches/cup/cup_sketch_6_E1c_1510690510319.png,cup,cup_sketch_6_E1c_1510690510319.png,6,1510690510319.png,TRUE
774,A2WT6FV92737W6,rabbit,https://langcog.stanford.edu/expts/BLL/kiddraw-recognitionRatings/sketches/shoe/shoe_sketch_5_E1c_1510870384576.png,shoe,shoe_sketch_5_E1c_1510870384576.png,5,1510870384576.png,FALSE
775,A2WT6FV92737W6,car,https://langcog.stanford.edu/expts/BLL/kiddraw-recognitionRatings/sketches/car/car_sketch_10_E1c_1510684833991.png,car,car_sketch_10_E1c_1510684833991.png,10,1510684833991.png,TRUE
776,A2WT6FV92737W6,chair,https://langcog.stanford.edu/expts/BLL/kiddraw-recognitionRatings/sketches/chair/chair_sketch_10_E1c_1511293452162.png,chair,chair_sketch_10_E1c_1511293452162.png,10,1511293452162.png,TRUE
777,A2WT6FV92737W6,ice cream,https://langcog.stanford.edu/expts/BLL/kiddraw-recognitionRatings/sketches/ice cream/ice cream_sketch_6_E1c_1510690510319.png,ice cream,ice cream_sketch_6_E1c_1510690510319.png,6,1510690510319.png,TRUE
778,A2WT6FV92737W6,bean,https://langcog.stanford.edu/expts/BLL/kiddraw-recognitionRatings/sketches/chair/chair_sketch_4_E1c_1510268275436.png,chair,chair_sketch_4_E1c_1510268275436.png,4,1510268275436.png,FALSE
779,A2WT6FV92737W6,banana,https://langcog.stanford.edu/expts/BLL/kiddraw-recognitionRatings/sketches/banana/banana_sketch_5_E1c_1510786719020.png,banana,banana_sketch_5_E1c_1510786719020.png,5,1510786719020.png,TRUE
780,A2WT6FV92737W6,rabbit,https://langcog.stanford.edu/expts/BLL/kiddraw-recognitionRatings/sketches/rabbit/rabbit_sketch_8_E1c_1510870628731.png,rabbit,rabbit_sketch_8_E1c_1510870628731.png,8,1510870628731.png,TRUE
781,A2WT6FV92737W6,shoe,https://langcog.stanford.edu/expts/BLL/kiddraw-recognitionRatings/sketches/shoe/shoe_sketch_10_E1c_1511293452162.png,shoe,shoe_sketch_10_E1c_1511293452162.png,10,1511293452162.png,TRUE
782,A2WT6FV92737W6,rabbit,https://langcog.stanford.edu/expts/BLL/kiddraw-recognitionRatings/sketches/rabbit/rabbit_sketch_8_E1c_1511293924452.png,rabbit,rabbit_sketch_8_E1c_1511293924452.png,8,1511293924452.png,TRUE
783,A2WT6FV92737W6,frog,https://langcog.stanford.edu/expts/BLL/kiddraw-recognitionRatings/sketches/frog/frog_sketch_8_E1c_1511293754661.png,frog,frog_sketch_8_E1c_1511293754661.png,8,1511293754661.png,TRUE
784,A2WT6FV92737W6,cup,https://langcog.stanford.edu/expts/BLL/kiddraw-recognitionRatings/sketches/cup/cup_sketch_8_E1c_1510787010922.png,cup,cup_sketch_8_E1c_1510787010922.png,8,1510787010922.png,TRUE
785,A2WT6FV92737W6,foot,https://langcog.stanford.edu/expts/BLL/kiddraw-recognitionRatings/sketches/foot/foot_sketch_8_E1c_1510690264523.png,foot,foot_sketch_8_E1c_1510690264523.png,8,1510690264523.png,TRUE
786,A2WT6FV92737W6,flower,https://langcog.stanford.edu/expts/BLL/kiddraw-recognitionRatings/sketches/flower/flower_sketch_7_E1c_1510783353272.png,flower,flower_sketch_7_E1c_1510783353272.png,7,1510783353272.png,TRUE
787,A2WT6FV92737W6,boat,https://langcog.stanford.edu/expts/BLL/kiddraw-recognitionRatings/sketches/boat/boat_sketch_5_E1c_1510786719020.png,boat,boat_sketch_5_E1c_1510786719020.png,5,1510786719020.png,TRUE
788,A2WT6FV92737W6,shoe,https://langcog.stanford.edu/expts/BLL/kiddraw-recognitionRatings/sketches/banana/banana_sketch_8_E1c_1511300355318.png,banana,banana_sketch_8_E1c_1511300355318.png,8,1511300355318.png,FALSE
789,A2WT6FV92737W6,banana,https://langcog.stanford.edu/expts/BLL/kiddraw-recognitionRatings/sketches/banana/banana_sketch_8_E1c_1511292658766.png,banana,banana_sketch_8_E1c_1511292658766.png,8,1511292658766.png,TRUE
790,A2WT6FV92737W6,couch,https://langcog.stanford.edu/expts/BLL/kiddraw-recognitionRatings/sketches/couch/couch_sketch_6_E1c_1510695588717.png,couch,couch_sketch_6_E1c_1510695588717.png,6,1510695588717.png,TRUE
791,A2WT6FV92737W6,person,https://langcog.stanford.edu/expts/BLL/kiddraw-recognitionRatings/sketches/rabbit/rabbit_sketch_6_E1c_1510783818788.png,rabbit,rabbit_sketch_6_E1c_1510783818788.png,6,1510783818788.png,FALSE
792,A2WT6FV92737W6,car,https://langcog.stanford.edu/expts/BLL/kiddraw-recognitionRatings/sketches/car/car_sketch_5_E1c_1510870384576.png,car,car_sketch_5_E1c_1510870384576.png,5,1510870384576.png,TRUE
793,A2WT6FV92737W6,carrot,https://langcog.stanford.edu/expts/BLL/kiddraw-recognitionRatings/sketches/carrot/carrot_sketch_9_E1c_1510686242527.png,carrot,carrot_sketch_9_E1c_1510686242527.png,9,1510686242527.png,TRUE
794,A2WT6FV92737W6,chair,https://langcog.stanford.edu/expts/BLL/kiddraw-recognitionRatings/sketches/chair/chair_sketch_8_E1c_1511293924452.png,chair,chair_sketch_8_E1c_1511293924452.png,8,1511293924452.png,TRUE
795,A2WT6FV92737W6,flower,https://langcog.stanford.edu/expts/BLL/kiddraw-recognitionRatings/sketches/flower/flower_sketch_8_E1c_1510262448790.png,flower,flower_sketch_8_E1c_1510262448790.png,8,1510262448790.png,TRUE
796,A2WT6FV92737W6,banana,https://langcog.stanford.edu/expts/BLL/kiddraw-recognitionRatings/sketches/banana/banana_sketch_6_E1c_1511293092153.png,banana,banana_sketch_6_E1c_1511293092153.png,6,1511293092153.png,TRUE
797,A2WT6FV92737W6,boat,https://langcog.stanford.edu/expts/BLL/kiddraw-recognitionRatings/sketches/boat/boat_sketch_6_E1c_1511292286803.png,boat,boat_sketch_6_E1c_1511292286803.png,6,1511292286803.png,TRUE
798,A2WT6FV92737W6,boat,https://langcog.stanford.edu/expts/BLL/kiddraw-recognitionRatings/sketches/car/car_sketch_4_E1c_1510263067113.png,car,car_sketch_4_E1c_1510263067113.png,4,1510263067113.png,FALSE
799,A2WT6FV92737W6,ice cream,https://langcog.stanford.edu/expts/BLL/kiddraw-recognitionRatings/sketches/ice cream/ice cream_sketch_8_E1c_1510787010922.png,ice cream,ice cream_sketch_8_E1c_1510787010922.png,8,1510787010922.png,TRUE
800,A2WT6FV92737W6,car,https://langcog.stanford.edu/expts/BLL/kiddraw-recognitionRatings/sketches/train/train_sketch_6_E1c_1511292022297.png,train,train_sketch_6_E1c_1511292022297.png,6,1511292022297.png,FALSE
801,A2WT6FV92737W6,cup,https://langcog.stanford.edu/expts/BLL/kiddraw-recognitionRatings/sketches/cup/cup_sketch_8_E1c_1510870628731.png,cup,cup_sketch_8_E1c_1510870628731.png,8,1510870628731.png,TRUE
802,A2WT6FV92737W6,cat,https://langcog.stanford.edu/expts/BLL/kiddraw-recognitionRatings/sketches/cat/cat_sketch_8_E1c_1511300355318.png,cat,cat_sketch_8_E1c_1511300355318.png,8,1511300355318.png,TRUE
803,A2WT6FV92737W6,car,https://langcog.stanford.edu/expts/BLL/kiddraw-recognitionRatings/sketches/car/car_sketch_6_E1c_1511293092153.png,car,car_sketch_6_E1c_1511293092153.png,6,1511293092153.png,TRUE
804,A2WT6FV92737W6,foot,https://langcog.stanford.edu/expts/BLL/kiddraw-recognitionRatings/sketches/shoe/shoe_sketch_5_E1c_1510256904834.png,shoe,shoe_sketch_5_E1c_1510256904834.png,5,1510256904834.png,FALSE
805,A2WT6FV92737W6,flower,https://langcog.stanford.edu/expts/BLL/kiddraw-recognitionRatings/sketches/flower/flower_sketch_5_E1c_1510253748384.png,flower,flower_sketch_5_E1c_1510253748384.png,5,1510253748384.png,TRUE
806,A2WT6FV92737W6,person,https://langcog.stanford.edu/expts/BLL/kiddraw-recognitionRatings/sketches/rabbit/rabbit_sketch_8_E1c_1510787010922.png,rabbit,rabbit_sketch_8_E1c_1510787010922.png,8,1510787010922.png,FALSE
807,A2WT6FV92737W6,carrot,https://langcog.stanford.edu/expts/BLL/kiddraw-recognitionRatings/sketches/carrot/carrot_sketch_9_E1c_1510689458884.png,carrot,carrot_sketch_9_E1c_1510689458884.png,9,1510689458884.png,TRUE
808,A2WT6FV92737W6,chair,https://langcog.stanford.edu/expts/BLL/kiddraw-recognitionRatings/sketches/couch/couch_sketch_8_E1c_1510870628731.png,couch,couch_sketch_8_E1c_1510870628731.png,8,1510870628731.png,FALSE
809,A2WT6FV92737W6,shoe,https://langcog.stanford.edu/expts/BLL/kiddraw-recognitionRatings/sketches/shoe/shoe_sketch_6_E1c_1511292022297.png,shoe,shoe_sketch_6_E1c_1511292022297.png,6,1511292022297.png,TRUE
810,A2WT6FV92737W6,foot,https://langcog.stanford.edu/expts/BLL/kiddraw-recognitionRatings/sketches/foot/foot_sketch_6_E1c_1510782034963.png,foot,foot_sketch_6_E1c_1510782034963.png,6,1510782034963.png,TRUE
811,A2WT6FV92737W6,chair,https://langcog.stanford.edu/expts/BLL/kiddraw-recognitionRatings/sketches/chair/chair_sketch_6_E1c_1510690510319.png,chair,chair_sketch_6_E1c_1510690510319.png,6,1510690510319.png,TRUE
812,A2WT6FV92737W6,ice cream,https://langcog.stanford.edu/expts/BLL/kiddraw-recognitionRatings/sketches/ice cream/ice cream_sketch_5_E1c_1510253748384.png,ice cream,ice cream_sketch_5_E1c_1510253748384.png,5,1510253748384.png,TRUE
813,A2WT6FV92737W6,couch,https://langcog.stanford.edu/expts/BLL/kiddraw-recognitionRatings/sketches/couch/couch_sketch_5_E1c_1510786719020.png,couch,couch_sketch_5_E1c_1510786719020.png,5,1510786719020.png,TRUE
814,A2WT6FV92737W6,flower,https://langcog.stanford.edu/expts/BLL/kiddraw-recognitionRatings/sketches/flower/flower_sketch_8_E1c_1511300355318.png,flower,flower_sketch_8_E1c_1511300355318.png,8,1511300355318.png,TRUE
815,A2WT6FV92737W6,banana,https://langcog.stanford.edu/expts/BLL/kiddraw-recognitionRatings/sketches/banana/banana_sketch_8_E1c_1510870628731.png,banana,banana_sketch_8_E1c_1510870628731.png,8,1510870628731.png,TRUE
816,A2WT6FV92737W6,cup,https://langcog.stanford.edu/expts/BLL/kiddraw-recognitionRatings/sketches/cup/cup_sketch_5_E1c_1510870384576.png,cup,cup_sketch_5_E1c_1510870384576.png,5,1510870384576.png,TRUE
817,A2WT6FV92737W6,car,https://langcog.stanford.edu/expts/BLL/kiddraw-recognitionRatings/sketches/car/car_sketch_8_E1c_1511293924452.png,car,car_sketch_8_E1c_1511293924452.png,8,1511293924452.png,TRUE
818,A2WT6FV92737W6,car,https://langcog.stanford.edu/expts/BLL/kiddraw-recognitionRatings/sketches/car/car_sketch_6_E1c_1510695588717.png,car,car_sketch_6_E1c_1510695588717.png,6,1510695588717.png,TRUE
819,A2WT6FV92737W6,banana,https://langcog.stanford.edu/expts/BLL/kiddraw-recognitionRatings/sketches/couch/couch_sketch_4_E1c_1510268275436.png,couch,couch_sketch_4_E1c_1510268275436.png,4,1510268275436.png,FALSE
820,A2WT6FV92737W6,foot,https://langcog.stanford.edu/expts/BLL/kiddraw-recognitionRatings/sketches/foot/foot_sketch_6_E1c_1511292022297.png,foot,foot_sketch_6_E1c_1511292022297.png,6,1511292022297.png,TRUE
821,A2WT6FV92737W6,flower,https://langcog.stanford.edu/expts/BLL/kiddraw-recognitionRatings/sketches/flower/flower_sketch_10_E1c_1510684833991.png,flower,flower_sketch_10_E1c_1510684833991.png,10,1510684833991.png,TRUE
822,A2WT6FV92737W6,chair,https://langcog.stanford.edu/expts/BLL/kiddraw-recognitionRatings/sketches/chair/chair_sketch_10_E1c_1510684833991.png,chair,chair_sketch_10_E1c_1510684833991.png,10,1510684833991.png,TRUE
823,A2WT6FV92737W6,carrot,https://langcog.stanford.edu/expts/BLL/kiddraw-recognitionRatings/sketches/carrot/carrot_sketch_10_E1c_1510255462419.png,carrot,carrot_sketch_10_E1c_1510255462419.png,10,1510255462419.png,TRUE
824,A2WT6FV92737W6,frog,https://langcog.stanford.edu/expts/BLL/kiddraw-recognitionRatings/sketches/frog/frog_sketch_10_E1c_1510684833991.png,frog,frog_sketch_10_E1c_1510684833991.png,10,1510684833991.png,TRUE
825,A2WT6FV92737W6,car,https://langcog.stanford.edu/expts/BLL/kiddraw-recognitionRatings/sketches/train/train_sketch_5_E1c_1510253748384.png,train,train_sketch_5_E1c_1510253748384.png,5,1510253748384.png,FALSE
826,A2WT6FV92737W6,ice cream,https://langcog.stanford.edu/expts/BLL/kiddraw-recognitionRatings/sketches/ice cream/ice cream_sketch_10_E1c_1510684833991.png,ice cream,ice cream_sketch_10_E1c_1510684833991.png,10,1510684833991.png,TRUE
827,A2WT6FV92737W6,cat,https://langcog.stanford.edu/expts/BLL/kiddraw-recognitionRatings/sketches/cat/cat_sketch_5_E1c_1510786719020.png,cat,cat_sketch_5_E1c_1510786719020.png,5,1510786719020.png,TRUE
828,A2WT6FV92737W6,bean,https://langcog.stanford.edu/expts/BLL/kiddraw-recognitionRatings/sketches/frog/frog_sketch_7_E1c_1510263944688.png,frog,frog_sketch_7_E1c_1510263944688.png,7,1510263944688.png,FALSE
829,A2WT6FV92737W6,boat,https://langcog.stanford.edu/expts/BLL/kiddraw-recognitionRatings/sketches/boat/boat_sketch_6_E1c_1510695588717.png,boat,boat_sketch_6_E1c_1510695588717.png,6,1510695588717.png,TRUE
830,A2WT6FV92737W6,train,https://langcog.stanford.edu/expts/BLL/kiddraw-recognitionRatings/sketches/train/train_sketch_6_E1c_1510782034963.png,train,train_sketch_6_E1c_1510782034963.png,6,1510782034963.png,TRUE
831,A2WT6FV92737W6,arm,https://langcog.stanford.edu/expts/BLL/kiddraw-recognitionRatings/sketches/chair/chair_sketch_5_E1c_1510786719020.png,chair,chair_sketch_5_E1c_1510786719020.png,5,1510786719020.png,FALSE
832,A2WT6FV92737W6,cat,https://langcog.stanford.edu/expts/BLL/kiddraw-recognitionRatings/sketches/cat/cat_sketch_8_E1c_1511293924452.png,cat,cat_sketch_8_E1c_1511293924452.png,8,1511293924452.png,TRUE
833,A2WT6FV92737W6,phone,https://langcog.stanford.edu/expts/BLL/kiddraw-recognitionRatings/sketches/phone/phone_sketch_8_E1c_1511293924452.png,phone,phone_sketch_8_E1c_1511293924452.png,8,1511293924452.png,TRUE
834,A2WT6FV92737W6,phone,https://langcog.stanford.edu/expts/BLL/kiddraw-recognitionRatings/sketches/phone/phone_sketch_6_E1c_1510783818788.png,phone,phone_sketch_6_E1c_1510783818788.png,6,1510783818788.png,TRUE
835,A2WT6FV92737W6,cannott tell at all,https://langcog.stanford.edu/expts/BLL/kiddraw-recognitionRatings/sketches/cup/cup_sketch_4_E1c_1510691847400.png,cup,cup_sketch_4_E1c_1510691847400.png,4,1510691847400.png,FALSE
836,A2WT6FV92737W6,car,https://langcog.stanford.edu/expts/BLL/kiddraw-recognitionRatings/sketches/car/car_sketch_7_E1c_1511301009480.png,car,car_sketch_7_E1c_1511301009480.png,7,1511301009480.png,TRUE
837,A2WT6FV92737W6,chair,https://langcog.stanford.edu/expts/BLL/kiddraw-recognitionRatings/sketches/chair/chair_sketch_8_E1c_1510870628731.png,chair,chair_sketch_8_E1c_1510870628731.png,8,1510870628731.png,TRUE
838,A2WT6FV92737W6,banana,https://langcog.stanford.edu/expts/BLL/kiddraw-recognitionRatings/sketches/banana/banana_sketch_5_E1c_1510253748384.png,banana,banana_sketch_5_E1c_1510253748384.png,5,1510253748384.png,TRUE
839,A2WT6FV92737W6,frog,https://langcog.stanford.edu/expts/BLL/kiddraw-recognitionRatings/sketches/frog/frog_sketch_6_E1c_1510700570912.png,frog,frog_sketch_6_E1c_1510700570912.png,6,1510700570912.png,TRUE
840,A2WT6FV92737W6,flower,https://langcog.stanford.edu/expts/BLL/kiddraw-recognitionRatings/sketches/flower/flower_sketch_8_E1c_1511300850043.png,flower,flower_sketch_8_E1c_1511300850043.png,8,1511300850043.png,TRUE
841,A2WT6FV92737W6,flower,https://langcog.stanford.edu/expts/BLL/kiddraw-recognitionRatings/sketches/flower/flower_sketch_10_E1c_1511293452162.png,flower,flower_sketch_10_E1c_1511293452162.png,10,1511293452162.png,TRUE
842,A2WT6FV92737W6,boat,https://langcog.stanford.edu/expts/BLL/kiddraw-recognitionRatings/sketches/boat/boat_sketch_8_E1c_1511292658766.png,boat,boat_sketch_8_E1c_1511292658766.png,8,1511292658766.png,TRUE
843,A2WT6FV92737W6,car,https://langcog.stanford.edu/expts/BLL/kiddraw-recognitionRatings/sketches/train/train_sketch_6_E1c_1511293092153.png,train,train_sketch_6_E1c_1511293092153.png,6,1511293092153.png,FALSE
844,A2WT6FV92737W6,train,https://langcog.stanford.edu/expts/BLL/kiddraw-recognitionRatings/sketches/train/train_sketch_6_E1c_1510690510319.png,train,train_sketch_6_E1c_1510690510319.png,6,1510690510319.png,TRUE
845,A2WT6FV92737W6,frog,https://langcog.stanford.edu/expts/BLL/kiddraw-recognitionRatings/sketches/frog/frog_sketch_8_E1c_1510262448790.png,frog,frog_sketch_8_E1c_1510262448790.png,8,1510262448790.png,TRUE
846,A2WT6FV92737W6,foot,https://langcog.stanford.edu/expts/BLL/kiddraw-recognitionRatings/sketches/foot/foot_sketch_8_E1c_1510262448790.png,foot,foot_sketch_8_E1c_1510262448790.png,8,1510262448790.png,TRUE
847,A2WT6FV92737W6,ice cream,https://langcog.stanford.edu/expts/BLL/kiddraw-recognitionRatings/sketches/cup/cup_sketch_10_E1c_1510684833991.png,cup,cup_sketch_10_E1c_1510684833991.png,10,1510684833991.png,FALSE
848,A2WT6FV92737W6,train,https://langcog.stanford.edu/expts/BLL/kiddraw-recognitionRatings/sketches/train/train_sketch_6_E1c_1510783818788.png,train,train_sketch_6_E1c_1510783818788.png,6,1510783818788.png,TRUE
849,A2WT6FV92737W6,cannott tell at all,https://langcog.stanford.edu/expts/BLL/kiddraw-recognitionRatings/sketches/train/train_sketch_4_E1c_1510268275436.png,train,train_sketch_4_E1c_1510268275436.png,4,1510268275436.png,FALSE
850,A2WT6FV92737W6,train,https://langcog.stanford.edu/expts/BLL/kiddraw-recognitionRatings/sketches/train/train_sketch_7_E1c_1510870100423.png,train,train_sketch_7_E1c_1510870100423.png,7,1510870100423.png,TRUE
851,A2WT6FV92737W6,chair,https://langcog.stanford.edu/expts/BLL/kiddraw-recognitionRatings/sketches/chair/chair_sketch_7_E1c_1510870100423.png,chair,chair_sketch_7_E1c_1510870100423.png,7,1510870100423.png,TRUE
852,A2WT6FV92737W6,banana,https://langcog.stanford.edu/expts/BLL/kiddraw-recognitionRatings/sketches/banana/banana_sketch_6_E1c_1510782034963.png,banana,banana_sketch_6_E1c_1510782034963.png,6,1510782034963.png,TRUE
853,A2WT6FV92737W6,rabbit,https://langcog.stanford.edu/expts/BLL/kiddraw-recognitionRatings/sketches/boat/boat_sketch_5_E1c_1510258311547.png,boat,boat_sketch_5_E1c_1510258311547.png,5,1510258311547.png,FALSE
854,A2WT6FV92737W6,banana,https://langcog.stanford.edu/expts/BLL/kiddraw-recognitionRatings/sketches/banana/banana_sketch_9_E1c_1510686242527.png,banana,banana_sketch_9_E1c_1510686242527.png,9,1510686242527.png,TRUE
855,A2WT6FV92737W6,boat,https://langcog.stanford.edu/expts/BLL/kiddraw-recognitionRatings/sketches/boat/boat_sketch_7_E1c_1511301009480.png,boat,boat_sketch_7_E1c_1511301009480.png,7,1511301009480.png,TRUE
856,A2WT6FV92737W6,cat,https://langcog.stanford.edu/expts/BLL/kiddraw-recognitionRatings/sketches/rabbit/rabbit_sketch_6_E1c_1511292022297.png,rabbit,rabbit_sketch_6_E1c_1511292022297.png,6,1511292022297.png,FALSE
857,A2WT6FV92737W6,cup,https://langcog.stanford.edu/expts/BLL/kiddraw-recognitionRatings/sketches/ice cream/ice cream_sketch_8_E1c_1511300355318.png,ice cream,ice cream_sketch_8_E1c_1511300355318.png,8,1511300355318.png,FALSE
858,A2WT6FV92737W6,couch,https://langcog.stanford.edu/expts/BLL/kiddraw-recognitionRatings/sketches/foot/foot_sketch_4_E1c_1510691847400.png,foot,foot_sketch_4_E1c_1510691847400.png,4,1510691847400.png,FALSE
859,A94DL4GI8ZBUO,frog,https://langcog.stanford.edu/expts/BLL/kiddraw-recognitionRatings/sketches/frog/frog_sketch_10_E1c_1510684833991.png,frog,frog_sketch_10_E1c_1510684833991.png,10,1510684833991.png,TRUE
860,A94DL4GI8ZBUO,phone,https://langcog.stanford.edu/expts/BLL/kiddraw-recognitionRatings/sketches/phone/phone_sketch_7_E1c_1510263944688.png,phone,phone_sketch_7_E1c_1510263944688.png,7,1510263944688.png,TRUE
861,A94DL4GI8ZBUO,frog,https://langcog.stanford.edu/expts/BLL/kiddraw-recognitionRatings/sketches/frog/frog_sketch_6_E1c_1511293092153.png,frog,frog_sketch_6_E1c_1511293092153.png,6,1511293092153.png,TRUE
862,A94DL4GI8ZBUO,boat,https://langcog.stanford.edu/expts/BLL/kiddraw-recognitionRatings/sketches/boat/boat_sketch_6_E1c_1510695588717.png,boat,boat_sketch_6_E1c_1510695588717.png,6,1510695588717.png,TRUE
863,A94DL4GI8ZBUO,flower,https://langcog.stanford.edu/expts/BLL/kiddraw-recognitionRatings/sketches/flower/flower_sketch_7_E1c_1510783353272.png,flower,flower_sketch_7_E1c_1510783353272.png,7,1510783353272.png,TRUE
864,A94DL4GI8ZBUO,frog,https://langcog.stanford.edu/expts/BLL/kiddraw-recognitionRatings/sketches/frog/frog_sketch_10_E1c_1511293452162.png,frog,frog_sketch_10_E1c_1511293452162.png,10,1511293452162.png,TRUE
865,A94DL4GI8ZBUO,shoe,https://langcog.stanford.edu/expts/BLL/kiddraw-recognitionRatings/sketches/couch/couch_sketch_7_E1c_1511301634355.png,couch,couch_sketch_7_E1c_1511301634355.png,7,1511301634355.png,FALSE
866,A94DL4GI8ZBUO,carrot,https://langcog.stanford.edu/expts/BLL/kiddraw-recognitionRatings/sketches/carrot/carrot_sketch_9_E1c_1510686242527.png,carrot,carrot_sketch_9_E1c_1510686242527.png,9,1510686242527.png,TRUE
867,A94DL4GI8ZBUO,banana,https://langcog.stanford.edu/expts/BLL/kiddraw-recognitionRatings/sketches/banana/banana_sketch_7_E1c_1511301009480.png,banana,banana_sketch_7_E1c_1511301009480.png,7,1511301009480.png,TRUE
868,A94DL4GI8ZBUO,boat,https://langcog.stanford.edu/expts/BLL/kiddraw-recognitionRatings/sketches/boat/boat_sketch_5_E1c_1510253748384.png,boat,boat_sketch_5_E1c_1510253748384.png,5,1510253748384.png,TRUE
869,A94DL4GI8ZBUO,cat,https://langcog.stanford.edu/expts/BLL/kiddraw-recognitionRatings/sketches/cat/cat_sketch_8_E1c_1511292658766.png,cat,cat_sketch_8_E1c_1511292658766.png,8,1511292658766.png,TRUE
870,A94DL4GI8ZBUO,banana,https://langcog.stanford.edu/expts/BLL/kiddraw-recognitionRatings/sketches/shoe/shoe_sketch_7_E1c_1510263944688.png,shoe,shoe_sketch_7_E1c_1510263944688.png,7,1510263944688.png,FALSE
871,A94DL4GI8ZBUO,rabbit,https://langcog.stanford.edu/expts/BLL/kiddraw-recognitionRatings/sketches/rabbit/rabbit_sketch_8_E1c_1510870628731.png,rabbit,rabbit_sketch_8_E1c_1510870628731.png,8,1510870628731.png,TRUE
872,A94DL4GI8ZBUO,frog,https://langcog.stanford.edu/expts/BLL/kiddraw-recognitionRatings/sketches/rabbit/rabbit_sketch_4_E1c_1510263067113.png,rabbit,rabbit_sketch_4_E1c_1510263067113.png,4,1510263067113.png,FALSE
873,A94DL4GI8ZBUO,carrot,https://langcog.stanford.edu/expts/BLL/kiddraw-recognitionRatings/sketches/foot/foot_sketch_5_E1c_1510786719020.png,foot,foot_sketch_5_E1c_1510786719020.png,5,1510786719020.png,FALSE
874,A94DL4GI8ZBUO,train,https://langcog.stanford.edu/expts/BLL/kiddraw-recognitionRatings/sketches/train/train_sketch_5_E1c_1510786719020.png,train,train_sketch_5_E1c_1510786719020.png,5,1510786719020.png,TRUE
875,A94DL4GI8ZBUO,flower,https://langcog.stanford.edu/expts/BLL/kiddraw-recognitionRatings/sketches/flower/flower_sketch_10_E1c_1510783638074.png,flower,flower_sketch_10_E1c_1510783638074.png,10,1510783638074.png,TRUE
876,A94DL4GI8ZBUO,boat,https://langcog.stanford.edu/expts/BLL/kiddraw-recognitionRatings/sketches/boat/boat_sketch_8_E1c_1510870628731.png,boat,boat_sketch_8_E1c_1510870628731.png,8,1510870628731.png,TRUE
877,A94DL4GI8ZBUO,carrot,https://langcog.stanford.edu/expts/BLL/kiddraw-recognitionRatings/sketches/carrot/carrot_sketch_7_E1c_1510870100423.png,carrot,carrot_sketch_7_E1c_1510870100423.png,7,1510870100423.png,TRUE
878,A94DL4GI8ZBUO,couch,https://langcog.stanford.edu/expts/BLL/kiddraw-recognitionRatings/sketches/couch/couch_sketch_5_E1c_1510258311547.png,couch,couch_sketch_5_E1c_1510258311547.png,5,1510258311547.png,TRUE
879,A94DL4GI8ZBUO,rabbit,https://langcog.stanford.edu/expts/BLL/kiddraw-recognitionRatings/sketches/rabbit/rabbit_sketch_10_E1c_1511293452162.png,rabbit,rabbit_sketch_10_E1c_1511293452162.png,10,1511293452162.png,TRUE
880,A94DL4GI8ZBUO,frog,https://langcog.stanford.edu/expts/BLL/kiddraw-recognitionRatings/sketches/frog/frog_sketch_7_E1c_1510263944688.png,frog,frog_sketch_7_E1c_1510263944688.png,7,1510263944688.png,TRUE
881,A94DL4GI8ZBUO,train,https://langcog.stanford.edu/expts/BLL/kiddraw-recognitionRatings/sketches/couch/couch_sketch_8_E1c_1511293754661.png,couch,couch_sketch_8_E1c_1511293754661.png,8,1511293754661.png,FALSE
882,A94DL4GI8ZBUO,car,https://langcog.stanford.edu/expts/BLL/kiddraw-recognitionRatings/sketches/car/car_sketch_6_E1c_1510253415559.png,car,car_sketch_6_E1c_1510253415559.png,6,1510253415559.png,TRUE
883,A94DL4GI8ZBUO,shoe,https://langcog.stanford.edu/expts/BLL/kiddraw-recognitionRatings/sketches/shoe/shoe_sketch_5_E1c_1510256904834.png,shoe,shoe_sketch_5_E1c_1510256904834.png,5,1510256904834.png,TRUE
884,A94DL4GI8ZBUO,chair,https://langcog.stanford.edu/expts/BLL/kiddraw-recognitionRatings/sketches/chair/chair_sketch_6_E1c_1510690510319.png,chair,chair_sketch_6_E1c_1510690510319.png,6,1510690510319.png,TRUE
885,A94DL4GI8ZBUO,foot,https://langcog.stanford.edu/expts/BLL/kiddraw-recognitionRatings/sketches/foot/foot_sketch_4_E1c_1510691847400.png,foot,foot_sketch_4_E1c_1510691847400.png,4,1510691847400.png,TRUE
886,A94DL4GI8ZBUO,train,https://langcog.stanford.edu/expts/BLL/kiddraw-recognitionRatings/sketches/train/train_sketch_6_E1c_1510253415559.png,train,train_sketch_6_E1c_1510253415559.png,6,1510253415559.png,TRUE
887,A94DL4GI8ZBUO,cup,https://langcog.stanford.edu/expts/BLL/kiddraw-recognitionRatings/sketches/cup/cup_sketch_8_E1c_1510690264523.png,cup,cup_sketch_8_E1c_1510690264523.png,8,1510690264523.png,TRUE
888,A94DL4GI8ZBUO,chair,https://langcog.stanford.edu/expts/BLL/kiddraw-recognitionRatings/sketches/chair/chair_sketch_10_E1c_1511293452162.png,chair,chair_sketch_10_E1c_1511293452162.png,10,1511293452162.png,TRUE
889,A94DL4GI8ZBUO,train,https://langcog.stanford.edu/expts/BLL/kiddraw-recognitionRatings/sketches/train/train_sketch_6_E1c_1510690510319.png,train,train_sketch_6_E1c_1510690510319.png,6,1510690510319.png,TRUE
890,A94DL4GI8ZBUO,boat,https://langcog.stanford.edu/expts/BLL/kiddraw-recognitionRatings/sketches/boat/boat_sketch_4_E1c_1510263067113.png,boat,boat_sketch_4_E1c_1510263067113.png,4,1510263067113.png,TRUE
891,A94DL4GI8ZBUO,carrot,https://langcog.stanford.edu/expts/BLL/kiddraw-recognitionRatings/sketches/carrot/carrot_sketch_10_E1c_1510255462419.png,carrot,carrot_sketch_10_E1c_1510255462419.png,10,1510255462419.png,TRUE
892,A94DL4GI8ZBUO,banana,https://langcog.stanford.edu/expts/BLL/kiddraw-recognitionRatings/sketches/banana/banana_sketch_8_E1c_1510254933095.png,banana,banana_sketch_8_E1c_1510254933095.png,8,1510254933095.png,TRUE
893,A94DL4GI8ZBUO,phone,https://langcog.stanford.edu/expts/BLL/kiddraw-recognitionRatings/sketches/phone/phone_sketch_8_E1c_1510254933095.png,phone,phone_sketch_8_E1c_1510254933095.png,8,1510254933095.png,TRUE
894,A94DL4GI8ZBUO,cup,https://langcog.stanford.edu/expts/BLL/kiddraw-recognitionRatings/sketches/cup/cup_sketch_8_E1c_1511293924452.png,cup,cup_sketch_8_E1c_1511293924452.png,8,1511293924452.png,TRUE
895,A94DL4GI8ZBUO,rabbit,https://langcog.stanford.edu/expts/BLL/kiddraw-recognitionRatings/sketches/rabbit/rabbit_sketch_8_E1c_1511293924452.png,rabbit,rabbit_sketch_8_E1c_1511293924452.png,8,1511293924452.png,TRUE
896,A94DL4GI8ZBUO,car,https://langcog.stanford.edu/expts/BLL/kiddraw-recognitionRatings/sketches/car/car_sketch_8_E1c_1511293924452.png,car,car_sketch_8_E1c_1511293924452.png,8,1511293924452.png,TRUE
897,A94DL4GI8ZBUO,train,https://langcog.stanford.edu/expts/BLL/kiddraw-recognitionRatings/sketches/train/train_sketch_10_E1c_1511301807087.png,train,train_sketch_10_E1c_1511301807087.png,10,1511301807087.png,TRUE
898,A94DL4GI8ZBUO,couch,https://langcog.stanford.edu/expts/BLL/kiddraw-recognitionRatings/sketches/couch/couch_sketch_10_E1c_1510684833991.png,couch,couch_sketch_10_E1c_1510684833991.png,10,1510684833991.png,TRUE
899,A94DL4GI8ZBUO,foot,https://langcog.stanford.edu/expts/BLL/kiddraw-recognitionRatings/sketches/foot/foot_sketch_8_E1c_1510787010922.png,foot,foot_sketch_8_E1c_1510787010922.png,8,1510787010922.png,TRUE
900,A94DL4GI8ZBUO,boat,https://langcog.stanford.edu/expts/BLL/kiddraw-recognitionRatings/sketches/boat/boat_sketch_8_E1c_1511292658766.png,boat,boat_sketch_8_E1c_1511292658766.png,8,1511292658766.png,TRUE
901,A94DL4GI8ZBUO,banana,https://langcog.stanford.edu/expts/BLL/kiddraw-recognitionRatings/sketches/banana/banana_sketch_8_E1c_1511292658766.png,banana,banana_sketch_8_E1c_1511292658766.png,8,1511292658766.png,TRUE
902,A94DL4GI8ZBUO,train,https://langcog.stanford.edu/expts/BLL/kiddraw-recognitionRatings/sketches/train/train_sketch_6_E1c_1511292022297.png,train,train_sketch_6_E1c_1511292022297.png,6,1511292022297.png,TRUE
903,A94DL4GI8ZBUO,train,https://langcog.stanford.edu/expts/BLL/kiddraw-recognitionRatings/sketches/train/train_sketch_8_E1c_1510870628731.png,train,train_sketch_8_E1c_1510870628731.png,8,1510870628731.png,TRUE
904,A94DL4GI8ZBUO,phone,https://langcog.stanford.edu/expts/BLL/kiddraw-recognitionRatings/sketches/phone/phone_sketch_6_E1c_1510782034963.png,phone,phone_sketch_6_E1c_1510782034963.png,6,1510782034963.png,TRUE
905,A94DL4GI8ZBUO,train,https://langcog.stanford.edu/expts/BLL/kiddraw-recognitionRatings/sketches/train/train_sketch_6_E1c_1511293092153.png,train,train_sketch_6_E1c_1511293092153.png,6,1511293092153.png,TRUE
906,A94DL4GI8ZBUO,frog,https://langcog.stanford.edu/expts/BLL/kiddraw-recognitionRatings/sketches/frog/frog_sketch_6_E1c_1510700570912.png,frog,frog_sketch_6_E1c_1510700570912.png,6,1510700570912.png,TRUE
907,A94DL4GI8ZBUO,foot,https://langcog.stanford.edu/expts/BLL/kiddraw-recognitionRatings/sketches/foot/foot_sketch_6_E1c_1511292022297.png,foot,foot_sketch_6_E1c_1511292022297.png,6,1511292022297.png,TRUE
908,A94DL4GI8ZBUO,rabbit,https://langcog.stanford.edu/expts/BLL/kiddraw-recognitionRatings/sketches/rabbit/rabbit_sketch_7_E1c_1510870100423.png,rabbit,rabbit_sketch_7_E1c_1510870100423.png,7,1510870100423.png,TRUE
909,A94DL4GI8ZBUO,banana,https://langcog.stanford.edu/expts/BLL/kiddraw-recognitionRatings/sketches/cup/cup_sketch_8_E1c_1510254933095.png,cup,cup_sketch_8_E1c_1510254933095.png,8,1510254933095.png,FALSE
910,A94DL4GI8ZBUO,cup,https://langcog.stanford.edu/expts/BLL/kiddraw-recognitionRatings/sketches/cup/cup_sketch_8_E1c_1510787010922.png,cup,cup_sketch_8_E1c_1510787010922.png,8,1510787010922.png,TRUE
911,A94DL4GI8ZBUO,chair,https://langcog.stanford.edu/expts/BLL/kiddraw-recognitionRatings/sketches/chair/chair_sketch_7_E1c_1510783353272.png,chair,chair_sketch_7_E1c_1510783353272.png,7,1510783353272.png,TRUE
912,A94DL4GI8ZBUO,frog,https://langcog.stanford.edu/expts/BLL/kiddraw-recognitionRatings/sketches/frog/frog_sketch_5_E1c_1510256904834.png,frog,frog_sketch_5_E1c_1510256904834.png,5,1510256904834.png,TRUE
913,A94DL4GI8ZBUO,cat,https://langcog.stanford.edu/expts/BLL/kiddraw-recognitionRatings/sketches/cat/cat_sketch_10_E1c_1510684833991.png,cat,cat_sketch_10_E1c_1510684833991.png,10,1510684833991.png,TRUE
914,A94DL4GI8ZBUO,foot,https://langcog.stanford.edu/expts/BLL/kiddraw-recognitionRatings/sketches/foot/foot_sketch_8_E1c_1511293754661.png,foot,foot_sketch_8_E1c_1511293754661.png,8,1511293754661.png,TRUE
915,A94DL4GI8ZBUO,couch,https://langcog.stanford.edu/expts/BLL/kiddraw-recognitionRatings/sketches/couch/couch_sketch_6_E1c_1511293092153.png,couch,couch_sketch_6_E1c_1511293092153.png,6,1511293092153.png,TRUE
916,A94DL4GI8ZBUO,chair,https://langcog.stanford.edu/expts/BLL/kiddraw-recognitionRatings/sketches/couch/couch_sketch_8_E1c_1510870628731.png,couch,couch_sketch_8_E1c_1510870628731.png,8,1510870628731.png,FALSE
917,A94DL4GI8ZBUO,banana,https://langcog.stanford.edu/expts/BLL/kiddraw-recognitionRatings/sketches/banana/banana_sketch_10_E1c_1511293452162.png,banana,banana_sketch_10_E1c_1511293452162.png,10,1511293452162.png,TRUE
918,A94DL4GI8ZBUO,phone,https://langcog.stanford.edu/expts/BLL/kiddraw-recognitionRatings/sketches/phone/phone_sketch_6_E1c_1510783818788.png,phone,phone_sketch_6_E1c_1510783818788.png,6,1510783818788.png,TRUE
919,A94DL4GI8ZBUO,banana,https://langcog.stanford.edu/expts/BLL/kiddraw-recognitionRatings/sketches/banana/banana_sketch_10_E1c_1510684833991.png,banana,banana_sketch_10_E1c_1510684833991.png,10,1510684833991.png,TRUE
920,A94DL4GI8ZBUO,couch,https://langcog.stanford.edu/expts/BLL/kiddraw-recognitionRatings/sketches/couch/couch_sketch_10_E1c_1511301807087.png,couch,couch_sketch_10_E1c_1511301807087.png,10,1511301807087.png,TRUE
921,A94DL4GI8ZBUO,phone,https://langcog.stanford.edu/expts/BLL/kiddraw-recognitionRatings/sketches/shoe/shoe_sketch_8_E1c_1510787010922.png,shoe,shoe_sketch_8_E1c_1510787010922.png,8,1510787010922.png,FALSE
922,A94DL4GI8ZBUO,frog,https://langcog.stanford.edu/expts/BLL/kiddraw-recognitionRatings/sketches/cup/cup_sketch_5_E1c_1510258311547.png,cup,cup_sketch_5_E1c_1510258311547.png,5,1510258311547.png,FALSE
923,A94DL4GI8ZBUO,rabbit,https://langcog.stanford.edu/expts/BLL/kiddraw-recognitionRatings/sketches/rabbit/rabbit_sketch_8_E1c_1510787010922.png,rabbit,rabbit_sketch_8_E1c_1510787010922.png,8,1510787010922.png,TRUE
924,A94DL4GI8ZBUO,phone,https://langcog.stanford.edu/expts/BLL/kiddraw-recognitionRatings/sketches/phone/phone_sketch_5_E1c_1511301440421.png,phone,phone_sketch_5_E1c_1511301440421.png,5,1511301440421.png,TRUE
925,A94DL4GI8ZBUO,banana,https://langcog.stanford.edu/expts/BLL/kiddraw-recognitionRatings/sketches/banana/banana_sketch_5_E1c_1510786719020.png,banana,banana_sketch_5_E1c_1510786719020.png,5,1510786719020.png,TRUE
926,A94DL4GI8ZBUO,flower,https://langcog.stanford.edu/expts/BLL/kiddraw-recognitionRatings/sketches/flower/flower_sketch_5_E1c_1510253748384.png,flower,flower_sketch_5_E1c_1510253748384.png,5,1510253748384.png,TRUE
927,A94DL4GI8ZBUO,cat,https://langcog.stanford.edu/expts/BLL/kiddraw-recognitionRatings/sketches/cat/cat_sketch_10_E1c_1510783638074.png,cat,cat_sketch_10_E1c_1510783638074.png,10,1510783638074.png,TRUE
928,A94DL4GI8ZBUO,foot,https://langcog.stanford.edu/expts/BLL/kiddraw-recognitionRatings/sketches/train/train_sketch_8_E1c_1510787010922.png,train,train_sketch_8_E1c_1510787010922.png,8,1510787010922.png,FALSE
929,A94DL4GI8ZBUO,flower,https://langcog.stanford.edu/expts/BLL/kiddraw-recognitionRatings/sketches/flower/flower_sketch_6_E1c_1510700570912.png,flower,flower_sketch_6_E1c_1510700570912.png,6,1510700570912.png,TRUE
930,A94DL4GI8ZBUO,cat,https://langcog.stanford.edu/expts/BLL/kiddraw-recognitionRatings/sketches/cat/cat_sketch_8_E1c_1510870628731.png,cat,cat_sketch_8_E1c_1510870628731.png,8,1510870628731.png,TRUE
931,A94DL4GI8ZBUO,ice cream,https://langcog.stanford.edu/expts/BLL/kiddraw-recognitionRatings/sketches/ice cream/ice cream_sketch_8_E1c_1510262448790.png,ice cream,ice cream_sketch_8_E1c_1510262448790.png,8,1510262448790.png,TRUE
932,A94DL4GI8ZBUO,carrot,https://langcog.stanford.edu/expts/BLL/kiddraw-recognitionRatings/sketches/carrot/carrot_sketch_10_E1c_1511293452162.png,carrot,carrot_sketch_10_E1c_1511293452162.png,10,1511293452162.png,TRUE
933,A94DL4GI8ZBUO,rock,https://langcog.stanford.edu/expts/BLL/kiddraw-recognitionRatings/sketches/carrot/carrot_sketch_5_E1c_1511301440421.png,carrot,carrot_sketch_5_E1c_1511301440421.png,5,1511301440421.png,FALSE
934,A94DL4GI8ZBUO,rabbit,https://langcog.stanford.edu/expts/BLL/kiddraw-recognitionRatings/sketches/train/train_sketch_5_E1c_1510258311547.png,train,train_sketch_5_E1c_1510258311547.png,5,1510258311547.png,FALSE
935,A94DL4GI8ZBUO,banana,https://langcog.stanford.edu/expts/BLL/kiddraw-recognitionRatings/sketches/banana/banana_sketch_5_E1c_1510253748384.png,banana,banana_sketch_5_E1c_1510253748384.png,5,1510253748384.png,TRUE
936,A94DL4GI8ZBUO,phone,https://langcog.stanford.edu/expts/BLL/kiddraw-recognitionRatings/sketches/boat/boat_sketch_8_E1c_1510787010922.png,boat,boat_sketch_8_E1c_1510787010922.png,8,1510787010922.png,FALSE
937,A94DL4GI8ZBUO,cat,https://langcog.stanford.edu/expts/BLL/kiddraw-recognitionRatings/sketches/cat/cat_sketch_8_E1c_1511300355318.png,cat,cat_sketch_8_E1c_1511300355318.png,8,1511300355318.png,TRUE
938,A94DL4GI8ZBUO,flower,https://langcog.stanford.edu/expts/BLL/kiddraw-recognitionRatings/sketches/flower/flower_sketch_8_E1c_1510262448790.png,flower,flower_sketch_8_E1c_1510262448790.png,8,1510262448790.png,TRUE
939,A94DL4GI8ZBUO,boat,https://langcog.stanford.edu/expts/BLL/kiddraw-recognitionRatings/sketches/boat/boat_sketch_6_E1c_1510700570912.png,boat,boat_sketch_6_E1c_1510700570912.png,6,1510700570912.png,TRUE
940,A94DL4GI8ZBUO,ice cream,https://langcog.stanford.edu/expts/BLL/kiddraw-recognitionRatings/sketches/ice cream/ice cream_sketch_7_E1c_1510870100423.png,ice cream,ice cream_sketch_7_E1c_1510870100423.png,7,1510870100423.png,TRUE
941,A94DL4GI8ZBUO,phone,https://langcog.stanford.edu/expts/BLL/kiddraw-recognitionRatings/sketches/phone/phone_sketch_8_E1c_1511293924452.png,phone,phone_sketch_8_E1c_1511293924452.png,8,1511293924452.png,TRUE
942,A94DL4GI8ZBUO,foot,https://langcog.stanford.edu/expts/BLL/kiddraw-recognitionRatings/sketches/chair/chair_sketch_4_E1c_1510252568116.png,chair,chair_sketch_4_E1c_1510252568116.png,4,1510252568116.png,FALSE
943,A94DL4GI8ZBUO,banana,https://langcog.stanford.edu/expts/BLL/kiddraw-recognitionRatings/sketches/banana/banana_sketch_6_E1c_1511292022297.png,banana,banana_sketch_6_E1c_1511292022297.png,6,1511292022297.png,TRUE
944,A94DL4GI8ZBUO,flower,https://langcog.stanford.edu/expts/BLL/kiddraw-recognitionRatings/sketches/flower/flower_sketch_8_E1c_1511293754661.png,flower,flower_sketch_8_E1c_1511293754661.png,8,1511293754661.png,TRUE
945,A94DL4GI8ZBUO,chair,https://langcog.stanford.edu/expts/BLL/kiddraw-recognitionRatings/sketches/chair/chair_sketch_6_E1c_1511293092153.png,chair,chair_sketch_6_E1c_1511293092153.png,6,1511293092153.png,TRUE
946,A94DL4GI8ZBUO,train,https://langcog.stanford.edu/expts/BLL/kiddraw-recognitionRatings/sketches/train/train_sketch_6_E1c_1510700570912.png,train,train_sketch_6_E1c_1510700570912.png,6,1510700570912.png,TRUE
947,A94DL4GI8ZBUO,cup,https://langcog.stanford.edu/expts/BLL/kiddraw-recognitionRatings/sketches/cup/cup_sketch_10_E1c_1511293452162.png,cup,cup_sketch_10_E1c_1511293452162.png,10,1511293452162.png,TRUE
948,A94DL4GI8ZBUO,car,https://langcog.stanford.edu/expts/BLL/kiddraw-recognitionRatings/sketches/car/car_sketch_6_E1c_1510782034963.png,car,car_sketch_6_E1c_1510782034963.png,6,1510782034963.png,TRUE
949,A94DL4GI8ZBUO,banana,https://langcog.stanford.edu/expts/BLL/kiddraw-recognitionRatings/sketches/banana/banana_sketch_6_E1c_1510782034963.png,banana,banana_sketch_6_E1c_1510782034963.png,6,1510782034963.png,TRUE
950,A94DL4GI8ZBUO,chair,https://langcog.stanford.edu/expts/BLL/kiddraw-recognitionRatings/sketches/chair/chair_sketch_10_E1c_1510684833991.png,chair,chair_sketch_10_E1c_1510684833991.png,10,1510684833991.png,TRUE
951,A94DL4GI8ZBUO,flower,https://langcog.stanford.edu/expts/BLL/kiddraw-recognitionRatings/sketches/flower/flower_sketch_8_E1c_1510870628731.png,flower,flower_sketch_8_E1c_1510870628731.png,8,1510870628731.png,TRUE
952,A94DL4GI8ZBUO,chair,https://langcog.stanford.edu/expts/BLL/kiddraw-recognitionRatings/sketches/chair/chair_sketch_8_E1c_1510787010922.png,chair,chair_sketch_8_E1c_1510787010922.png,8,1510787010922.png,TRUE
953,A94DL4GI8ZBUO,ice cream,https://langcog.stanford.edu/expts/BLL/kiddraw-recognitionRatings/sketches/ice cream/ice cream_sketch_10_E1c_1510783638074.png,ice cream,ice cream_sketch_10_E1c_1510783638074.png,10,1510783638074.png,TRUE
954,A94DL4GI8ZBUO,phone,https://langcog.stanford.edu/expts/BLL/kiddraw-recognitionRatings/sketches/phone/phone_sketch_8_E1c_1510870628731.png,phone,phone_sketch_8_E1c_1510870628731.png,8,1510870628731.png,TRUE
955,A94DL4GI8ZBUO,flower,https://langcog.stanford.edu/expts/BLL/kiddraw-recognitionRatings/sketches/flower/flower_sketch_8_E1c_1511300355318.png,flower,flower_sketch_8_E1c_1511300355318.png,8,1511300355318.png,TRUE
956,A94DL4GI8ZBUO,cup,https://langcog.stanford.edu/expts/BLL/kiddraw-recognitionRatings/sketches/cup/cup_sketch_8_E1c_1510870628731.png,cup,cup_sketch_8_E1c_1510870628731.png,8,1510870628731.png,TRUE
957,A94DL4GI8ZBUO,banana,https://langcog.stanford.edu/expts/BLL/kiddraw-recognitionRatings/sketches/banana/banana_sketch_9_E1c_1510686242527.png,banana,banana_sketch_9_E1c_1510686242527.png,9,1510686242527.png,TRUE
958,A94DL4GI8ZBUO,cat,https://langcog.stanford.edu/expts/BLL/kiddraw-recognitionRatings/sketches/rabbit/rabbit_sketch_4_E1c_1510691847400.png,rabbit,rabbit_sketch_4_E1c_1510691847400.png,4,1510691847400.png,FALSE
959,A94DL4GI8ZBUO,ice cream,https://langcog.stanford.edu/expts/BLL/kiddraw-recognitionRatings/sketches/ice cream/ice cream_sketch_8_E1c_1511293754661.png,ice cream,ice cream_sketch_8_E1c_1511293754661.png,8,1511293754661.png,TRUE
960,A94DL4GI8ZBUO,rabbit,https://langcog.stanford.edu/expts/BLL/kiddraw-recognitionRatings/sketches/rabbit/rabbit_sketch_8_E1c_1510254933095.png,rabbit,rabbit_sketch_8_E1c_1510254933095.png,8,1510254933095.png,TRUE
961,A94DL4GI8ZBUO,phone,https://langcog.stanford.edu/expts/BLL/kiddraw-recognitionRatings/sketches/phone/phone_sketch_7_E1c_1510870100423.png,phone,phone_sketch_7_E1c_1510870100423.png,7,1510870100423.png,TRUE
962,A94DL4GI8ZBUO,foot,https://langcog.stanford.edu/expts/BLL/kiddraw-recognitionRatings/sketches/foot/foot_sketch_8_E1c_1510262448790.png,foot,foot_sketch_8_E1c_1510262448790.png,8,1510262448790.png,TRUE
963,A94DL4GI8ZBUO,boat,https://langcog.stanford.edu/expts/BLL/kiddraw-recognitionRatings/sketches/boat/boat_sketch_6_E1c_1511292286803.png,boat,boat_sketch_6_E1c_1511292286803.png,6,1511292286803.png,TRUE
964,A94DL4GI8ZBUO,frog,https://langcog.stanford.edu/expts/BLL/kiddraw-recognitionRatings/sketches/boat/boat_sketch_5_E1c_1510258311547.png,boat,boat_sketch_5_E1c_1510258311547.png,5,1510258311547.png,FALSE
965,A94DL4GI8ZBUO,shoe,https://langcog.stanford.edu/expts/BLL/kiddraw-recognitionRatings/sketches/shoe/shoe_sketch_10_E1c_1511293452162.png,shoe,shoe_sketch_10_E1c_1511293452162.png,10,1511293452162.png,TRUE
966,A94DL4GI8ZBUO,chair,https://langcog.stanford.edu/expts/BLL/kiddraw-recognitionRatings/sketches/chair/chair_sketch_10_E1c_1511301807087.png,chair,chair_sketch_10_E1c_1511301807087.png,10,1511301807087.png,TRUE
967,A94DL4GI8ZBUO,car,https://langcog.stanford.edu/expts/BLL/kiddraw-recognitionRatings/sketches/car/car_sketch_6_E1c_1510690510319.png,car,car_sketch_6_E1c_1510690510319.png,6,1510690510319.png,TRUE
968,A94DL4GI8ZBUO,shoe,https://langcog.stanford.edu/expts/BLL/kiddraw-recognitionRatings/sketches/shoe/shoe_sketch_6_E1c_1510695588717.png,shoe,shoe_sketch_6_E1c_1510695588717.png,6,1510695588717.png,TRUE
969,A94DL4GI8ZBUO,cup,https://langcog.stanford.edu/expts/BLL/kiddraw-recognitionRatings/sketches/cup/cup_sketch_10_E1c_1511301807087.png,cup,cup_sketch_10_E1c_1511301807087.png,10,1511301807087.png,TRUE
970,A94DL4GI8ZBUO,chair,https://langcog.stanford.edu/expts/BLL/kiddraw-recognitionRatings/sketches/carrot/carrot_sketch_4_E1c_1510268275436.png,carrot,carrot_sketch_4_E1c_1510268275436.png,4,1510268275436.png,FALSE
971,A94DL4GI8ZBUO,phone,https://langcog.stanford.edu/expts/BLL/kiddraw-recognitionRatings/sketches/phone/phone_sketch_10_E1c_1511293452162.png,phone,phone_sketch_10_E1c_1511293452162.png,10,1511293452162.png,TRUE
972,A94DL4GI8ZBUO,shoe,https://langcog.stanford.edu/expts/BLL/kiddraw-recognitionRatings/sketches/ice cream/ice cream_sketch_5_E1c_1510253748384.png,ice cream,ice cream_sketch_5_E1c_1510253748384.png,5,1510253748384.png,FALSE
973,A94DL4GI8ZBUO,car,https://langcog.stanford.edu/expts/BLL/kiddraw-recognitionRatings/sketches/couch/couch_sketch_5_E1c_1510786719020.png,couch,couch_sketch_5_E1c_1510786719020.png,5,1510786719020.png,FALSE
974,A94DL4GI8ZBUO,phone,https://langcog.stanford.edu/expts/BLL/kiddraw-recognitionRatings/sketches/phone/phone_sketch_10_E1c_1510783638074.png,phone,phone_sketch_10_E1c_1510783638074.png,10,1510783638074.png,TRUE
975,A94DL4GI8ZBUO,rabbit,https://langcog.stanford.edu/expts/BLL/kiddraw-recognitionRatings/sketches/rabbit/rabbit_sketch_6_E1c_1511292286803.png,rabbit,rabbit_sketch_6_E1c_1511292286803.png,6,1511292286803.png,TRUE
976,A94DL4GI8ZBUO,boat,https://langcog.stanford.edu/expts/BLL/kiddraw-recognitionRatings/sketches/couch/couch_sketch_6_E1c_1511292022297.png,couch,couch_sketch_6_E1c_1511292022297.png,6,1511292022297.png,FALSE
977,A94DL4GI8ZBUO,ice cream,https://langcog.stanford.edu/expts/BLL/kiddraw-recognitionRatings/sketches/ice cream/ice cream_sketch_7_E1c_1511301634355.png,ice cream,ice cream_sketch_7_E1c_1511301634355.png,7,1511301634355.png,TRUE
978,A94DL4GI8ZBUO,phone,https://langcog.stanford.edu/expts/BLL/kiddraw-recognitionRatings/sketches/phone/phone_sketch_8_E1c_1511300850043.png,phone,phone_sketch_8_E1c_1511300850043.png,8,1511300850043.png,TRUE
979,A94DL4GI8ZBUO,carrot,https://langcog.stanford.edu/expts/BLL/kiddraw-recognitionRatings/sketches/carrot/carrot_sketch_7_E1c_1510263944688.png,carrot,carrot_sketch_7_E1c_1510263944688.png,7,1510263944688.png,TRUE
980,A94DL4GI8ZBUO,boat,https://langcog.stanford.edu/expts/BLL/kiddraw-recognitionRatings/sketches/boat/boat_sketch_8_E1c_1511293924452.png,boat,boat_sketch_8_E1c_1511293924452.png,8,1511293924452.png,TRUE
981,A94DL4GI8ZBUO,flower,https://langcog.stanford.edu/expts/BLL/kiddraw-recognitionRatings/sketches/flower/flower_sketch_10_E1c_1511293452162.png,flower,flower_sketch_10_E1c_1511293452162.png,10,1511293452162.png,TRUE
982,A94DL4GI8ZBUO,banana,https://langcog.stanford.edu/expts/BLL/kiddraw-recognitionRatings/sketches/banana/banana_sketch_6_E1c_1511292286803.png,banana,banana_sketch_6_E1c_1511292286803.png,6,1511292286803.png,TRUE
983,A94DL4GI8ZBUO,train,https://langcog.stanford.edu/expts/BLL/kiddraw-recognitionRatings/sketches/train/train_sketch_5_E1c_1510870384576.png,train,train_sketch_5_E1c_1510870384576.png,5,1510870384576.png,TRUE
984,A94DL4GI8ZBUO,shoe,https://langcog.stanford.edu/expts/BLL/kiddraw-recognitionRatings/sketches/shoe/shoe_sketch_8_E1c_1511300355318.png,shoe,shoe_sketch_8_E1c_1511300355318.png,8,1511300355318.png,TRUE
985,A94DL4GI8ZBUO,shoe,https://langcog.stanford.edu/expts/BLL/kiddraw-recognitionRatings/sketches/shoe/shoe_sketch_8_E1c_1510262448790.png,shoe,shoe_sketch_8_E1c_1510262448790.png,8,1510262448790.png,TRUE
986,A94DL4GI8ZBUO,cat,https://langcog.stanford.edu/expts/BLL/kiddraw-recognitionRatings/sketches/cat/cat_sketch_8_E1c_1510254933095.png,cat,cat_sketch_8_E1c_1510254933095.png,8,1510254933095.png,TRUE
987,A94DL4GI8ZBUO,frog,https://langcog.stanford.edu/expts/BLL/kiddraw-recognitionRatings/sketches/frog/frog_sketch_10_E1c_1510255462419.png,frog,frog_sketch_10_E1c_1510255462419.png,10,1510255462419.png,TRUE
988,A94DL4GI8ZBUO,carrot,https://langcog.stanford.edu/expts/BLL/kiddraw-recognitionRatings/sketches/ice cream/ice cream_sketch_8_E1c_1510787010922.png,ice cream,ice cream_sketch_8_E1c_1510787010922.png,8,1510787010922.png,FALSE
989,A94DL4GI8ZBUO,car,https://langcog.stanford.edu/expts/BLL/kiddraw-recognitionRatings/sketches/car/car_sketch_8_E1c_1511293754661.png,car,car_sketch_8_E1c_1511293754661.png,8,1511293754661.png,TRUE
990,A94DL4GI8ZBUO,carrot,https://langcog.stanford.edu/expts/BLL/kiddraw-recognitionRatings/sketches/carrot/carrot_sketch_10_E1c_1511301807087.png,carrot,carrot_sketch_10_E1c_1511301807087.png,10,1511301807087.png,TRUE
991,A94DL4GI8ZBUO,phone,https://langcog.stanford.edu/expts/BLL/kiddraw-recognitionRatings/sketches/phone/phone_sketch_7_E1c_1510783353272.png,phone,phone_sketch_7_E1c_1510783353272.png,7,1510783353272.png,TRUE
992,A94DL4GI8ZBUO,train,https://langcog.stanford.edu/expts/BLL/kiddraw-recognitionRatings/sketches/car/car_sketch_6_E1c_1510695588717.png,car,car_sketch_6_E1c_1510695588717.png,6,1510695588717.png,FALSE
993,A94DL4GI8ZBUO,ice cream,https://langcog.stanford.edu/expts/BLL/kiddraw-recognitionRatings/sketches/ice cream/ice cream_sketch_8_E1c_1510254933095.png,ice cream,ice cream_sketch_8_E1c_1510254933095.png,8,1510254933095.png,TRUE
994,A94DL4GI8ZBUO,carrot,https://langcog.stanford.edu/expts/BLL/kiddraw-recognitionRatings/sketches/carrot/carrot_sketch_6_E1c_1510695588717.png,carrot,carrot_sketch_6_E1c_1510695588717.png,6,1510695588717.png,TRUE
995,A94DL4GI8ZBUO,shoe,https://langcog.stanford.edu/expts/BLL/kiddraw-recognitionRatings/sketches/cup/cup_sketch_5_E1c_1510870384576.png,cup,cup_sketch_5_E1c_1510870384576.png,5,1510870384576.png,FALSE
996,A94DL4GI8ZBUO,flower,https://langcog.stanford.edu/expts/BLL/kiddraw-recognitionRatings/sketches/flower/flower_sketch_8_E1c_1511292658766.png,flower,flower_sketch_8_E1c_1511292658766.png,8,1511292658766.png,TRUE
997,A94DL4GI8ZBUO,chair,https://langcog.stanford.edu/expts/BLL/kiddraw-recognitionRatings/sketches/chair/chair_sketch_8_E1c_1510870628731.png,chair,chair_sketch_8_E1c_1510870628731.png,8,1510870628731.png,TRUE
998,A94DL4GI8ZBUO,train,https://langcog.stanford.edu/expts/BLL/kiddraw-recognitionRatings/sketches/train/train_sketch_6_E1c_1510783818788.png,train,train_sketch_6_E1c_1510783818788.png,6,1510783818788.png,TRUE
999,A94DL4GI8ZBUO,phone,https://langcog.stanford.edu/expts/BLL/kiddraw-recognitionRatings/sketches/phone/phone_sketch_10_E1c_1510684833991.png,phone,phone_sketch_10_E1c_1510684833991.png,10,1510684833991.png,TRUE
1000,A94DL4GI8ZBUO,frog,https://langcog.stanford.edu/expts/BLL/kiddraw-recognitionRatings/sketches/rabbit/rabbit_sketch_5_E1c_1510256904834.png,rabbit,rabbit_sketch_5_E1c_1510256904834.png,5,1510256904834.png,FALSE
1001,A94DL4GI8ZBUO,foot,https://langcog.stanford.edu/expts/BLL/kiddraw-recognitionRatings/sketches/foot/foot_sketch_6_E1c_1510782034963.png,foot,foot_sketch_6_E1c_1510782034963.png,6,1510782034963.png,TRUE
1002,A94DL4GI8ZBUO,shoe,https://langcog.stanford.edu/expts/BLL/kiddraw-recognitionRatings/sketches/train/train_sketch_4_E1c_1510268275436.png,train,train_sketch_4_E1c_1510268275436.png,4,1510268275436.png,FALSE
1003,A94DL4GI8ZBUO,couch,https://langcog.stanford.edu/expts/BLL/kiddraw-recognitionRatings/sketches/chair/chair_sketch_6_E1c_1511292286803.png,chair,chair_sketch_6_E1c_1511292286803.png,6,1511292286803.png,FALSE
1004,A94DL4GI8ZBUO,boat,https://langcog.stanford.edu/expts/BLL/kiddraw-recognitionRatings/sketches/boat/boat_sketch_9_E1c_1510686242527.png,boat,boat_sketch_9_E1c_1510686242527.png,9,1510686242527.png,TRUE
1005,A94DL4GI8ZBUO,chair,https://langcog.stanford.edu/expts/BLL/kiddraw-recognitionRatings/sketches/chair/chair_sketch_5_E1c_1510253748384.png,chair,chair_sketch_5_E1c_1510253748384.png,5,1510253748384.png,TRUE
1006,A94DL4GI8ZBUO,cat,https://langcog.stanford.edu/expts/BLL/kiddraw-recognitionRatings/sketches/cat/cat_sketch_8_E1c_1510787010922.png,cat,cat_sketch_8_E1c_1510787010922.png,8,1510787010922.png,TRUE
1007,A94DL4GI8ZBUO,carrot,https://langcog.stanford.edu/expts/BLL/kiddraw-recognitionRatings/sketches/carrot/carrot_sketch_9_E1c_1510689458884.png,carrot,carrot_sketch_9_E1c_1510689458884.png,9,1510689458884.png,TRUE
1008,A94DL4GI8ZBUO,rabbit,https://langcog.stanford.edu/expts/BLL/kiddraw-recognitionRatings/sketches/rabbit/rabbit_sketch_8_E1c_1511300355318.png,rabbit,rabbit_sketch_8_E1c_1511300355318.png,8,1511300355318.png,TRUE
1009,A94DL4GI8ZBUO,train,https://langcog.stanford.edu/expts/BLL/kiddraw-recognitionRatings/sketches/train/train_sketch_9_E1c_1510689458884.png,train,train_sketch_9_E1c_1510689458884.png,9,1510689458884.png,TRUE
1010,A94DL4GI8ZBUO,cat,https://langcog.stanford.edu/expts/BLL/kiddraw-recognitionRatings/sketches/cat/cat_sketch_6_E1c_1510700570912.png,cat,cat_sketch_6_E1c_1510700570912.png,6,1510700570912.png,TRUE
1011,A94DL4GI8ZBUO,frog,https://langcog.stanford.edu/expts/BLL/kiddraw-recognitionRatings/sketches/frog/frog_sketch_6_E1c_1510782034963.png,frog,frog_sketch_6_E1c_1510782034963.png,6,1510782034963.png,TRUE
1012,A94DL4GI8ZBUO,person,https://langcog.stanford.edu/expts/BLL/kiddraw-recognitionRatings/sketches/foot/foot_sketch_4_E1c_1510252568116.png,foot,foot_sketch_4_E1c_1510252568116.png,4,1510252568116.png,FALSE
1013,A94DL4GI8ZBUO,ice cream,https://langcog.stanford.edu/expts/BLL/kiddraw-recognitionRatings/sketches/ice cream/ice cream_sketch_4_E1c_1510691847400.png,ice cream,ice cream_sketch_4_E1c_1510691847400.png,4,1510691847400.png,TRUE
1014,A94DL4GI8ZBUO,chair,https://langcog.stanford.edu/expts/BLL/kiddraw-recognitionRatings/sketches/chair/chair_sketch_7_E1c_1510870100423.png,chair,chair_sketch_7_E1c_1510870100423.png,7,1510870100423.png,TRUE
1015,A94DL4GI8ZBUO,foot,https://langcog.stanford.edu/expts/BLL/kiddraw-recognitionRatings/sketches/foot/foot_sketch_10_E1c_1510783638074.png,foot,foot_sketch_10_E1c_1510783638074.png,10,1510783638074.png,TRUE
1016,A94DL4GI8ZBUO,cat,https://langcog.stanford.edu/expts/BLL/kiddraw-recognitionRatings/sketches/cat/cat_sketch_8_E1c_1511293924452.png,cat,cat_sketch_8_E1c_1511293924452.png,8,1511293924452.png,TRUE
1017,A94DL4GI8ZBUO,train,https://langcog.stanford.edu/expts/BLL/kiddraw-recognitionRatings/sketches/couch/couch_sketch_8_E1c_1510254933095.png,couch,couch_sketch_8_E1c_1510254933095.png,8,1510254933095.png,FALSE
1018,A94DL4GI8ZBUO,car,https://langcog.stanford.edu/expts/BLL/kiddraw-recognitionRatings/sketches/train/train_sketch_7_E1c_1510783353272.png,train,train_sketch_7_E1c_1510783353272.png,7,1510783353272.png,FALSE
1019,A94DL4GI8ZBUO,frog,https://langcog.stanford.edu/expts/BLL/kiddraw-recognitionRatings/sketches/rabbit/rabbit_sketch_5_E1c_1510786719020.png,rabbit,rabbit_sketch_5_E1c_1510786719020.png,5,1510786719020.png,FALSE
1020,A94DL4GI8ZBUO,chair,https://langcog.stanford.edu/expts/BLL/kiddraw-recognitionRatings/sketches/chair/chair_sketch_4_E1c_1510268275436.png,chair,chair_sketch_4_E1c_1510268275436.png,4,1510268275436.png,TRUE
1021,A94DL4GI8ZBUO,boat,https://langcog.stanford.edu/expts/BLL/kiddraw-recognitionRatings/sketches/boat/boat_sketch_7_E1c_1511301009480.png,boat,boat_sketch_7_E1c_1511301009480.png,7,1511301009480.png,TRUE
1022,A94DL4GI8ZBUO,cat,https://langcog.stanford.edu/expts/BLL/kiddraw-recognitionRatings/sketches/cat/cat_sketch_8_E1c_1510690264523.png,cat,cat_sketch_8_E1c_1510690264523.png,8,1510690264523.png,TRUE
1023,A94DL4GI8ZBUO,chair,https://langcog.stanford.edu/expts/BLL/kiddraw-recognitionRatings/sketches/chair/chair_sketch_8_E1c_1510254933095.png,chair,chair_sketch_8_E1c_1510254933095.png,8,1510254933095.png,TRUE
1024,A94DL4GI8ZBUO,shoe,https://langcog.stanford.edu/expts/BLL/kiddraw-recognitionRatings/sketches/shoe/shoe_sketch_10_E1c_1510255462419.png,shoe,shoe_sketch_10_E1c_1510255462419.png,10,1510255462419.png,TRUE
1025,A94DL4GI8ZBUO,car,https://langcog.stanford.edu/expts/BLL/kiddraw-recognitionRatings/sketches/car/car_sketch_8_E1c_1510254933095.png,car,car_sketch_8_E1c_1510254933095.png,8,1510254933095.png,TRUE
1026,A94DL4GI8ZBUO,ice cream,https://langcog.stanford.edu/expts/BLL/kiddraw-recognitionRatings/sketches/ice cream/ice cream_sketch_6_E1c_1510700570912.png,ice cream,ice cream_sketch_6_E1c_1510700570912.png,6,1510700570912.png,TRUE
1027,A94DL4GI8ZBUO,shoe,https://langcog.stanford.edu/expts/BLL/kiddraw-recognitionRatings/sketches/cup/cup_sketch_6_E1c_1510695588717.png,cup,cup_sketch_6_E1c_1510695588717.png,6,1510695588717.png,FALSE
1028,A94DL4GI8ZBUO,cat,https://langcog.stanford.edu/expts/BLL/kiddraw-recognitionRatings/sketches/rabbit/rabbit_sketch_9_E1c_1510686242527.png,rabbit,rabbit_sketch_9_E1c_1510686242527.png,9,1510686242527.png,FALSE
1029,A94DL4GI8ZBUO,banana,https://langcog.stanford.edu/expts/BLL/kiddraw-recognitionRatings/sketches/banana/banana_sketch_8_E1c_1510787010922.png,banana,banana_sketch_8_E1c_1510787010922.png,8,1510787010922.png,TRUE
1030,A94DL4GI8ZBUO,train,https://langcog.stanford.edu/expts/BLL/kiddraw-recognitionRatings/sketches/car/car_sketch_7_E1c_1511301009480.png,car,car_sketch_7_E1c_1511301009480.png,7,1511301009480.png,FALSE
1031,A94DL4GI8ZBUO,flower,https://langcog.stanford.edu/expts/BLL/kiddraw-recognitionRatings/sketches/flower/flower_sketch_8_E1c_1510254933095.png,flower,flower_sketch_8_E1c_1510254933095.png,8,1510254933095.png,TRUE
1032,A94DL4GI8ZBUO,car,https://langcog.stanford.edu/expts/BLL/kiddraw-recognitionRatings/sketches/car/car_sketch_10_E1c_1510684833991.png,car,car_sketch_10_E1c_1510684833991.png,10,1510684833991.png,TRUE
1033,A94DL4GI8ZBUO,cat,https://langcog.stanford.edu/expts/BLL/kiddraw-recognitionRatings/sketches/cat/cat_sketch_7_E1c_1510870100423.png,cat,cat_sketch_7_E1c_1510870100423.png,7,1510870100423.png,TRUE
1034,A94DL4GI8ZBUO,boat,https://langcog.stanford.edu/expts/BLL/kiddraw-recognitionRatings/sketches/boat/boat_sketch_10_E1c_1511301807087.png,boat,boat_sketch_10_E1c_1511301807087.png,10,1511301807087.png,TRUE
1035,A94DL4GI8ZBUO,couch,https://langcog.stanford.edu/expts/BLL/kiddraw-recognitionRatings/sketches/couch/couch_sketch_5_E1c_1510256904834.png,couch,couch_sketch_5_E1c_1510256904834.png,5,1510256904834.png,TRUE
1036,A94DL4GI8ZBUO,phone,https://langcog.stanford.edu/expts/BLL/kiddraw-recognitionRatings/sketches/banana/banana_sketch_8_E1c_1510870628731.png,banana,banana_sketch_8_E1c_1510870628731.png,8,1510870628731.png,FALSE
1037,A94DL4GI8ZBUO,car,https://langcog.stanford.edu/expts/BLL/kiddraw-recognitionRatings/sketches/chair/chair_sketch_6_E1c_1510783818788.png,chair,chair_sketch_6_E1c_1510783818788.png,6,1510783818788.png,FALSE
1038,A94DL4GI8ZBUO,foot,https://langcog.stanford.edu/expts/BLL/kiddraw-recognitionRatings/sketches/foot/foot_sketch_10_E1c_1510684833991.png,foot,foot_sketch_10_E1c_1510684833991.png,10,1510684833991.png,TRUE
1039,A94DL4GI8ZBUO,cat,https://langcog.stanford.edu/expts/BLL/kiddraw-recognitionRatings/sketches/cat/cat_sketch_5_E1c_1510786719020.png,cat,cat_sketch_5_E1c_1510786719020.png,5,1510786719020.png,TRUE
1040,A94DL4GI8ZBUO,shoe,https://langcog.stanford.edu/expts/BLL/kiddraw-recognitionRatings/sketches/shoe/shoe_sketch_8_E1c_1510870628731.png,shoe,shoe_sketch_8_E1c_1510870628731.png,8,1510870628731.png,TRUE
1041,A94DL4GI8ZBUO,ice cream,https://langcog.stanford.edu/expts/BLL/kiddraw-recognitionRatings/sketches/carrot/carrot_sketch_5_E1c_1510786719020.png,carrot,carrot_sketch_5_E1c_1510786719020.png,5,1510786719020.png,FALSE
1042,A94DL4GI8ZBUO,ice cream,https://langcog.stanford.edu/expts/BLL/kiddraw-recognitionRatings/sketches/ice cream/ice cream_sketch_6_E1c_1511292286803.png,ice cream,ice cream_sketch_6_E1c_1511292286803.png,6,1511292286803.png,TRUE
1043,A94DL4GI8ZBUO,shoe,https://langcog.stanford.edu/expts/BLL/kiddraw-recognitionRatings/sketches/shoe/shoe_sketch_6_E1c_1511292022297.png,shoe,shoe_sketch_6_E1c_1511292022297.png,6,1511292022297.png,TRUE
1044,A94DL4GI8ZBUO,boat,https://langcog.stanford.edu/expts/BLL/kiddraw-recognitionRatings/sketches/boat/boat_sketch_10_E1c_1511293452162.png,boat,boat_sketch_10_E1c_1511293452162.png,10,1511293452162.png,TRUE
1045,A94DL4GI8ZBUO,cup,https://langcog.stanford.edu/expts/BLL/kiddraw-recognitionRatings/sketches/cup/cup_sketch_10_E1c_1510255462419.png,cup,cup_sketch_10_E1c_1510255462419.png,10,1510255462419.png,TRUE
1046,A94DL4GI8ZBUO,chair,https://langcog.stanford.edu/expts/BLL/kiddraw-recognitionRatings/sketches/couch/couch_sketch_8_E1c_1511300355318.png,couch,couch_sketch_8_E1c_1511300355318.png,8,1511300355318.png,FALSE
1047,A94DL4GI8ZBUO,cat,https://langcog.stanford.edu/expts/BLL/kiddraw-recognitionRatings/sketches/cat/cat_sketch_7_E1c_1510263944688.png,cat,cat_sketch_7_E1c_1510263944688.png,7,1510263944688.png,TRUE
1048,A94DL4GI8ZBUO,cat,https://langcog.stanford.edu/expts/BLL/kiddraw-recognitionRatings/sketches/rabbit/rabbit_sketch_7_E1c_1511301009480.png,rabbit,rabbit_sketch_7_E1c_1511301009480.png,7,1511301009480.png,FALSE
1049,A94DL4GI8ZBUO,train,https://langcog.stanford.edu/expts/BLL/kiddraw-recognitionRatings/sketches/train/train_sketch_6_E1c_1511292286803.png,train,train_sketch_6_E1c_1511292286803.png,6,1511292286803.png,TRUE
1050,A94DL4GI8ZBUO,shoe,https://langcog.stanford.edu/expts/BLL/kiddraw-recognitionRatings/sketches/carrot/carrot_sketch_4_E1c_1510263067113.png,carrot,carrot_sketch_4_E1c_1510263067113.png,4,1510263067113.png,FALSE
1051,A94DL4GI8ZBUO,rabbit,https://langcog.stanford.edu/expts/BLL/kiddraw-recognitionRatings/sketches/rabbit/rabbit_sketch_8_E1c_1510690264523.png,rabbit,rabbit_sketch_8_E1c_1510690264523.png,8,1510690264523.png,TRUE
1052,A94DL4GI8ZBUO,frog,https://langcog.stanford.edu/expts/BLL/kiddraw-recognitionRatings/sketches/foot/foot_sketch_5_E1c_1510258311547.png,foot,foot_sketch_5_E1c_1510258311547.png,5,1510258311547.png,FALSE
1053,A94DL4GI8ZBUO,phone,https://langcog.stanford.edu/expts/BLL/kiddraw-recognitionRatings/sketches/phone/phone_sketch_6_E1c_1510690510319.png,phone,phone_sketch_6_E1c_1510690510319.png,6,1510690510319.png,TRUE
1054,A94DL4GI8ZBUO,rabbit,https://langcog.stanford.edu/expts/BLL/kiddraw-recognitionRatings/sketches/rabbit/rabbit_sketch_6_E1c_1511292022297.png,rabbit,rabbit_sketch_6_E1c_1511292022297.png,6,1511292022297.png,TRUE
1055,A94DL4GI8ZBUO,rabbit,https://langcog.stanford.edu/expts/BLL/kiddraw-recognitionRatings/sketches/rabbit/rabbit_sketch_6_E1c_1510253415559.png,rabbit,rabbit_sketch_6_E1c_1510253415559.png,6,1510253415559.png,TRUE
1056,A94DL4GI8ZBUO,boat,https://langcog.stanford.edu/expts/BLL/kiddraw-recognitionRatings/sketches/couch/couch_sketch_8_E1c_1510787010922.png,couch,couch_sketch_8_E1c_1510787010922.png,8,1510787010922.png,FALSE
1057,A94DL4GI8ZBUO,foot,https://langcog.stanford.edu/expts/BLL/kiddraw-recognitionRatings/sketches/foot/foot_sketch_8_E1c_1510690264523.png,foot,foot_sketch_8_E1c_1510690264523.png,8,1510690264523.png,TRUE
1058,A94DL4GI8ZBUO,rabbit,https://langcog.stanford.edu/expts/BLL/kiddraw-recognitionRatings/sketches/rabbit/rabbit_sketch_6_E1c_1511293092153.png,rabbit,rabbit_sketch_6_E1c_1511293092153.png,6,1511293092153.png,TRUE
1059,A94DL4GI8ZBUO,car,https://langcog.stanford.edu/expts/BLL/kiddraw-recognitionRatings/sketches/couch/couch_sketch_6_E1c_1510783818788.png,couch,couch_sketch_6_E1c_1510783818788.png,6,1510783818788.png,FALSE
1060,A94DL4GI8ZBUO,shoe,https://langcog.stanford.edu/expts/BLL/kiddraw-recognitionRatings/sketches/flower/flower_sketch_7_E1c_1511301009480.png,flower,flower_sketch_7_E1c_1511301009480.png,7,1511301009480.png,FALSE
1061,A94DL4GI8ZBUO,foot,https://langcog.stanford.edu/expts/BLL/kiddraw-recognitionRatings/sketches/foot/foot_sketch_5_E1c_1511301440421.png,foot,foot_sketch_5_E1c_1511301440421.png,5,1511301440421.png,TRUE
1062,A94DL4GI8ZBUO,car,https://langcog.stanford.edu/expts/BLL/kiddraw-recognitionRatings/sketches/shoe/shoe_sketch_6_E1c_1511292286803.png,shoe,shoe_sketch_6_E1c_1511292286803.png,6,1511292286803.png,FALSE
1063,A94DL4GI8ZBUO,carrot,https://langcog.stanford.edu/expts/BLL/kiddraw-recognitionRatings/sketches/carrot/carrot_sketch_8_E1c_1510254933095.png,carrot,carrot_sketch_8_E1c_1510254933095.png,8,1510254933095.png,TRUE
1064,A94DL4GI8ZBUO,flower,https://langcog.stanford.edu/expts/BLL/kiddraw-recognitionRatings/sketches/flower/flower_sketch_4_E1c_1510691847400.png,flower,flower_sketch_4_E1c_1510691847400.png,4,1510691847400.png,TRUE
1065,A94DL4GI8ZBUO,shoe,https://langcog.stanford.edu/expts/BLL/kiddraw-recognitionRatings/sketches/couch/couch_sketch_6_E1c_1510695588717.png,couch,couch_sketch_6_E1c_1510695588717.png,6,1510695588717.png,FALSE
1066,A94DL4GI8ZBUO,phone,https://langcog.stanford.edu/expts/BLL/kiddraw-recognitionRatings/sketches/cup/cup_sketch_4_E1c_1510691847400.png,cup,cup_sketch_4_E1c_1510691847400.png,4,1510691847400.png,FALSE
1067,A94DL4GI8ZBUO,car,https://langcog.stanford.edu/expts/BLL/kiddraw-recognitionRatings/sketches/train/train_sketch_7_E1c_1510263944688.png,train,train_sketch_7_E1c_1510263944688.png,7,1510263944688.png,FALSE
1068,A94DL4GI8ZBUO,cat,https://langcog.stanford.edu/expts/BLL/kiddraw-recognitionRatings/sketches/cat/cat_sketch_8_E1c_1511300850043.png,cat,cat_sketch_8_E1c_1511300850043.png,8,1511300850043.png,TRUE
1069,A94DL4GI8ZBUO,carrot,https://langcog.stanford.edu/expts/BLL/kiddraw-recognitionRatings/sketches/carrot/carrot_sketch_8_E1c_1511293754661.png,carrot,carrot_sketch_8_E1c_1511293754661.png,8,1511293754661.png,TRUE
1070,A94DL4GI8ZBUO,phone,https://langcog.stanford.edu/expts/BLL/kiddraw-recognitionRatings/sketches/phone/phone_sketch_8_E1c_1510690264523.png,phone,phone_sketch_8_E1c_1510690264523.png,8,1510690264523.png,TRUE
1071,A94DL4GI8ZBUO,shoe,https://langcog.stanford.edu/expts/BLL/kiddraw-recognitionRatings/sketches/shoe/shoe_sketch_5_E1c_1510786719020.png,shoe,shoe_sketch_5_E1c_1510786719020.png,5,1510786719020.png,TRUE
1072,A94DL4GI8ZBUO,frog,https://langcog.stanford.edu/expts/BLL/kiddraw-recognitionRatings/sketches/frog/frog_sketch_8_E1c_1511293754661.png,frog,frog_sketch_8_E1c_1511293754661.png,8,1511293754661.png,TRUE
1073,A94DL4GI8ZBUO,flower,https://langcog.stanford.edu/expts/BLL/kiddraw-recognitionRatings/sketches/flower/flower_sketch_9_E1c_1510689458884.png,flower,flower_sketch_9_E1c_1510689458884.png,9,1510689458884.png,TRUE
1074,A94DL4GI8ZBUO,car,https://langcog.stanford.edu/expts/BLL/kiddraw-recognitionRatings/sketches/car/car_sketch_7_E1c_1510783353272.png,car,car_sketch_7_E1c_1510783353272.png,7,1510783353272.png,TRUE
1075,A94DL4GI8ZBUO,phone,https://langcog.stanford.edu/expts/BLL/kiddraw-recognitionRatings/sketches/phone/phone_sketch_7_E1c_1511301009480.png,phone,phone_sketch_7_E1c_1511301009480.png,7,1511301009480.png,TRUE
1076,A94DL4GI8ZBUO,train,https://langcog.stanford.edu/expts/BLL/kiddraw-recognitionRatings/sketches/train/train_sketch_7_E1c_1510870100423.png,train,train_sketch_7_E1c_1510870100423.png,7,1510870100423.png,TRUE
1077,A94DL4GI8ZBUO,car,https://langcog.stanford.edu/expts/BLL/kiddraw-recognitionRatings/sketches/car/car_sketch_10_E1c_1510783638074.png,car,car_sketch_10_E1c_1510783638074.png,10,1510783638074.png,TRUE
1078,A94DL4GI8ZBUO,flower,https://langcog.stanford.edu/expts/BLL/kiddraw-recognitionRatings/sketches/flower/flower_sketch_10_E1c_1510684833991.png,flower,flower_sketch_10_E1c_1510684833991.png,10,1510684833991.png,TRUE
1079,A94DL4GI8ZBUO,flower,https://langcog.stanford.edu/expts/BLL/kiddraw-recognitionRatings/sketches/flower/flower_sketch_7_E1c_1510870100423.png,flower,flower_sketch_7_E1c_1510870100423.png,7,1510870100423.png,TRUE
1080,A94DL4GI8ZBUO,shoe,https://langcog.stanford.edu/expts/BLL/kiddraw-recognitionRatings/sketches/shoe/shoe_sketch_6_E1c_1510700570912.png,shoe,shoe_sketch_6_E1c_1510700570912.png,6,1510700570912.png,TRUE
1081,A94DL4GI8ZBUO,person,https://langcog.stanford.edu/expts/BLL/kiddraw-recognitionRatings/sketches/frog/frog_sketch_8_E1c_1510870628731.png,frog,frog_sketch_8_E1c_1510870628731.png,8,1510870628731.png,FALSE
1082,A94DL4GI8ZBUO,cup,https://langcog.stanford.edu/expts/BLL/kiddraw-recognitionRatings/sketches/cup/cup_sketch_9_E1c_1510689458884.png,cup,cup_sketch_9_E1c_1510689458884.png,9,1510689458884.png,TRUE
1083,A94DL4GI8ZBUO,boat,https://langcog.stanford.edu/expts/BLL/kiddraw-recognitionRatings/sketches/boat/boat_sketch_6_E1c_1510783818788.png,boat,boat_sketch_6_E1c_1510783818788.png,6,1510783818788.png,TRUE
1084,A94DL4GI8ZBUO,car,https://langcog.stanford.edu/expts/BLL/kiddraw-recognitionRatings/sketches/car/car_sketch_5_E1c_1510870384576.png,car,car_sketch_5_E1c_1510870384576.png,5,1510870384576.png,TRUE
1085,A94DL4GI8ZBUO,phone,https://langcog.stanford.edu/expts/BLL/kiddraw-recognitionRatings/sketches/banana/banana_sketch_5_E1c_1511301440421.png,banana,banana_sketch_5_E1c_1511301440421.png,5,1511301440421.png,FALSE
1086,A94DL4GI8ZBUO,cup,https://langcog.stanford.edu/expts/BLL/kiddraw-recognitionRatings/sketches/cup/cup_sketch_8_E1c_1511300355318.png,cup,cup_sketch_8_E1c_1511300355318.png,8,1511300355318.png,TRUE
1087,A94DL4GI8ZBUO,frog,https://langcog.stanford.edu/expts/BLL/kiddraw-recognitionRatings/sketches/frog/frog_sketch_8_E1c_1510262448790.png,frog,frog_sketch_8_E1c_1510262448790.png,8,1510262448790.png,TRUE
1088,A94DL4GI8ZBUO,frog,https://langcog.stanford.edu/expts/BLL/kiddraw-recognitionRatings/sketches/shoe/shoe_sketch_5_E1c_1510870384576.png,shoe,shoe_sketch_5_E1c_1510870384576.png,5,1510870384576.png,FALSE
1089,A94DL4GI8ZBUO,chair,https://langcog.stanford.edu/expts/BLL/kiddraw-recognitionRatings/sketches/chair/chair_sketch_5_E1c_1510870384576.png,chair,chair_sketch_5_E1c_1510870384576.png,5,1510870384576.png,TRUE
1090,A94DL4GI8ZBUO,ice cream,https://langcog.stanford.edu/expts/BLL/kiddraw-recognitionRatings/sketches/ice cream/ice cream_sketch_8_E1c_1511300355318.png,ice cream,ice cream_sketch_8_E1c_1511300355318.png,8,1511300355318.png,TRUE
1091,A94DL4GI8ZBUO,foot,https://langcog.stanford.edu/expts/BLL/kiddraw-recognitionRatings/sketches/foot/foot_sketch_5_E1c_1510256904834.png,foot,foot_sketch_5_E1c_1510256904834.png,5,1510256904834.png,TRUE
1092,A94DL4GI8ZBUO,cup,https://langcog.stanford.edu/expts/BLL/kiddraw-recognitionRatings/sketches/cup/cup_sketch_7_E1c_1511301634355.png,cup,cup_sketch_7_E1c_1511301634355.png,7,1511301634355.png,TRUE
1093,A94DL4GI8ZBUO,rabbit,https://langcog.stanford.edu/expts/BLL/kiddraw-recognitionRatings/sketches/rabbit/rabbit_sketch_8_E1c_1511300850043.png,rabbit,rabbit_sketch_8_E1c_1511300850043.png,8,1511300850043.png,TRUE
1094,A94DL4GI8ZBUO,carrot,https://langcog.stanford.edu/expts/BLL/kiddraw-recognitionRatings/sketches/carrot/carrot_sketch_8_E1c_1511300850043.png,carrot,carrot_sketch_8_E1c_1511300850043.png,8,1511300850043.png,TRUE
1095,A94DL4GI8ZBUO,boat,https://langcog.stanford.edu/expts/BLL/kiddraw-recognitionRatings/sketches/boat/boat_sketch_5_E1c_1510786719020.png,boat,boat_sketch_5_E1c_1510786719020.png,5,1510786719020.png,TRUE
1096,A94DL4GI8ZBUO,car,https://langcog.stanford.edu/expts/BLL/kiddraw-recognitionRatings/sketches/car/car_sketch_6_E1c_1511292022297.png,car,car_sketch_6_E1c_1511292022297.png,6,1511292022297.png,TRUE
1097,A94DL4GI8ZBUO,train,https://langcog.stanford.edu/expts/BLL/kiddraw-recognitionRatings/sketches/train/train_sketch_8_E1c_1511300355318.png,train,train_sketch_8_E1c_1511300355318.png,8,1511300355318.png,TRUE
1098,A94DL4GI8ZBUO,ice cream,https://langcog.stanford.edu/expts/BLL/kiddraw-recognitionRatings/sketches/ice cream/ice cream_sketch_5_E1c_1510870384576.png,ice cream,ice cream_sketch_5_E1c_1510870384576.png,5,1510870384576.png,TRUE
1099,A94DL4GI8ZBUO,ice cream,https://langcog.stanford.edu/expts/BLL/kiddraw-recognitionRatings/sketches/ice cream/ice cream_sketch_5_E1c_1511301440421.png,ice cream,ice cream_sketch_5_E1c_1511301440421.png,5,1511301440421.png,TRUE
1100,A94DL4GI8ZBUO,chair,https://langcog.stanford.edu/expts/BLL/kiddraw-recognitionRatings/sketches/chair/chair_sketch_5_E1c_1510786719020.png,chair,chair_sketch_5_E1c_1510786719020.png,5,1510786719020.png,TRUE
1101,A94DL4GI8ZBUO,shoe,https://langcog.stanford.edu/expts/BLL/kiddraw-recognitionRatings/sketches/banana/banana_sketch_8_E1c_1511300355318.png,banana,banana_sketch_8_E1c_1511300355318.png,8,1511300355318.png,FALSE
1102,A94DL4GI8ZBUO,train,https://langcog.stanford.edu/expts/BLL/kiddraw-recognitionRatings/sketches/train/train_sketch_10_E1c_1510684833991.png,train,train_sketch_10_E1c_1510684833991.png,10,1510684833991.png,TRUE
1103,A94DL4GI8ZBUO,train,https://langcog.stanford.edu/expts/BLL/kiddraw-recognitionRatings/sketches/train/train_sketch_10_E1c_1511293452162.png,train,train_sketch_10_E1c_1511293452162.png,10,1511293452162.png,TRUE
1104,A94DL4GI8ZBUO,shoe,https://langcog.stanford.edu/expts/BLL/kiddraw-recognitionRatings/sketches/shoe/shoe_sketch_8_E1c_1510254933095.png,shoe,shoe_sketch_8_E1c_1510254933095.png,8,1510254933095.png,TRUE
1105,A94DL4GI8ZBUO,car,https://langcog.stanford.edu/expts/BLL/kiddraw-recognitionRatings/sketches/car/car_sketch_5_E1c_1510786719020.png,car,car_sketch_5_E1c_1510786719020.png,5,1510786719020.png,TRUE
1106,A94DL4GI8ZBUO,ice cream,https://langcog.stanford.edu/expts/BLL/kiddraw-recognitionRatings/sketches/ice cream/ice cream_sketch_6_E1c_1510690510319.png,ice cream,ice cream_sketch_6_E1c_1510690510319.png,6,1510690510319.png,TRUE
1107,A94DL4GI8ZBUO,couch,https://langcog.stanford.edu/expts/BLL/kiddraw-recognitionRatings/sketches/couch/couch_sketch_4_E1c_1510268275436.png,couch,couch_sketch_4_E1c_1510268275436.png,4,1510268275436.png,TRUE
1108,A94DL4GI8ZBUO,couch,https://langcog.stanford.edu/expts/BLL/kiddraw-recognitionRatings/sketches/chair/chair_sketch_8_E1c_1510690264523.png,chair,chair_sketch_8_E1c_1510690264523.png,8,1510690264523.png,FALSE
1109,A94DL4GI8ZBUO,flower,https://langcog.stanford.edu/expts/BLL/kiddraw-recognitionRatings/sketches/foot/foot_sketch_6_E1c_1511292286803.png,foot,foot_sketch_6_E1c_1511292286803.png,6,1511292286803.png,FALSE
1110,A94DL4GI8ZBUO,frog,https://langcog.stanford.edu/expts/BLL/kiddraw-recognitionRatings/sketches/frog/frog_sketch_8_E1c_1510690264523.png,frog,frog_sketch_8_E1c_1510690264523.png,8,1510690264523.png,TRUE
1111,A94DL4GI8ZBUO,shoe,https://langcog.stanford.edu/expts/BLL/kiddraw-recognitionRatings/sketches/frog/frog_sketch_5_E1c_1510258311547.png,frog,frog_sketch_5_E1c_1510258311547.png,5,1510258311547.png,FALSE
1112,A94DL4GI8ZBUO,phone,https://langcog.stanford.edu/expts/BLL/kiddraw-recognitionRatings/sketches/cup/cup_sketch_6_E1c_1510690510319.png,cup,cup_sketch_6_E1c_1510690510319.png,6,1510690510319.png,FALSE
1113,A94DL4GI8ZBUO,banana,https://langcog.stanford.edu/expts/BLL/kiddraw-recognitionRatings/sketches/banana/banana_sketch_6_E1c_1511293092153.png,banana,banana_sketch_6_E1c_1511293092153.png,6,1511293092153.png,TRUE
1114,A94DL4GI8ZBUO,phone,https://langcog.stanford.edu/expts/BLL/kiddraw-recognitionRatings/sketches/banana/banana_sketch_4_E1c_1510691847400.png,banana,banana_sketch_4_E1c_1510691847400.png,4,1510691847400.png,FALSE
1115,A94DL4GI8ZBUO,carrot,https://langcog.stanford.edu/expts/BLL/kiddraw-recognitionRatings/sketches/carrot/carrot_sketch_7_E1c_1511301634355.png,carrot,carrot_sketch_7_E1c_1511301634355.png,7,1511301634355.png,TRUE
1116,A94DL4GI8ZBUO,phone,https://langcog.stanford.edu/expts/BLL/kiddraw-recognitionRatings/sketches/phone/phone_sketch_7_E1c_1511301634355.png,phone,phone_sketch_7_E1c_1511301634355.png,7,1511301634355.png,TRUE
1117,A94DL4GI8ZBUO,frog,https://langcog.stanford.edu/expts/BLL/kiddraw-recognitionRatings/sketches/frog/frog_sketch_8_E1c_1511293924452.png,frog,frog_sketch_8_E1c_1511293924452.png,8,1511293924452.png,TRUE
1118,A94DL4GI8ZBUO,ice cream,https://langcog.stanford.edu/expts/BLL/kiddraw-recognitionRatings/sketches/cup/cup_sketch_10_E1c_1510684833991.png,cup,cup_sketch_10_E1c_1510684833991.png,10,1510684833991.png,FALSE
1119,A94DL4GI8ZBUO,ice cream,https://langcog.stanford.edu/expts/BLL/kiddraw-recognitionRatings/sketches/ice cream/ice cream_sketch_8_E1c_1511300850043.png,ice cream,ice cream_sketch_8_E1c_1511300850043.png,8,1511300850043.png,TRUE
1120,A94DL4GI8ZBUO,foot,https://langcog.stanford.edu/expts/BLL/kiddraw-recognitionRatings/sketches/foot/foot_sketch_8_E1c_1510254933095.png,foot,foot_sketch_8_E1c_1510254933095.png,8,1510254933095.png,TRUE
1121,A94DL4GI8ZBUO,train,https://langcog.stanford.edu/expts/BLL/kiddraw-recognitionRatings/sketches/train/train_sketch_6_E1c_1510782034963.png,train,train_sketch_6_E1c_1510782034963.png,6,1510782034963.png,TRUE
1122,A94DL4GI8ZBUO,chair,https://langcog.stanford.edu/expts/BLL/kiddraw-recognitionRatings/sketches/chair/chair_sketch_8_E1c_1511293924452.png,chair,chair_sketch_8_E1c_1511293924452.png,8,1511293924452.png,TRUE
1123,A94DL4GI8ZBUO,shoe,https://langcog.stanford.edu/expts/BLL/kiddraw-recognitionRatings/sketches/shoe/shoe_sketch_7_E1c_1511301634355.png,shoe,shoe_sketch_7_E1c_1511301634355.png,7,1511301634355.png,TRUE
1124,A94DL4GI8ZBUO,cat,https://langcog.stanford.edu/expts/BLL/kiddraw-recognitionRatings/sketches/cat/cat_sketch_7_E1c_1511301634355.png,cat,cat_sketch_7_E1c_1511301634355.png,7,1511301634355.png,TRUE
1125,A94DL4GI8ZBUO,cat,https://langcog.stanford.edu/expts/BLL/kiddraw-recognitionRatings/sketches/cat/cat_sketch_10_E1c_1511293452162.png,cat,cat_sketch_10_E1c_1511293452162.png,10,1511293452162.png,TRUE
1126,A94DL4GI8ZBUO,boat,https://langcog.stanford.edu/expts/BLL/kiddraw-recognitionRatings/sketches/car/car_sketch_4_E1c_1510263067113.png,car,car_sketch_4_E1c_1510263067113.png,4,1510263067113.png,FALSE
1127,A94DL4GI8ZBUO,car,https://langcog.stanford.edu/expts/BLL/kiddraw-recognitionRatings/sketches/car/car_sketch_5_E1c_1511301440421.png,car,car_sketch_5_E1c_1511301440421.png,5,1511301440421.png,TRUE
1128,A94DL4GI8ZBUO,shoe,https://langcog.stanford.edu/expts/BLL/kiddraw-recognitionRatings/sketches/phone/phone_sketch_4_E1c_1510252568116.png,phone,phone_sketch_4_E1c_1510252568116.png,4,1510252568116.png,FALSE
1129,A94DL4GI8ZBUO,rabbit,https://langcog.stanford.edu/expts/BLL/kiddraw-recognitionRatings/sketches/rabbit/rabbit_sketch_10_E1c_1510684833991.png,rabbit,rabbit_sketch_10_E1c_1510684833991.png,10,1510684833991.png,TRUE
1130,A94DL4GI8ZBUO,car,https://langcog.stanford.edu/expts/BLL/kiddraw-recognitionRatings/sketches/car/car_sketch_6_E1c_1511293092153.png,car,car_sketch_6_E1c_1511293092153.png,6,1511293092153.png,TRUE
1131,A94DL4GI8ZBUO,flower,https://langcog.stanford.edu/expts/BLL/kiddraw-recognitionRatings/sketches/flower/flower_sketch_8_E1c_1510787010922.png,flower,flower_sketch_8_E1c_1510787010922.png,8,1510787010922.png,TRUE
1132,A94DL4GI8ZBUO,rabbit,https://langcog.stanford.edu/expts/BLL/kiddraw-recognitionRatings/sketches/rabbit/rabbit_sketch_6_E1c_1510783818788.png,rabbit,rabbit_sketch_6_E1c_1510783818788.png,6,1510783818788.png,TRUE
1133,A94DL4GI8ZBUO,shoe,https://langcog.stanford.edu/expts/BLL/kiddraw-recognitionRatings/sketches/boat/boat_sketch_8_E1c_1511300355318.png,boat,boat_sketch_8_E1c_1511300355318.png,8,1511300355318.png,FALSE
1134,A94DL4GI8ZBUO,boat,https://langcog.stanford.edu/expts/BLL/kiddraw-recognitionRatings/sketches/boat/boat_sketch_10_E1c_1510684833991.png,boat,boat_sketch_10_E1c_1510684833991.png,10,1510684833991.png,TRUE
1135,A94DL4GI8ZBUO,flower,https://langcog.stanford.edu/expts/BLL/kiddraw-recognitionRatings/sketches/flower/flower_sketch_5_E1c_1510786719020.png,flower,flower_sketch_5_E1c_1510786719020.png,5,1510786719020.png,TRUE
1136,A94DL4GI8ZBUO,chair,https://langcog.stanford.edu/expts/BLL/kiddraw-recognitionRatings/sketches/chair/chair_sketch_5_E1c_1511301440421.png,chair,chair_sketch_5_E1c_1511301440421.png,5,1511301440421.png,TRUE
1137,A94DL4GI8ZBUO,shoe,https://langcog.stanford.edu/expts/BLL/kiddraw-recognitionRatings/sketches/shoe/shoe_sketch_10_E1c_1511301807087.png,shoe,shoe_sketch_10_E1c_1511301807087.png,10,1511301807087.png,TRUE
1138,A94DL4GI8ZBUO,car,https://langcog.stanford.edu/expts/BLL/kiddraw-recognitionRatings/sketches/car/car_sketch_8_E1c_1510787010922.png,car,car_sketch_8_E1c_1510787010922.png,8,1510787010922.png,TRUE
1139,A94DL4GI8ZBUO,flower,https://langcog.stanford.edu/expts/BLL/kiddraw-recognitionRatings/sketches/flower/flower_sketch_8_E1c_1511293924452.png,flower,flower_sketch_8_E1c_1511293924452.png,8,1511293924452.png,TRUE
1140,A94DL4GI8ZBUO,ice cream,https://langcog.stanford.edu/expts/BLL/kiddraw-recognitionRatings/sketches/ice cream/ice cream_sketch_10_E1c_1510684833991.png,ice cream,ice cream_sketch_10_E1c_1510684833991.png,10,1510684833991.png,TRUE
1141,A94DL4GI8ZBUO,person,https://langcog.stanford.edu/expts/BLL/kiddraw-recognitionRatings/sketches/frog/frog_sketch_8_E1c_1510787010922.png,frog,frog_sketch_8_E1c_1510787010922.png,8,1510787010922.png,FALSE
1142,A94DL4GI8ZBUO,flower,https://langcog.stanford.edu/expts/BLL/kiddraw-recognitionRatings/sketches/flower/flower_sketch_8_E1c_1511300850043.png,flower,flower_sketch_8_E1c_1511300850043.png,8,1511300850043.png,TRUE
1143,A94DL4GI8ZBUO,carrot,https://langcog.stanford.edu/expts/BLL/kiddraw-recognitionRatings/sketches/carrot/carrot_sketch_10_E1c_1510684833991.png,carrot,carrot_sketch_10_E1c_1510684833991.png,10,1510684833991.png,TRUE
1144,A94DL4GI8ZBUO,train,https://langcog.stanford.edu/expts/BLL/kiddraw-recognitionRatings/sketches/train/train_sketch_5_E1c_1510253748384.png,train,train_sketch_5_E1c_1510253748384.png,5,1510253748384.png,TRUE
1145,A3INEKAD86IRQC,flower,https://langcog.stanford.edu/expts/BLL/kiddraw-recognitionRatings/sketches/flower/flower_sketch_8_E1c_1510787010922.png,flower,flower_sketch_8_E1c_1510787010922.png,8,1510787010922.png,TRUE
1146,A3INEKAD86IRQC,boat,https://langcog.stanford.edu/expts/BLL/kiddraw-recognitionRatings/sketches/boat/boat_sketch_6_E1c_1511292286803.png,boat,boat_sketch_6_E1c_1511292286803.png,6,1511292286803.png,TRUE
1147,A3INEKAD86IRQC,cannott tell at all,https://langcog.stanford.edu/expts/BLL/kiddraw-recognitionRatings/sketches/banana/banana_sketch_5_E1c_1511301440421.png,banana,banana_sketch_5_E1c_1511301440421.png,5,1511301440421.png,FALSE
1148,A3INEKAD86IRQC,banana,https://langcog.stanford.edu/expts/BLL/kiddraw-recognitionRatings/sketches/banana/banana_sketch_8_E1c_1510254933095.png,banana,banana_sketch_8_E1c_1510254933095.png,8,1510254933095.png,TRUE
1149,A3INEKAD86IRQC,ice cream,https://langcog.stanford.edu/expts/BLL/kiddraw-recognitionRatings/sketches/ice cream/ice cream_sketch_7_E1c_1511301634355.png,ice cream,ice cream_sketch_7_E1c_1511301634355.png,7,1511301634355.png,TRUE
1150,A3INEKAD86IRQC,carrot,https://langcog.stanford.edu/expts/BLL/kiddraw-recognitionRatings/sketches/carrot/carrot_sketch_7_E1c_1510870100423.png,carrot,carrot_sketch_7_E1c_1510870100423.png,7,1510870100423.png,TRUE
1151,A3INEKAD86IRQC,cat,https://langcog.stanford.edu/expts/BLL/kiddraw-recognitionRatings/sketches/rabbit/rabbit_sketch_9_E1c_1510686242527.png,rabbit,rabbit_sketch_9_E1c_1510686242527.png,9,1510686242527.png,FALSE
1152,A3INEKAD86IRQC,foot,https://langcog.stanford.edu/expts/BLL/kiddraw-recognitionRatings/sketches/foot/foot_sketch_6_E1c_1511292022297.png,foot,foot_sketch_6_E1c_1511292022297.png,6,1511292022297.png,TRUE
1153,A3INEKAD86IRQC,boat,https://langcog.stanford.edu/expts/BLL/kiddraw-recognitionRatings/sketches/boat/boat_sketch_8_E1c_1511292658766.png,boat,boat_sketch_8_E1c_1511292658766.png,8,1511292658766.png,TRUE
1154,A3INEKAD86IRQC,flower,https://langcog.stanford.edu/expts/BLL/kiddraw-recognitionRatings/sketches/flower/flower_sketch_5_E1c_1510786719020.png,flower,flower_sketch_5_E1c_1510786719020.png,5,1510786719020.png,TRUE
1155,A3INEKAD86IRQC,ice cream,https://langcog.stanford.edu/expts/BLL/kiddraw-recognitionRatings/sketches/ice cream/ice cream_sketch_8_E1c_1510254933095.png,ice cream,ice cream_sketch_8_E1c_1510254933095.png,8,1510254933095.png,TRUE
1156,A3INEKAD86IRQC,cannott tell at all,https://langcog.stanford.edu/expts/BLL/kiddraw-recognitionRatings/sketches/banana/banana_sketch_4_E1c_1510691847400.png,banana,banana_sketch_4_E1c_1510691847400.png,4,1510691847400.png,FALSE
1157,A3INEKAD86IRQC,ice cream,https://langcog.stanford.edu/expts/BLL/kiddraw-recognitionRatings/sketches/ice cream/ice cream_sketch_4_E1c_1510691847400.png,ice cream,ice cream_sketch_4_E1c_1510691847400.png,4,1510691847400.png,TRUE
1158,A3INEKAD86IRQC,person,https://langcog.stanford.edu/expts/BLL/kiddraw-recognitionRatings/sketches/foot/foot_sketch_5_E1c_1510258311547.png,foot,foot_sketch_5_E1c_1510258311547.png,5,1510258311547.png,FALSE
1159,A3INEKAD86IRQC,car,https://langcog.stanford.edu/expts/BLL/kiddraw-recognitionRatings/sketches/car/car_sketch_6_E1c_1511292022297.png,car,car_sketch_6_E1c_1511292022297.png,6,1511292022297.png,TRUE
1160,A3INEKAD86IRQC,rabbit,https://langcog.stanford.edu/expts/BLL/kiddraw-recognitionRatings/sketches/rabbit/rabbit_sketch_8_E1c_1511293924452.png,rabbit,rabbit_sketch_8_E1c_1511293924452.png,8,1511293924452.png,TRUE
1161,A3INEKAD86IRQC,chair,https://langcog.stanford.edu/expts/BLL/kiddraw-recognitionRatings/sketches/chair/chair_sketch_8_E1c_1510787010922.png,chair,chair_sketch_8_E1c_1510787010922.png,8,1510787010922.png,TRUE
1162,A3INEKAD86IRQC,chair,https://langcog.stanford.edu/expts/BLL/kiddraw-recognitionRatings/sketches/chair/chair_sketch_5_E1c_1510870384576.png,chair,chair_sketch_5_E1c_1510870384576.png,5,1510870384576.png,TRUE
1163,A3INEKAD86IRQC,foot,https://langcog.stanford.edu/expts/BLL/kiddraw-recognitionRatings/sketches/foot/foot_sketch_10_E1c_1510684833991.png,foot,foot_sketch_10_E1c_1510684833991.png,10,1510684833991.png,TRUE
1164,A3INEKAD86IRQC,cat,https://langcog.stanford.edu/expts/BLL/kiddraw-recognitionRatings/sketches/rabbit/rabbit_sketch_7_E1c_1511301009480.png,rabbit,rabbit_sketch_7_E1c_1511301009480.png,7,1511301009480.png,FALSE
1165,A3INEKAD86IRQC,frog,https://langcog.stanford.edu/expts/BLL/kiddraw-recognitionRatings/sketches/frog/frog_sketch_10_E1c_1511293452162.png,frog,frog_sketch_10_E1c_1511293452162.png,10,1511293452162.png,TRUE
1166,A3INEKAD86IRQC,flower,https://langcog.stanford.edu/expts/BLL/kiddraw-recognitionRatings/sketches/flower/flower_sketch_8_E1c_1511293754661.png,flower,flower_sketch_8_E1c_1511293754661.png,8,1511293754661.png,TRUE
1167,A3INEKAD86IRQC,train,https://langcog.stanford.edu/expts/BLL/kiddraw-recognitionRatings/sketches/train/train_sketch_6_E1c_1510783818788.png,train,train_sketch_6_E1c_1510783818788.png,6,1510783818788.png,TRUE
1168,A3INEKAD86IRQC,train,https://langcog.stanford.edu/expts/BLL/kiddraw-recognitionRatings/sketches/train/train_sketch_9_E1c_1510689458884.png,train,train_sketch_9_E1c_1510689458884.png,9,1510689458884.png,TRUE
1169,A3INEKAD86IRQC,couch,https://langcog.stanford.edu/expts/BLL/kiddraw-recognitionRatings/sketches/couch/couch_sketch_7_E1c_1511301634355.png,couch,couch_sketch_7_E1c_1511301634355.png,7,1511301634355.png,TRUE
1170,A3INEKAD86IRQC,shoe,https://langcog.stanford.edu/expts/BLL/kiddraw-recognitionRatings/sketches/shoe/shoe_sketch_5_E1c_1510870384576.png,shoe,shoe_sketch_5_E1c_1510870384576.png,5,1510870384576.png,TRUE
1171,A3INEKAD86IRQC,cannott tell at all,https://langcog.stanford.edu/expts/BLL/kiddraw-recognitionRatings/sketches/chair/chair_sketch_4_E1c_1510252568116.png,chair,chair_sketch_4_E1c_1510252568116.png,4,1510252568116.png,FALSE
1172,A3INEKAD86IRQC,frog,https://langcog.stanford.edu/expts/BLL/kiddraw-recognitionRatings/sketches/frog/frog_sketch_6_E1c_1510700570912.png,frog,frog_sketch_6_E1c_1510700570912.png,6,1510700570912.png,TRUE
1173,A3INEKAD86IRQC,person,https://langcog.stanford.edu/expts/BLL/kiddraw-recognitionRatings/sketches/frog/frog_sketch_8_E1c_1510787010922.png,frog,frog_sketch_8_E1c_1510787010922.png,8,1510787010922.png,FALSE
1174,A3INEKAD86IRQC,ice cream,https://langcog.stanford.edu/expts/BLL/kiddraw-recognitionRatings/sketches/ice cream/ice cream_sketch_6_E1c_1511292286803.png,ice cream,ice cream_sketch_6_E1c_1511292286803.png,6,1511292286803.png,TRUE
1175,A3INEKAD86IRQC,person,https://langcog.stanford.edu/expts/BLL/kiddraw-recognitionRatings/sketches/frog/frog_sketch_10_E1c_1510255462419.png,frog,frog_sketch_10_E1c_1510255462419.png,10,1510255462419.png,FALSE
1176,A3INEKAD86IRQC,train,https://langcog.stanford.edu/expts/BLL/kiddraw-recognitionRatings/sketches/train/train_sketch_5_E1c_1510253748384.png,train,train_sketch_5_E1c_1510253748384.png,5,1510253748384.png,TRUE
1177,A3INEKAD86IRQC,cat,https://langcog.stanford.edu/expts/BLL/kiddraw-recognitionRatings/sketches/phone/phone_sketch_5_E1c_1511301440421.png,phone,phone_sketch_5_E1c_1511301440421.png,5,1511301440421.png,FALSE
1178,A3INEKAD86IRQC,chair,https://langcog.stanford.edu/expts/BLL/kiddraw-recognitionRatings/sketches/chair/chair_sketch_8_E1c_1510690264523.png,chair,chair_sketch_8_E1c_1510690264523.png,8,1510690264523.png,TRUE
1179,A3INEKAD86IRQC,chair,https://langcog.stanford.edu/expts/BLL/kiddraw-recognitionRatings/sketches/chair/chair_sketch_7_E1c_1510870100423.png,chair,chair_sketch_7_E1c_1510870100423.png,7,1510870100423.png,TRUE
1180,A3INEKAD86IRQC,ice cream,https://langcog.stanford.edu/expts/BLL/kiddraw-recognitionRatings/sketches/ice cream/ice cream_sketch_5_E1c_1510253748384.png,ice cream,ice cream_sketch_5_E1c_1510253748384.png,5,1510253748384.png,TRUE
1181,A3INEKAD86IRQC,flower,https://langcog.stanford.edu/expts/BLL/kiddraw-recognitionRatings/sketches/flower/flower_sketch_8_E1c_1510254933095.png,flower,flower_sketch_8_E1c_1510254933095.png,8,1510254933095.png,TRUE
1182,A3INEKAD86IRQC,ice cream,https://langcog.stanford.edu/expts/BLL/kiddraw-recognitionRatings/sketches/ice cream/ice cream_sketch_8_E1c_1510787010922.png,ice cream,ice cream_sketch_8_E1c_1510787010922.png,8,1510787010922.png,TRUE
1183,A3INEKAD86IRQC,carrot,https://langcog.stanford.edu/expts/BLL/kiddraw-recognitionRatings/sketches/carrot/carrot_sketch_6_E1c_1510695588717.png,carrot,carrot_sketch_6_E1c_1510695588717.png,6,1510695588717.png,TRUE
1184,A3INEKAD86IRQC,chair,https://langcog.stanford.edu/expts/BLL/kiddraw-recognitionRatings/sketches/carrot/carrot_sketch_4_E1c_1510268275436.png,carrot,carrot_sketch_4_E1c_1510268275436.png,4,1510268275436.png,FALSE
1185,A3INEKAD86IRQC,boat,https://langcog.stanford.edu/expts/BLL/kiddraw-recognitionRatings/sketches/boat/boat_sketch_9_E1c_1510686242527.png,boat,boat_sketch_9_E1c_1510686242527.png,9,1510686242527.png,TRUE
1186,A3INEKAD86IRQC,carrot,https://langcog.stanford.edu/expts/BLL/kiddraw-recognitionRatings/sketches/carrot/carrot_sketch_10_E1c_1510255462419.png,carrot,carrot_sketch_10_E1c_1510255462419.png,10,1510255462419.png,TRUE
1187,A3INEKAD86IRQC,flower,https://langcog.stanford.edu/expts/BLL/kiddraw-recognitionRatings/sketches/flower/flower_sketch_7_E1c_1510870100423.png,flower,flower_sketch_7_E1c_1510870100423.png,7,1510870100423.png,TRUE
1188,A3INEKAD86IRQC,carrot,https://langcog.stanford.edu/expts/BLL/kiddraw-recognitionRatings/sketches/carrot/carrot_sketch_9_E1c_1510689458884.png,carrot,carrot_sketch_9_E1c_1510689458884.png,9,1510689458884.png,TRUE
1189,A3INEKAD86IRQC,cup,https://langcog.stanford.edu/expts/BLL/kiddraw-recognitionRatings/sketches/cup/cup_sketch_8_E1c_1510690264523.png,cup,cup_sketch_8_E1c_1510690264523.png,8,1510690264523.png,TRUE
1190,A3INEKAD86IRQC,foot,https://langcog.stanford.edu/expts/BLL/kiddraw-recognitionRatings/sketches/foot/foot_sketch_8_E1c_1510254933095.png,foot,foot_sketch_8_E1c_1510254933095.png,8,1510254933095.png,TRUE
1191,A3INEKAD86IRQC,banana,https://langcog.stanford.edu/expts/BLL/kiddraw-recognitionRatings/sketches/banana/banana_sketch_9_E1c_1510686242527.png,banana,banana_sketch_9_E1c_1510686242527.png,9,1510686242527.png,TRUE
1192,A3INEKAD86IRQC,shoe,https://langcog.stanford.edu/expts/BLL/kiddraw-recognitionRatings/sketches/shoe/shoe_sketch_8_E1c_1510262448790.png,shoe,shoe_sketch_8_E1c_1510262448790.png,8,1510262448790.png,TRUE
1193,A3INEKAD86IRQC,train,https://langcog.stanford.edu/expts/BLL/kiddraw-recognitionRatings/sketches/train/train_sketch_5_E1c_1510786719020.png,train,train_sketch_5_E1c_1510786719020.png,5,1510786719020.png,TRUE
1194,A3INEKAD86IRQC,flower,https://langcog.stanford.edu/expts/BLL/kiddraw-recognitionRatings/sketches/flower/flower_sketch_9_E1c_1510689458884.png,flower,flower_sketch_9_E1c_1510689458884.png,9,1510689458884.png,TRUE
1195,A3INEKAD86IRQC,person,https://langcog.stanford.edu/expts/BLL/kiddraw-recognitionRatings/sketches/phone/phone_sketch_6_E1c_1510690510319.png,phone,phone_sketch_6_E1c_1510690510319.png,6,1510690510319.png,FALSE
1196,A3INEKAD86IRQC,frog,https://langcog.stanford.edu/expts/BLL/kiddraw-recognitionRatings/sketches/frog/frog_sketch_8_E1c_1511293924452.png,frog,frog_sketch_8_E1c_1511293924452.png,8,1511293924452.png,TRUE
1197,A3INEKAD86IRQC,ice cream,https://langcog.stanford.edu/expts/BLL/kiddraw-recognitionRatings/sketches/ice cream/ice cream_sketch_5_E1c_1511301440421.png,ice cream,ice cream_sketch_5_E1c_1511301440421.png,5,1511301440421.png,TRUE
1198,A3INEKAD86IRQC,boat,https://langcog.stanford.edu/expts/BLL/kiddraw-recognitionRatings/sketches/boat/boat_sketch_8_E1c_1511293924452.png,boat,boat_sketch_8_E1c_1511293924452.png,8,1511293924452.png,TRUE
1199,A3INEKAD86IRQC,banana,https://langcog.stanford.edu/expts/BLL/kiddraw-recognitionRatings/sketches/banana/banana_sketch_7_E1c_1511301009480.png,banana,banana_sketch_7_E1c_1511301009480.png,7,1511301009480.png,TRUE
1200,A3INEKAD86IRQC,flower,https://langcog.stanford.edu/expts/BLL/kiddraw-recognitionRatings/sketches/foot/foot_sketch_8_E1c_1510787010922.png,foot,foot_sketch_8_E1c_1510787010922.png,8,1510787010922.png,FALSE
1201,A3INEKAD86IRQC,ice cream,https://langcog.stanford.edu/expts/BLL/kiddraw-recognitionRatings/sketches/ice cream/ice cream_sketch_8_E1c_1511293754661.png,ice cream,ice cream_sketch_8_E1c_1511293754661.png,8,1511293754661.png,TRUE
1202,A3INEKAD86IRQC,person,https://langcog.stanford.edu/expts/BLL/kiddraw-recognitionRatings/sketches/rabbit/rabbit_sketch_8_E1c_1510787010922.png,rabbit,rabbit_sketch_8_E1c_1510787010922.png,8,1510787010922.png,FALSE
1203,A3INEKAD86IRQC,cat,https://langcog.stanford.edu/expts/BLL/kiddraw-recognitionRatings/sketches/cat/cat_sketch_5_E1c_1510786719020.png,cat,cat_sketch_5_E1c_1510786719020.png,5,1510786719020.png,TRUE
1204,A3INEKAD86IRQC,rabbit,https://langcog.stanford.edu/expts/BLL/kiddraw-recognitionRatings/sketches/rabbit/rabbit_sketch_7_E1c_1510870100423.png,rabbit,rabbit_sketch_7_E1c_1510870100423.png,7,1510870100423.png,TRUE
1205,A3INEKAD86IRQC,cup,https://langcog.stanford.edu/expts/BLL/kiddraw-recognitionRatings/sketches/cup/cup_sketch_5_E1c_1510870384576.png,cup,cup_sketch_5_E1c_1510870384576.png,5,1510870384576.png,TRUE
1206,A3INEKAD86IRQC,bean,https://langcog.stanford.edu/expts/BLL/kiddraw-recognitionRatings/sketches/foot/foot_sketch_5_E1c_1510786719020.png,foot,foot_sketch_5_E1c_1510786719020.png,5,1510786719020.png,FALSE
1207,A3INEKAD86IRQC,chair,https://langcog.stanford.edu/expts/BLL/kiddraw-recognitionRatings/sketches/chair/chair_sketch_8_E1c_1511293924452.png,chair,chair_sketch_8_E1c_1511293924452.png,8,1511293924452.png,TRUE
1208,A3INEKAD86IRQC,carrot,https://langcog.stanford.edu/expts/BLL/kiddraw-recognitionRatings/sketches/carrot/carrot_sketch_8_E1c_1510254933095.png,carrot,carrot_sketch_8_E1c_1510254933095.png,8,1510254933095.png,TRUE
1209,A3INEKAD86IRQC,boat,https://langcog.stanford.edu/expts/BLL/kiddraw-recognitionRatings/sketches/boat/boat_sketch_10_E1c_1511293452162.png,boat,boat_sketch_10_E1c_1511293452162.png,10,1511293452162.png,TRUE
1210,A3INEKAD86IRQC,ice cream,https://langcog.stanford.edu/expts/BLL/kiddraw-recognitionRatings/sketches/ice cream/ice cream_sketch_8_E1c_1511300850043.png,ice cream,ice cream_sketch_8_E1c_1511300850043.png,8,1511300850043.png,TRUE
1211,A3INEKAD86IRQC,boat,https://langcog.stanford.edu/expts/BLL/kiddraw-recognitionRatings/sketches/boat/boat_sketch_5_E1c_1510786719020.png,boat,boat_sketch_5_E1c_1510786719020.png,5,1510786719020.png,TRUE
1212,A3INEKAD86IRQC,frog,https://langcog.stanford.edu/expts/BLL/kiddraw-recognitionRatings/sketches/frog/frog_sketch_6_E1c_1510782034963.png,frog,frog_sketch_6_E1c_1510782034963.png,6,1510782034963.png,TRUE
1213,A3INEKAD86IRQC,carrot,https://langcog.stanford.edu/expts/BLL/kiddraw-recognitionRatings/sketches/carrot/carrot_sketch_7_E1c_1511301634355.png,carrot,carrot_sketch_7_E1c_1511301634355.png,7,1511301634355.png,TRUE
1214,A3INEKAD86IRQC,ice cream,https://langcog.stanford.edu/expts/BLL/kiddraw-recognitionRatings/sketches/ice cream/ice cream_sketch_6_E1c_1510700570912.png,ice cream,ice cream_sketch_6_E1c_1510700570912.png,6,1510700570912.png,TRUE
1215,A3INEKAD86IRQC,couch,https://langcog.stanford.edu/expts/BLL/kiddraw-recognitionRatings/sketches/couch/couch_sketch_6_E1c_1510783818788.png,couch,couch_sketch_6_E1c_1510783818788.png,6,1510783818788.png,TRUE
1216,A3INEKAD86IRQC,couch,https://langcog.stanford.edu/expts/BLL/kiddraw-recognitionRatings/sketches/couch/couch_sketch_5_E1c_1510786719020.png,couch,couch_sketch_5_E1c_1510786719020.png,5,1510786719020.png,TRUE
1217,A3INEKAD86IRQC,boat,https://langcog.stanford.edu/expts/BLL/kiddraw-recognitionRatings/sketches/boat/boat_sketch_8_E1c_1511300355318.png,boat,boat_sketch_8_E1c_1511300355318.png,8,1511300355318.png,TRUE
1218,A3INEKAD86IRQC,frog,https://langcog.stanford.edu/expts/BLL/kiddraw-recognitionRatings/sketches/frog/frog_sketch_8_E1c_1510262448790.png,frog,frog_sketch_8_E1c_1510262448790.png,8,1510262448790.png,TRUE
1219,A3INEKAD86IRQC,car,https://langcog.stanford.edu/expts/BLL/kiddraw-recognitionRatings/sketches/car/car_sketch_10_E1c_1510783638074.png,car,car_sketch_10_E1c_1510783638074.png,10,1510783638074.png,TRUE
1220,A3INEKAD86IRQC,flower,https://langcog.stanford.edu/expts/BLL/kiddraw-recognitionRatings/sketches/flower/flower_sketch_6_E1c_1510700570912.png,flower,flower_sketch_6_E1c_1510700570912.png,6,1510700570912.png,TRUE
1221,A3INEKAD86IRQC,car,https://langcog.stanford.edu/expts/BLL/kiddraw-recognitionRatings/sketches/car/car_sketch_10_E1c_1510684833991.png,car,car_sketch_10_E1c_1510684833991.png,10,1510684833991.png,TRUE
1222,A3INEKAD86IRQC,rabbit,https://langcog.stanford.edu/expts/BLL/kiddraw-recognitionRatings/sketches/rabbit/rabbit_sketch_6_E1c_1511293092153.png,rabbit,rabbit_sketch_6_E1c_1511293092153.png,6,1511293092153.png,TRUE
1223,A3INEKAD86IRQC,cannott tell at all,https://langcog.stanford.edu/expts/BLL/kiddraw-recognitionRatings/sketches/cup/cup_sketch_6_E1c_1510695588717.png,cup,cup_sketch_6_E1c_1510695588717.png,6,1510695588717.png,FALSE
1224,A3INEKAD86IRQC,shoe,https://langcog.stanford.edu/expts/BLL/kiddraw-recognitionRatings/sketches/shoe/shoe_sketch_10_E1c_1511301807087.png,shoe,shoe_sketch_10_E1c_1511301807087.png,10,1511301807087.png,TRUE
1225,A3INEKAD86IRQC,shoe,https://langcog.stanford.edu/expts/BLL/kiddraw-recognitionRatings/sketches/shoe/shoe_sketch_6_E1c_1511292286803.png,shoe,shoe_sketch_6_E1c_1511292286803.png,6,1511292286803.png,TRUE
1226,A3INEKAD86IRQC,rock,https://langcog.stanford.edu/expts/BLL/kiddraw-recognitionRatings/sketches/foot/foot_sketch_6_E1c_1511292286803.png,foot,foot_sketch_6_E1c_1511292286803.png,6,1511292286803.png,FALSE
1227,A3INEKAD86IRQC,flower,https://langcog.stanford.edu/expts/BLL/kiddraw-recognitionRatings/sketches/flower/flower_sketch_8_E1c_1511293924452.png,flower,flower_sketch_8_E1c_1511293924452.png,8,1511293924452.png,TRUE
1228,A3INEKAD86IRQC,chair,https://langcog.stanford.edu/expts/BLL/kiddraw-recognitionRatings/sketches/chair/chair_sketch_6_E1c_1510690510319.png,chair,chair_sketch_6_E1c_1510690510319.png,6,1510690510319.png,TRUE
1229,A3INEKAD86IRQC,boat,https://langcog.stanford.edu/expts/BLL/kiddraw-recognitionRatings/sketches/car/car_sketch_4_E1c_1510263067113.png,car,car_sketch_4_E1c_1510263067113.png,4,1510263067113.png,FALSE
1230,A3INEKAD86IRQC,car,https://langcog.stanford.edu/expts/BLL/kiddraw-recognitionRatings/sketches/car/car_sketch_8_E1c_1510254933095.png,car,car_sketch_8_E1c_1510254933095.png,8,1510254933095.png,TRUE
1231,A3INEKAD86IRQC,cannott tell at all,https://langcog.stanford.edu/expts/BLL/kiddraw-recognitionRatings/sketches/phone/phone_sketch_6_E1c_1510782034963.png,phone,phone_sketch_6_E1c_1510782034963.png,6,1510782034963.png,FALSE
1232,A3INEKAD86IRQC,cat,https://langcog.stanford.edu/expts/BLL/kiddraw-recognitionRatings/sketches/cat/cat_sketch_8_E1c_1511300355318.png,cat,cat_sketch_8_E1c_1511300355318.png,8,1511300355318.png,TRUE
1233,A3INEKAD86IRQC,boat,https://langcog.stanford.edu/expts/BLL/kiddraw-recognitionRatings/sketches/boat/boat_sketch_4_E1c_1510263067113.png,boat,boat_sketch_4_E1c_1510263067113.png,4,1510263067113.png,TRUE
1234,A3INEKAD86IRQC,banana,https://langcog.stanford.edu/expts/BLL/kiddraw-recognitionRatings/sketches/banana/banana_sketch_8_E1c_1511292658766.png,banana,banana_sketch_8_E1c_1511292658766.png,8,1511292658766.png,TRUE
1235,A3INEKAD86IRQC,carrot,https://langcog.stanford.edu/expts/BLL/kiddraw-recognitionRatings/sketches/carrot/carrot_sketch_5_E1c_1510786719020.png,carrot,carrot_sketch_5_E1c_1510786719020.png,5,1510786719020.png,TRUE
1236,A3INEKAD86IRQC,shoe,https://langcog.stanford.edu/expts/BLL/kiddraw-recognitionRatings/sketches/shoe/shoe_sketch_6_E1c_1510700570912.png,shoe,shoe_sketch_6_E1c_1510700570912.png,6,1510700570912.png,TRUE
1237,A3INEKAD86IRQC,bean,https://langcog.stanford.edu/expts/BLL/kiddraw-recognitionRatings/sketches/shoe/shoe_sketch_6_E1c_1510695588717.png,shoe,shoe_sketch_6_E1c_1510695588717.png,6,1510695588717.png,FALSE
1238,A3INEKAD86IRQC,cup,https://langcog.stanford.edu/expts/BLL/kiddraw-recognitionRatings/sketches/cup/cup_sketch_7_E1c_1511301634355.png,cup,cup_sketch_7_E1c_1511301634355.png,7,1511301634355.png,TRUE
1239,A3INEKAD86IRQC,bean,https://langcog.stanford.edu/expts/BLL/kiddraw-recognitionRatings/sketches/phone/phone_sketch_8_E1c_1510254933095.png,phone,phone_sketch_8_E1c_1510254933095.png,8,1510254933095.png,FALSE
1240,A3INEKAD86IRQC,cat,https://langcog.stanford.edu/expts/BLL/kiddraw-recognitionRatings/sketches/rabbit/rabbit_sketch_10_E1c_1510684833991.png,rabbit,rabbit_sketch_10_E1c_1510684833991.png,10,1510684833991.png,FALSE
1241,A3INEKAD86IRQC,carrot,https://langcog.stanford.edu/expts/BLL/kiddraw-recognitionRatings/sketches/carrot/carrot_sketch_10_E1c_1510684833991.png,carrot,carrot_sketch_10_E1c_1510684833991.png,10,1510684833991.png,TRUE
1242,A3INEKAD86IRQC,carrot,https://langcog.stanford.edu/expts/BLL/kiddraw-recognitionRatings/sketches/carrot/carrot_sketch_7_E1c_1510263944688.png,carrot,carrot_sketch_7_E1c_1510263944688.png,7,1510263944688.png,TRUE
1243,A3INEKAD86IRQC,bean,https://langcog.stanford.edu/expts/BLL/kiddraw-recognitionRatings/sketches/shoe/shoe_sketch_8_E1c_1510787010922.png,shoe,shoe_sketch_8_E1c_1510787010922.png,8,1510787010922.png,FALSE
1244,A3INEKAD86IRQC,boat,https://langcog.stanford.edu/expts/BLL/kiddraw-recognitionRatings/sketches/couch/couch_sketch_6_E1c_1510695588717.png,couch,couch_sketch_6_E1c_1510695588717.png,6,1510695588717.png,FALSE
1245,A3INEKAD86IRQC,cat,https://langcog.stanford.edu/expts/BLL/kiddraw-recognitionRatings/sketches/rabbit/rabbit_sketch_4_E1c_1510691847400.png,rabbit,rabbit_sketch_4_E1c_1510691847400.png,4,1510691847400.png,FALSE
1246,A3INEKAD86IRQC,cup,https://langcog.stanford.edu/expts/BLL/kiddraw-recognitionRatings/sketches/cup/cup_sketch_9_E1c_1510689458884.png,cup,cup_sketch_9_E1c_1510689458884.png,9,1510689458884.png,TRUE
1247,A3INEKAD86IRQC,flower,https://langcog.stanford.edu/expts/BLL/kiddraw-recognitionRatings/sketches/flower/flower_sketch_10_E1c_1511293452162.png,flower,flower_sketch_10_E1c_1511293452162.png,10,1511293452162.png,TRUE
1248,A3INEKAD86IRQC,ice cream,https://langcog.stanford.edu/expts/BLL/kiddraw-recognitionRatings/sketches/ice cream/ice cream_sketch_7_E1c_1510870100423.png,ice cream,ice cream_sketch_7_E1c_1510870100423.png,7,1510870100423.png,TRUE
1249,A3INEKAD86IRQC,couch,https://langcog.stanford.edu/expts/BLL/kiddraw-recognitionRatings/sketches/couch/couch_sketch_8_E1c_1510254933095.png,couch,couch_sketch_8_E1c_1510254933095.png,8,1510254933095.png,TRUE
1250,A3INEKAD86IRQC,car,https://langcog.stanford.edu/expts/BLL/kiddraw-recognitionRatings/sketches/car/car_sketch_8_E1c_1510787010922.png,car,car_sketch_8_E1c_1510787010922.png,8,1510787010922.png,TRUE
1251,A3INEKAD86IRQC,chair,https://langcog.stanford.edu/expts/BLL/kiddraw-recognitionRatings/sketches/chair/chair_sketch_6_E1c_1510783818788.png,chair,chair_sketch_6_E1c_1510783818788.png,6,1510783818788.png,TRUE
1252,A3INEKAD86IRQC,flower,https://langcog.stanford.edu/expts/BLL/kiddraw-recognitionRatings/sketches/rabbit/rabbit_sketch_4_E1c_1510263067113.png,rabbit,rabbit_sketch_4_E1c_1510263067113.png,4,1510263067113.png,FALSE
1253,A3INEKAD86IRQC,arm,https://langcog.stanford.edu/expts/BLL/kiddraw-recognitionRatings/sketches/banana/banana_sketch_5_E1c_1510253748384.png,banana,banana_sketch_5_E1c_1510253748384.png,5,1510253748384.png,FALSE
1254,A3INEKAD86IRQC,train,https://langcog.stanford.edu/expts/BLL/kiddraw-recognitionRatings/sketches/train/train_sketch_6_E1c_1510690510319.png,train,train_sketch_6_E1c_1510690510319.png,6,1510690510319.png,TRUE
1255,A3INEKAD86IRQC,cup,https://langcog.stanford.edu/expts/BLL/kiddraw-recognitionRatings/sketches/cup/cup_sketch_4_E1c_1510691847400.png,cup,cup_sketch_4_E1c_1510691847400.png,4,1510691847400.png,TRUE
1256,A3INEKAD86IRQC,train,https://langcog.stanford.edu/expts/BLL/kiddraw-recognitionRatings/sketches/train/train_sketch_10_E1c_1510684833991.png,train,train_sketch_10_E1c_1510684833991.png,10,1510684833991.png,TRUE
1257,A3INEKAD86IRQC,arm,https://langcog.stanford.edu/expts/BLL/kiddraw-recognitionRatings/sketches/banana/banana_sketch_8_E1c_1511300355318.png,banana,banana_sketch_8_E1c_1511300355318.png,8,1511300355318.png,FALSE
1258,A3INEKAD86IRQC,cat,https://langcog.stanford.edu/expts/BLL/kiddraw-recognitionRatings/sketches/rabbit/rabbit_sketch_5_E1c_1510786719020.png,rabbit,rabbit_sketch_5_E1c_1510786719020.png,5,1510786719020.png,FALSE
1259,A3INEKAD86IRQC,boat,https://langcog.stanford.edu/expts/BLL/kiddraw-recognitionRatings/sketches/boat/boat_sketch_6_E1c_1510783818788.png,boat,boat_sketch_6_E1c_1510783818788.png,6,1510783818788.png,TRUE
1260,A3INEKAD86IRQC,car,https://langcog.stanford.edu/expts/BLL/kiddraw-recognitionRatings/sketches/car/car_sketch_6_E1c_1510253415559.png,car,car_sketch_6_E1c_1510253415559.png,6,1510253415559.png,TRUE
1261,A3INEKAD86IRQC,cat,https://langcog.stanford.edu/expts/BLL/kiddraw-recognitionRatings/sketches/rabbit/rabbit_sketch_6_E1c_1510253415559.png,rabbit,rabbit_sketch_6_E1c_1510253415559.png,6,1510253415559.png,FALSE
1262,A3INEKAD86IRQC,train,https://langcog.stanford.edu/expts/BLL/kiddraw-recognitionRatings/sketches/train/train_sketch_10_E1c_1511301807087.png,train,train_sketch_10_E1c_1511301807087.png,10,1511301807087.png,TRUE
1263,A3INEKAD86IRQC,banana,https://langcog.stanford.edu/expts/BLL/kiddraw-recognitionRatings/sketches/banana/banana_sketch_10_E1c_1510684833991.png,banana,banana_sketch_10_E1c_1510684833991.png,10,1510684833991.png,TRUE
1264,A3INEKAD86IRQC,banana,https://langcog.stanford.edu/expts/BLL/kiddraw-recognitionRatings/sketches/banana/banana_sketch_10_E1c_1511293452162.png,banana,banana_sketch_10_E1c_1511293452162.png,10,1511293452162.png,TRUE
1265,A3INEKAD86IRQC,cat,https://langcog.stanford.edu/expts/BLL/kiddraw-recognitionRatings/sketches/cat/cat_sketch_10_E1c_1510783638074.png,cat,cat_sketch_10_E1c_1510783638074.png,10,1510783638074.png,TRUE
1266,A3INEKAD86IRQC,cat,https://langcog.stanford.edu/expts/BLL/kiddraw-recognitionRatings/sketches/cat/cat_sketch_7_E1c_1510263944688.png,cat,cat_sketch_7_E1c_1510263944688.png,7,1510263944688.png,TRUE
1267,A3INEKAD86IRQC,chair,https://langcog.stanford.edu/expts/BLL/kiddraw-recognitionRatings/sketches/chair/chair_sketch_10_E1c_1511301807087.png,chair,chair_sketch_10_E1c_1511301807087.png,10,1511301807087.png,TRUE
1268,A3INEKAD86IRQC,ice cream,https://langcog.stanford.edu/expts/BLL/kiddraw-recognitionRatings/sketches/ice cream/ice cream_sketch_8_E1c_1511300355318.png,ice cream,ice cream_sketch_8_E1c_1511300355318.png,8,1511300355318.png,TRUE
1269,A3INEKAD86IRQC,rock,https://langcog.stanford.edu/expts/BLL/kiddraw-recognitionRatings/sketches/phone/phone_sketch_4_E1c_1510252568116.png,phone,phone_sketch_4_E1c_1510252568116.png,4,1510252568116.png,FALSE
1270,A3INEKAD86IRQC,phone,https://langcog.stanford.edu/expts/BLL/kiddraw-recognitionRatings/sketches/phone/phone_sketch_7_E1c_1511301009480.png,phone,phone_sketch_7_E1c_1511301009480.png,7,1511301009480.png,TRUE
1271,A3INEKAD86IRQC,couch,https://langcog.stanford.edu/expts/BLL/kiddraw-recognitionRatings/sketches/couch/couch_sketch_10_E1c_1510684833991.png,couch,couch_sketch_10_E1c_1510684833991.png,10,1510684833991.png,TRUE
1272,A3INEKAD86IRQC,chair,https://langcog.stanford.edu/expts/BLL/kiddraw-recognitionRatings/sketches/chair/chair_sketch_8_E1c_1510870628731.png,chair,chair_sketch_8_E1c_1510870628731.png,8,1510870628731.png,TRUE
1273,A3INEKAD86IRQC,foot,https://langcog.stanford.edu/expts/BLL/kiddraw-recognitionRatings/sketches/foot/foot_sketch_6_E1c_1510782034963.png,foot,foot_sketch_6_E1c_1510782034963.png,6,1510782034963.png,TRUE
1274,A3INEKAD86IRQC,carrot,https://langcog.stanford.edu/expts/BLL/kiddraw-recognitionRatings/sketches/carrot/carrot_sketch_8_E1c_1511293754661.png,carrot,carrot_sketch_8_E1c_1511293754661.png,8,1511293754661.png,TRUE
1275,A3INEKAD86IRQC,car,https://langcog.stanford.edu/expts/BLL/kiddraw-recognitionRatings/sketches/car/car_sketch_7_E1c_1510783353272.png,car,car_sketch_7_E1c_1510783353272.png,7,1510783353272.png,TRUE
1276,A3INEKAD86IRQC,carrot,https://langcog.stanford.edu/expts/BLL/kiddraw-recognitionRatings/sketches/carrot/carrot_sketch_10_E1c_1511293452162.png,carrot,carrot_sketch_10_E1c_1511293452162.png,10,1511293452162.png,TRUE
1277,A3INEKAD86IRQC,frog,https://langcog.stanford.edu/expts/BLL/kiddraw-recognitionRatings/sketches/frog/frog_sketch_6_E1c_1511293092153.png,frog,frog_sketch_6_E1c_1511293092153.png,6,1511293092153.png,TRUE
1278,A3INEKAD86IRQC,flower,https://langcog.stanford.edu/expts/BLL/kiddraw-recognitionRatings/sketches/flower/flower_sketch_8_E1c_1511300850043.png,flower,flower_sketch_8_E1c_1511300850043.png,8,1511300850043.png,TRUE
1279,A3INEKAD86IRQC,boat,https://langcog.stanford.edu/expts/BLL/kiddraw-recognitionRatings/sketches/couch/couch_sketch_8_E1c_1510787010922.png,couch,couch_sketch_8_E1c_1510787010922.png,8,1510787010922.png,FALSE
1280,A3INEKAD86IRQC,cannott tell at all,https://langcog.stanford.edu/expts/BLL/kiddraw-recognitionRatings/sketches/foot/foot_sketch_4_E1c_1510252568116.png,foot,foot_sketch_4_E1c_1510252568116.png,4,1510252568116.png,FALSE
1281,A3INEKAD86IRQC,banana,https://langcog.stanford.edu/expts/BLL/kiddraw-recognitionRatings/sketches/banana/banana_sketch_6_E1c_1510782034963.png,banana,banana_sketch_6_E1c_1510782034963.png,6,1510782034963.png,TRUE
1282,A3INEKAD86IRQC,car,https://langcog.stanford.edu/expts/BLL/kiddraw-recognitionRatings/sketches/car/car_sketch_6_E1c_1511293092153.png,car,car_sketch_6_E1c_1511293092153.png,6,1511293092153.png,TRUE
1283,A3INEKAD86IRQC,shoe,https://langcog.stanford.edu/expts/BLL/kiddraw-recognitionRatings/sketches/shoe/shoe_sketch_6_E1c_1511292022297.png,shoe,shoe_sketch_6_E1c_1511292022297.png,6,1511292022297.png,TRUE
1284,A3INEKAD86IRQC,cannott tell at all,https://langcog.stanford.edu/expts/BLL/kiddraw-recognitionRatings/sketches/frog/frog_sketch_5_E1c_1510258311547.png,frog,frog_sketch_5_E1c_1510258311547.png,5,1510258311547.png,FALSE
1285,A3INEKAD86IRQC,shoe,https://langcog.stanford.edu/expts/BLL/kiddraw-recognitionRatings/sketches/shoe/shoe_sketch_10_E1c_1511293452162.png,shoe,shoe_sketch_10_E1c_1511293452162.png,10,1511293452162.png,TRUE
1286,A3INEKAD86IRQC,cat,https://langcog.stanford.edu/expts/BLL/kiddraw-recognitionRatings/sketches/cat/cat_sketch_7_E1c_1510870100423.png,cat,cat_sketch_7_E1c_1510870100423.png,7,1510870100423.png,TRUE
1287,A3INEKAD86IRQC,carrot,https://langcog.stanford.edu/expts/BLL/kiddraw-recognitionRatings/sketches/carrot/carrot_sketch_8_E1c_1511300850043.png,carrot,carrot_sketch_8_E1c_1511300850043.png,8,1511300850043.png,TRUE
1288,A3INEKAD86IRQC,rock,https://langcog.stanford.edu/expts/BLL/kiddraw-recognitionRatings/sketches/phone/phone_sketch_8_E1c_1510870628731.png,phone,phone_sketch_8_E1c_1510870628731.png,8,1510870628731.png,FALSE
1289,A3INEKAD86IRQC,train,https://langcog.stanford.edu/expts/BLL/kiddraw-recognitionRatings/sketches/train/train_sketch_10_E1c_1511293452162.png,train,train_sketch_10_E1c_1511293452162.png,10,1511293452162.png,TRUE
1290,A3INEKAD86IRQC,train,https://langcog.stanford.edu/expts/BLL/kiddraw-recognitionRatings/sketches/train/train_sketch_6_E1c_1511292286803.png,train,train_sketch_6_E1c_1511292286803.png,6,1511292286803.png,TRUE
1291,A3INEKAD86IRQC,cup,https://langcog.stanford.edu/expts/BLL/kiddraw-recognitionRatings/sketches/cup/cup_sketch_8_E1c_1510870628731.png,cup,cup_sketch_8_E1c_1510870628731.png,8,1510870628731.png,TRUE
1292,A3INEKAD86IRQC,train,https://langcog.stanford.edu/expts/BLL/kiddraw-recognitionRatings/sketches/couch/couch_sketch_8_E1c_1511293754661.png,couch,couch_sketch_8_E1c_1511293754661.png,8,1511293754661.png,FALSE
1293,A3INEKAD86IRQC,carrot,https://langcog.stanford.edu/expts/BLL/kiddraw-recognitionRatings/sketches/foot/foot_sketch_4_E1c_1510691847400.png,foot,foot_sketch_4_E1c_1510691847400.png,4,1510691847400.png,FALSE
1294,A3INEKAD86IRQC,cat,https://langcog.stanford.edu/expts/BLL/kiddraw-recognitionRatings/sketches/rabbit/rabbit_sketch_5_E1c_1510256904834.png,rabbit,rabbit_sketch_5_E1c_1510256904834.png,5,1510256904834.png,FALSE
1295,A3INEKAD86IRQC,cup,https://langcog.stanford.edu/expts/BLL/kiddraw-recognitionRatings/sketches/cup/cup_sketch_10_E1c_1511293452162.png,cup,cup_sketch_10_E1c_1511293452162.png,10,1511293452162.png,TRUE
1296,A3INEKAD86IRQC,train,https://langcog.stanford.edu/expts/BLL/kiddraw-recognitionRatings/sketches/car/car_sketch_6_E1c_1510690510319.png,car,car_sketch_6_E1c_1510690510319.png,6,1510690510319.png,FALSE
1297,A3INEKAD86IRQC,carrot,https://langcog.stanford.edu/expts/BLL/kiddraw-recognitionRatings/sketches/ice cream/ice cream_sketch_5_E1c_1510870384576.png,ice cream,ice cream_sketch_5_E1c_1510870384576.png,5,1510870384576.png,FALSE
1298,A3INEKAD86IRQC,chair,https://langcog.stanford.edu/expts/BLL/kiddraw-recognitionRatings/sketches/chair/chair_sketch_10_E1c_1510684833991.png,chair,chair_sketch_10_E1c_1510684833991.png,10,1510684833991.png,TRUE
1299,A3INEKAD86IRQC,bean,https://langcog.stanford.edu/expts/BLL/kiddraw-recognitionRatings/sketches/cup/cup_sketch_8_E1c_1510254933095.png,cup,cup_sketch_8_E1c_1510254933095.png,8,1510254933095.png,FALSE
1300,A3INEKAD86IRQC,couch,https://langcog.stanford.edu/expts/BLL/kiddraw-recognitionRatings/sketches/couch/couch_sketch_8_E1c_1510870628731.png,couch,couch_sketch_8_E1c_1510870628731.png,8,1510870628731.png,TRUE
1301,A3INEKAD86IRQC,cup,https://langcog.stanford.edu/expts/BLL/kiddraw-recognitionRatings/sketches/cup/cup_sketch_6_E1c_1510690510319.png,cup,cup_sketch_6_E1c_1510690510319.png,6,1510690510319.png,TRUE
1302,A3INEKAD86IRQC,banana,https://langcog.stanford.edu/expts/BLL/kiddraw-recognitionRatings/sketches/banana/banana_sketch_8_E1c_1510787010922.png,banana,banana_sketch_8_E1c_1510787010922.png,8,1510787010922.png,TRUE
1303,A3INEKAD86IRQC,boat,https://langcog.stanford.edu/expts/BLL/kiddraw-recognitionRatings/sketches/boat/boat_sketch_6_E1c_1510700570912.png,boat,boat_sketch_6_E1c_1510700570912.png,6,1510700570912.png,TRUE
1304,A3INEKAD86IRQC,phone,https://langcog.stanford.edu/expts/BLL/kiddraw-recognitionRatings/sketches/phone/phone_sketch_8_E1c_1511293924452.png,phone,phone_sketch_8_E1c_1511293924452.png,8,1511293924452.png,TRUE
1305,A3INEKAD86IRQC,person,https://langcog.stanford.edu/expts/BLL/kiddraw-recognitionRatings/sketches/frog/frog_sketch_8_E1c_1510870628731.png,frog,frog_sketch_8_E1c_1510870628731.png,8,1510870628731.png,FALSE
1306,A3INEKAD86IRQC,phone,https://langcog.stanford.edu/expts/BLL/kiddraw-recognitionRatings/sketches/phone/phone_sketch_10_E1c_1510684833991.png,phone,phone_sketch_10_E1c_1510684833991.png,10,1510684833991.png,TRUE
1307,A3INEKAD86IRQC,shoe,https://langcog.stanford.edu/expts/BLL/kiddraw-recognitionRatings/sketches/shoe/shoe_sketch_7_E1c_1511301634355.png,shoe,shoe_sketch_7_E1c_1511301634355.png,7,1511301634355.png,TRUE
1308,A3INEKAD86IRQC,rock,https://langcog.stanford.edu/expts/BLL/kiddraw-recognitionRatings/sketches/car/car_sketch_5_E1c_1510786719020.png,car,car_sketch_5_E1c_1510786719020.png,5,1510786719020.png,FALSE
1309,A3INEKAD86IRQC,cup,https://langcog.stanford.edu/expts/BLL/kiddraw-recognitionRatings/sketches/cup/cup_sketch_8_E1c_1510787010922.png,cup,cup_sketch_8_E1c_1510787010922.png,8,1510787010922.png,TRUE
1310,A3INEKAD86IRQC,phone,https://langcog.stanford.edu/expts/BLL/kiddraw-recognitionRatings/sketches/phone/phone_sketch_7_E1c_1511301634355.png,phone,phone_sketch_7_E1c_1511301634355.png,7,1511301634355.png,TRUE
1311,A3INEKAD86IRQC,car,https://langcog.stanford.edu/expts/BLL/kiddraw-recognitionRatings/sketches/car/car_sketch_6_E1c_1510782034963.png,car,car_sketch_6_E1c_1510782034963.png,6,1510782034963.png,TRUE
1312,A3INEKAD86IRQC,flower,https://langcog.stanford.edu/expts/BLL/kiddraw-recognitionRatings/sketches/chair/chair_sketch_4_E1c_1510268275436.png,chair,chair_sketch_4_E1c_1510268275436.png,4,1510268275436.png,FALSE
1313,A3INEKAD86IRQC,car,https://langcog.stanford.edu/expts/BLL/kiddraw-recognitionRatings/sketches/train/train_sketch_7_E1c_1510263944688.png,train,train_sketch_7_E1c_1510263944688.png,7,1510263944688.png,FALSE
1314,A3INEKAD86IRQC,chair,https://langcog.stanford.edu/expts/BLL/kiddraw-recognitionRatings/sketches/frog/frog_sketch_5_E1c_1510256904834.png,frog,frog_sketch_5_E1c_1510256904834.png,5,1510256904834.png,FALSE
1315,A3INEKAD86IRQC,train,https://langcog.stanford.edu/expts/BLL/kiddraw-recognitionRatings/sketches/train/train_sketch_6_E1c_1510253415559.png,train,train_sketch_6_E1c_1510253415559.png,6,1510253415559.png,TRUE
1316,A3INEKAD86IRQC,chair,https://langcog.stanford.edu/expts/BLL/kiddraw-recognitionRatings/sketches/chair/chair_sketch_7_E1c_1510783353272.png,chair,chair_sketch_7_E1c_1510783353272.png,7,1510783353272.png,TRUE
1317,A3INEKAD86IRQC,cat,https://langcog.stanford.edu/expts/BLL/kiddraw-recognitionRatings/sketches/cat/cat_sketch_8_E1c_1510870628731.png,cat,cat_sketch_8_E1c_1510870628731.png,8,1510870628731.png,TRUE
1318,A3INEKAD86IRQC,cannott tell at all,https://langcog.stanford.edu/expts/BLL/kiddraw-recognitionRatings/sketches/boat/boat_sketch_5_E1c_1510258311547.png,boat,boat_sketch_5_E1c_1510258311547.png,5,1510258311547.png,FALSE
1319,A3INEKAD86IRQC,frog,https://langcog.stanford.edu/expts/BLL/kiddraw-recognitionRatings/sketches/frog/frog_sketch_7_E1c_1510263944688.png,frog,frog_sketch_7_E1c_1510263944688.png,7,1510263944688.png,TRUE
1320,A3INEKAD86IRQC,train,https://langcog.stanford.edu/expts/BLL/kiddraw-recognitionRatings/sketches/train/train_sketch_6_E1c_1511293092153.png,train,train_sketch_6_E1c_1511293092153.png,6,1511293092153.png,TRUE
1321,A3INEKAD86IRQC,boat,https://langcog.stanford.edu/expts/BLL/kiddraw-recognitionRatings/sketches/boat/boat_sketch_7_E1c_1511301009480.png,boat,boat_sketch_7_E1c_1511301009480.png,7,1511301009480.png,TRUE
1322,A3INEKAD86IRQC,ice cream,https://langcog.stanford.edu/expts/BLL/kiddraw-recognitionRatings/sketches/ice cream/ice cream_sketch_10_E1c_1510783638074.png,ice cream,ice cream_sketch_10_E1c_1510783638074.png,10,1510783638074.png,TRUE
1323,A3INEKAD86IRQC,chair,https://langcog.stanford.edu/expts/BLL/kiddraw-recognitionRatings/sketches/chair/chair_sketch_5_E1c_1511301440421.png,chair,chair_sketch_5_E1c_1511301440421.png,5,1511301440421.png,TRUE
1324,A3INEKAD86IRQC,cat,https://langcog.stanford.edu/expts/BLL/kiddraw-recognitionRatings/sketches/cat/cat_sketch_8_E1c_1510254933095.png,cat,cat_sketch_8_E1c_1510254933095.png,8,1510254933095.png,TRUE
1325,A3INEKAD86IRQC,flower,https://langcog.stanford.edu/expts/BLL/kiddraw-recognitionRatings/sketches/flower/flower_sketch_8_E1c_1511292658766.png,flower,flower_sketch_8_E1c_1511292658766.png,8,1511292658766.png,TRUE
1326,A3INEKAD86IRQC,chair,https://langcog.stanford.edu/expts/BLL/kiddraw-recognitionRatings/sketches/chair/chair_sketch_5_E1c_1510253748384.png,chair,chair_sketch_5_E1c_1510253748384.png,5,1510253748384.png,TRUE
1327,A3INEKAD86IRQC,cat,https://langcog.stanford.edu/expts/BLL/kiddraw-recognitionRatings/sketches/rabbit/rabbit_sketch_8_E1c_1511300850043.png,rabbit,rabbit_sketch_8_E1c_1511300850043.png,8,1511300850043.png,FALSE
1328,A3INEKAD86IRQC,car,https://langcog.stanford.edu/expts/BLL/kiddraw-recognitionRatings/sketches/car/car_sketch_5_E1c_1511301440421.png,car,car_sketch_5_E1c_1511301440421.png,5,1511301440421.png,TRUE
1329,A3INEKAD86IRQC,frog,https://langcog.stanford.edu/expts/BLL/kiddraw-recognitionRatings/sketches/frog/frog_sketch_8_E1c_1511293754661.png,frog,frog_sketch_8_E1c_1511293754661.png,8,1511293754661.png,TRUE
1330,A3INEKAD86IRQC,ice cream,https://langcog.stanford.edu/expts/BLL/kiddraw-recognitionRatings/sketches/ice cream/ice cream_sketch_6_E1c_1510690510319.png,ice cream,ice cream_sketch_6_E1c_1510690510319.png,6,1510690510319.png,TRUE
1331,A3INEKAD86IRQC,train,https://langcog.stanford.edu/expts/BLL/kiddraw-recognitionRatings/sketches/train/train_sketch_5_E1c_1510870384576.png,train,train_sketch_5_E1c_1510870384576.png,5,1510870384576.png,TRUE
1332,A3INEKAD86IRQC,boat,https://langcog.stanford.edu/expts/BLL/kiddraw-recognitionRatings/sketches/boat/boat_sketch_8_E1c_1510870628731.png,boat,boat_sketch_8_E1c_1510870628731.png,8,1510870628731.png,TRUE
1333,A3INEKAD86IRQC,rabbit,https://langcog.stanford.edu/expts/BLL/kiddraw-recognitionRatings/sketches/rabbit/rabbit_sketch_10_E1c_1511293452162.png,rabbit,rabbit_sketch_10_E1c_1511293452162.png,10,1511293452162.png,TRUE
1334,A3INEKAD86IRQC,arm,https://langcog.stanford.edu/expts/BLL/kiddraw-recognitionRatings/sketches/shoe/shoe_sketch_7_E1c_1510263944688.png,shoe,shoe_sketch_7_E1c_1510263944688.png,7,1510263944688.png,FALSE
1335,A3INEKAD86IRQC,flower,https://langcog.stanford.edu/expts/BLL/kiddraw-recognitionRatings/sketches/flower/flower_sketch_10_E1c_1510783638074.png,flower,flower_sketch_10_E1c_1510783638074.png,10,1510783638074.png,TRUE
1336,A3INEKAD86IRQC,rock,https://langcog.stanford.edu/expts/BLL/kiddraw-recognitionRatings/sketches/carrot/carrot_sketch_5_E1c_1511301440421.png,carrot,carrot_sketch_5_E1c_1511301440421.png,5,1511301440421.png,FALSE
1337,A3INEKAD86IRQC,cannott tell at all,https://langcog.stanford.edu/expts/BLL/kiddraw-recognitionRatings/sketches/couch/couch_sketch_4_E1c_1510268275436.png,couch,couch_sketch_4_E1c_1510268275436.png,4,1510268275436.png,FALSE
1338,A3INEKAD86IRQC,flower,https://langcog.stanford.edu/expts/BLL/kiddraw-recognitionRatings/sketches/flower/flower_sketch_7_E1c_1510783353272.png,flower,flower_sketch_7_E1c_1510783353272.png,7,1510783353272.png,TRUE
1339,A3INEKAD86IRQC,car,https://langcog.stanford.edu/expts/BLL/kiddraw-recognitionRatings/sketches/train/train_sketch_7_E1c_1510783353272.png,train,train_sketch_7_E1c_1510783353272.png,7,1510783353272.png,FALSE
1340,A3INEKAD86IRQC,cup,https://langcog.stanford.edu/expts/BLL/kiddraw-recognitionRatings/sketches/cup/cup_sketch_10_E1c_1511301807087.png,cup,cup_sketch_10_E1c_1511301807087.png,10,1511301807087.png,TRUE
1341,A3INEKAD86IRQC,boat,https://langcog.stanford.edu/expts/BLL/kiddraw-recognitionRatings/sketches/boat/boat_sketch_10_E1c_1511301807087.png,boat,boat_sketch_10_E1c_1511301807087.png,10,1511301807087.png,TRUE
1342,A3INEKAD86IRQC,flower,https://langcog.stanford.edu/expts/BLL/kiddraw-recognitionRatings/sketches/flower/flower_sketch_5_E1c_1510253748384.png,flower,flower_sketch_5_E1c_1510253748384.png,5,1510253748384.png,TRUE
1343,A3INEKAD86IRQC,chair,https://langcog.stanford.edu/expts/BLL/kiddraw-recognitionRatings/sketches/chair/chair_sketch_6_E1c_1511292286803.png,chair,chair_sketch_6_E1c_1511292286803.png,6,1511292286803.png,TRUE
1344,A3INEKAD86IRQC,car,https://langcog.stanford.edu/expts/BLL/kiddraw-recognitionRatings/sketches/car/car_sketch_5_E1c_1510870384576.png,car,car_sketch_5_E1c_1510870384576.png,5,1510870384576.png,TRUE
1345,A3INEKAD86IRQC,carrot,https://langcog.stanford.edu/expts/BLL/kiddraw-recognitionRatings/sketches/carrot/carrot_sketch_9_E1c_1510686242527.png,carrot,carrot_sketch_9_E1c_1510686242527.png,9,1510686242527.png,TRUE
1346,A3INEKAD86IRQC,cannott tell at all,https://langcog.stanford.edu/expts/BLL/kiddraw-recognitionRatings/sketches/cup/cup_sketch_5_E1c_1510258311547.png,cup,cup_sketch_5_E1c_1510258311547.png,5,1510258311547.png,FALSE
1347,A3INEKAD86IRQC,banana,https://langcog.stanford.edu/expts/BLL/kiddraw-recognitionRatings/sketches/banana/banana_sketch_6_E1c_1511292286803.png,banana,banana_sketch_6_E1c_1511292286803.png,6,1511292286803.png,TRUE
1348,A3INEKAD86IRQC,train,https://langcog.stanford.edu/expts/BLL/kiddraw-recognitionRatings/sketches/car/car_sketch_7_E1c_1511301009480.png,car,car_sketch_7_E1c_1511301009480.png,7,1511301009480.png,FALSE
1349,A3INEKAD86IRQC,rabbit,https://langcog.stanford.edu/expts/BLL/kiddraw-recognitionRatings/sketches/rabbit/rabbit_sketch_6_E1c_1511292286803.png,rabbit,rabbit_sketch_6_E1c_1511292286803.png,6,1511292286803.png,TRUE
1350,A3INEKAD86IRQC,rabbit,https://langcog.stanford.edu/expts/BLL/kiddraw-recognitionRatings/sketches/rabbit/rabbit_sketch_6_E1c_1510783818788.png,rabbit,rabbit_sketch_6_E1c_1510783818788.png,6,1510783818788.png,TRUE
1351,A3INEKAD86IRQC,chair,https://langcog.stanford.edu/expts/BLL/kiddraw-recognitionRatings/sketches/chair/chair_sketch_10_E1c_1511293452162.png,chair,chair_sketch_10_E1c_1511293452162.png,10,1511293452162.png,TRUE
1352,A3INEKAD86IRQC,phone,https://langcog.stanford.edu/expts/BLL/kiddraw-recognitionRatings/sketches/phone/phone_sketch_6_E1c_1510783818788.png,phone,phone_sketch_6_E1c_1510783818788.png,6,1510783818788.png,TRUE
1353,A3INEKAD86IRQC,chair,https://langcog.stanford.edu/expts/BLL/kiddraw-recognitionRatings/sketches/couch/couch_sketch_5_E1c_1510256904834.png,couch,couch_sketch_5_E1c_1510256904834.png,5,1510256904834.png,FALSE
1354,A3INEKAD86IRQC,cat,https://langcog.stanford.edu/expts/BLL/kiddraw-recognitionRatings/sketches/cat/cat_sketch_10_E1c_1511293452162.png,cat,cat_sketch_10_E1c_1511293452162.png,10,1511293452162.png,TRUE
1355,A3INEKAD86IRQC,cup,https://langcog.stanford.edu/expts/BLL/kiddraw-recognitionRatings/sketches/cup/cup_sketch_10_E1c_1510255462419.png,cup,cup_sketch_10_E1c_1510255462419.png,10,1510255462419.png,TRUE
1356,A3INEKAD86IRQC,bean,https://langcog.stanford.edu/expts/BLL/kiddraw-recognitionRatings/sketches/banana/banana_sketch_5_E1c_1510786719020.png,banana,banana_sketch_5_E1c_1510786719020.png,5,1510786719020.png,FALSE
1357,A3INEKAD86IRQC,frog,https://langcog.stanford.edu/expts/BLL/kiddraw-recognitionRatings/sketches/frog/frog_sketch_10_E1c_1510684833991.png,frog,frog_sketch_10_E1c_1510684833991.png,10,1510684833991.png,TRUE
1358,A3INEKAD86IRQC,rock,https://langcog.stanford.edu/expts/BLL/kiddraw-recognitionRatings/sketches/boat/boat_sketch_5_E1c_1510253748384.png,boat,boat_sketch_5_E1c_1510253748384.png,5,1510253748384.png,FALSE
1359,A3INEKAD86IRQC,flower,https://langcog.stanford.edu/expts/BLL/kiddraw-recognitionRatings/sketches/flower/flower_sketch_7_E1c_1511301009480.png,flower,flower_sketch_7_E1c_1511301009480.png,7,1511301009480.png,TRUE
1360,A3INEKAD86IRQC,boat,https://langcog.stanford.edu/expts/BLL/kiddraw-recognitionRatings/sketches/boat/boat_sketch_6_E1c_1510695588717.png,boat,boat_sketch_6_E1c_1510695588717.png,6,1510695588717.png,TRUE
1361,A3INEKAD86IRQC,couch,https://langcog.stanford.edu/expts/BLL/kiddraw-recognitionRatings/sketches/couch/couch_sketch_8_E1c_1511300355318.png,couch,couch_sketch_8_E1c_1511300355318.png,8,1511300355318.png,TRUE
1362,A3INEKAD86IRQC,ice cream,https://langcog.stanford.edu/expts/BLL/kiddraw-recognitionRatings/sketches/ice cream/ice cream_sketch_8_E1c_1510262448790.png,ice cream,ice cream_sketch_8_E1c_1510262448790.png,8,1510262448790.png,TRUE
1363,A3INEKAD86IRQC,cat,https://langcog.stanford.edu/expts/BLL/kiddraw-recognitionRatings/sketches/cat/cat_sketch_8_E1c_1511293924452.png,cat,cat_sketch_8_E1c_1511293924452.png,8,1511293924452.png,TRUE
1364,A3INEKAD86IRQC,bean,https://langcog.stanford.edu/expts/BLL/kiddraw-recognitionRatings/sketches/banana/banana_sketch_6_E1c_1511293092153.png,banana,banana_sketch_6_E1c_1511293092153.png,6,1511293092153.png,FALSE
1365,A3INEKAD86IRQC,car,https://langcog.stanford.edu/expts/BLL/kiddraw-recognitionRatings/sketches/couch/couch_sketch_5_E1c_1510258311547.png,couch,couch_sketch_5_E1c_1510258311547.png,5,1510258311547.png,FALSE
1366,A3INEKAD86IRQC,cup,https://langcog.stanford.edu/expts/BLL/kiddraw-recognitionRatings/sketches/cup/cup_sketch_10_E1c_1510684833991.png,cup,cup_sketch_10_E1c_1510684833991.png,10,1510684833991.png,TRUE
1367,A3INEKAD86IRQC,car,https://langcog.stanford.edu/expts/BLL/kiddraw-recognitionRatings/sketches/car/car_sketch_6_E1c_1510695588717.png,car,car_sketch_6_E1c_1510695588717.png,6,1510695588717.png,TRUE
1368,A3INEKAD86IRQC,rabbit,https://langcog.stanford.edu/expts/BLL/kiddraw-recognitionRatings/sketches/rabbit/rabbit_sketch_6_E1c_1511292022297.png,rabbit,rabbit_sketch_6_E1c_1511292022297.png,6,1511292022297.png,TRUE
1369,A3INEKAD86IRQC,banana,https://langcog.stanford.edu/expts/BLL/kiddraw-recognitionRatings/sketches/banana/banana_sketch_6_E1c_1511292022297.png,banana,banana_sketch_6_E1c_1511292022297.png,6,1511292022297.png,TRUE
1370,A3INEKAD86IRQC,frog,https://langcog.stanford.edu/expts/BLL/kiddraw-recognitionRatings/sketches/frog/frog_sketch_8_E1c_1510690264523.png,frog,frog_sketch_8_E1c_1510690264523.png,8,1510690264523.png,TRUE
1371,A3INEKAD86IRQC,phone,https://langcog.stanford.edu/expts/BLL/kiddraw-recognitionRatings/sketches/phone/phone_sketch_7_E1c_1510263944688.png,phone,phone_sketch_7_E1c_1510263944688.png,7,1510263944688.png,TRUE
1372,A3INEKAD86IRQC,cat,https://langcog.stanford.edu/expts/BLL/kiddraw-recognitionRatings/sketches/rabbit/rabbit_sketch_8_E1c_1510254933095.png,rabbit,rabbit_sketch_8_E1c_1510254933095.png,8,1510254933095.png,FALSE
1373,A3INEKAD86IRQC,chair,https://langcog.stanford.edu/expts/BLL/kiddraw-recognitionRatings/sketches/chair/chair_sketch_8_E1c_1510254933095.png,chair,chair_sketch_8_E1c_1510254933095.png,8,1510254933095.png,TRUE
1374,A3INEKAD86IRQC,train,https://langcog.stanford.edu/expts/BLL/kiddraw-recognitionRatings/sketches/couch/couch_sketch_6_E1c_1511292022297.png,couch,couch_sketch_6_E1c_1511292022297.png,6,1511292022297.png,FALSE
1375,A3INEKAD86IRQC,boat,https://langcog.stanford.edu/expts/BLL/kiddraw-recognitionRatings/sketches/boat/boat_sketch_10_E1c_1510684833991.png,boat,boat_sketch_10_E1c_1510684833991.png,10,1510684833991.png,TRUE
1376,A3INEKAD86IRQC,rock,https://langcog.stanford.edu/expts/BLL/kiddraw-recognitionRatings/sketches/train/train_sketch_5_E1c_1510258311547.png,train,train_sketch_5_E1c_1510258311547.png,5,1510258311547.png,FALSE
1377,A3INEKAD86IRQC,train,https://langcog.stanford.edu/expts/BLL/kiddraw-recognitionRatings/sketches/train/train_sketch_7_E1c_1510870100423.png,train,train_sketch_7_E1c_1510870100423.png,7,1510870100423.png,TRUE
1378,A3INEKAD86IRQC,flower,https://langcog.stanford.edu/expts/BLL/kiddraw-recognitionRatings/sketches/flower/flower_sketch_8_E1c_1510262448790.png,flower,flower_sketch_8_E1c_1510262448790.png,8,1510262448790.png,TRUE
1379,A3INEKAD86IRQC,flower,https://langcog.stanford.edu/expts/BLL/kiddraw-recognitionRatings/sketches/flower/flower_sketch_8_E1c_1510870628731.png,flower,flower_sketch_8_E1c_1510870628731.png,8,1510870628731.png,TRUE
1380,A3INEKAD86IRQC,phone,https://langcog.stanford.edu/expts/BLL/kiddraw-recognitionRatings/sketches/phone/phone_sketch_8_E1c_1510690264523.png,phone,phone_sketch_8_E1c_1510690264523.png,8,1510690264523.png,TRUE
1381,A3INEKAD86IRQC,foot,https://langcog.stanford.edu/expts/BLL/kiddraw-recognitionRatings/sketches/shoe/shoe_sketch_8_E1c_1510870628731.png,shoe,shoe_sketch_8_E1c_1510870628731.png,8,1510870628731.png,FALSE
1382,A3INEKAD86IRQC,flower,https://langcog.stanford.edu/expts/BLL/kiddraw-recognitionRatings/sketches/flower/flower_sketch_8_E1c_1511300355318.png,flower,flower_sketch_8_E1c_1511300355318.png,8,1511300355318.png,TRUE
1383,A3INEKAD86IRQC,rock,https://langcog.stanford.edu/expts/BLL/kiddraw-recognitionRatings/sketches/cup/cup_sketch_8_E1c_1511300355318.png,cup,cup_sketch_8_E1c_1511300355318.png,8,1511300355318.png,FALSE
1384,A3INEKAD86IRQC,cat,https://langcog.stanford.edu/expts/BLL/kiddraw-recognitionRatings/sketches/rabbit/rabbit_sketch_8_E1c_1511300355318.png,rabbit,rabbit_sketch_8_E1c_1511300355318.png,8,1511300355318.png,FALSE
1385,A3INEKAD86IRQC,rabbit,https://langcog.stanford.edu/expts/BLL/kiddraw-recognitionRatings/sketches/cat/cat_sketch_6_E1c_1510700570912.png,cat,cat_sketch_6_E1c_1510700570912.png,6,1510700570912.png,FALSE
1386,A3INEKAD86IRQC,frog,https://langcog.stanford.edu/expts/BLL/kiddraw-recognitionRatings/sketches/cat/cat_sketch_8_E1c_1510787010922.png,cat,cat_sketch_8_E1c_1510787010922.png,8,1510787010922.png,FALSE
1387,A3INEKAD86IRQC,shoe,https://langcog.stanford.edu/expts/BLL/kiddraw-recognitionRatings/sketches/shoe/shoe_sketch_5_E1c_1510256904834.png,shoe,shoe_sketch_5_E1c_1510256904834.png,5,1510256904834.png,TRUE
1388,A3INEKAD86IRQC,cat,https://langcog.stanford.edu/expts/BLL/kiddraw-recognitionRatings/sketches/cat/cat_sketch_8_E1c_1510690264523.png,cat,cat_sketch_8_E1c_1510690264523.png,8,1510690264523.png,TRUE
1389,A3INEKAD86IRQC,cat,https://langcog.stanford.edu/expts/BLL/kiddraw-recognitionRatings/sketches/cat/cat_sketch_8_E1c_1511292658766.png,cat,cat_sketch_8_E1c_1511292658766.png,8,1511292658766.png,TRUE
1390,A3INEKAD86IRQC,phone,https://langcog.stanford.edu/expts/BLL/kiddraw-recognitionRatings/sketches/phone/phone_sketch_10_E1c_1511293452162.png,phone,phone_sketch_10_E1c_1511293452162.png,10,1511293452162.png,TRUE
1391,A3INEKAD86IRQC,cat,https://langcog.stanford.edu/expts/BLL/kiddraw-recognitionRatings/sketches/cat/cat_sketch_10_E1c_1510684833991.png,cat,cat_sketch_10_E1c_1510684833991.png,10,1510684833991.png,TRUE
1392,A3INEKAD86IRQC,flower,https://langcog.stanford.edu/expts/BLL/kiddraw-recognitionRatings/sketches/flower/flower_sketch_10_E1c_1510684833991.png,flower,flower_sketch_10_E1c_1510684833991.png,10,1510684833991.png,TRUE
1393,A3INEKAD86IRQC,train,https://langcog.stanford.edu/expts/BLL/kiddraw-recognitionRatings/sketches/train/train_sketch_8_E1c_1510787010922.png,train,train_sketch_8_E1c_1510787010922.png,8,1510787010922.png,TRUE
1394,A3INEKAD86IRQC,train,https://langcog.stanford.edu/expts/BLL/kiddraw-recognitionRatings/sketches/train/train_sketch_8_E1c_1511300355318.png,train,train_sketch_8_E1c_1511300355318.png,8,1511300355318.png,TRUE
1395,A3INEKAD86IRQC,cannott tell at all,https://langcog.stanford.edu/expts/BLL/kiddraw-recognitionRatings/sketches/shoe/shoe_sketch_10_E1c_1510255462419.png,shoe,shoe_sketch_10_E1c_1510255462419.png,10,1510255462419.png,FALSE
1396,A3INEKAD86IRQC,arm,https://langcog.stanford.edu/expts/BLL/kiddraw-recognitionRatings/sketches/phone/phone_sketch_8_E1c_1511300850043.png,phone,phone_sketch_8_E1c_1511300850043.png,8,1511300850043.png,FALSE
1397,A3INEKAD86IRQC,foot,https://langcog.stanford.edu/expts/BLL/kiddraw-recognitionRatings/sketches/foot/foot_sketch_5_E1c_1510256904834.png,foot,foot_sketch_5_E1c_1510256904834.png,5,1510256904834.png,TRUE
1398,A3INEKAD86IRQC,flower,https://langcog.stanford.edu/expts/BLL/kiddraw-recognitionRatings/sketches/flower/flower_sketch_4_E1c_1510691847400.png,flower,flower_sketch_4_E1c_1510691847400.png,4,1510691847400.png,TRUE
1399,A3INEKAD86IRQC,carrot,https://langcog.stanford.edu/expts/BLL/kiddraw-recognitionRatings/sketches/carrot/carrot_sketch_10_E1c_1511301807087.png,carrot,carrot_sketch_10_E1c_1511301807087.png,10,1511301807087.png,TRUE
1400,A3INEKAD86IRQC,boat,https://langcog.stanford.edu/expts/BLL/kiddraw-recognitionRatings/sketches/boat/boat_sketch_8_E1c_1510787010922.png,boat,boat_sketch_8_E1c_1510787010922.png,8,1510787010922.png,TRUE
1401,A3INEKAD86IRQC,foot,https://langcog.stanford.edu/expts/BLL/kiddraw-recognitionRatings/sketches/foot/foot_sketch_8_E1c_1510262448790.png,foot,foot_sketch_8_E1c_1510262448790.png,8,1510262448790.png,TRUE
1402,A3INEKAD86IRQC,foot,https://langcog.stanford.edu/expts/BLL/kiddraw-recognitionRatings/sketches/foot/foot_sketch_10_E1c_1510783638074.png,foot,foot_sketch_10_E1c_1510783638074.png,10,1510783638074.png,TRUE
1403,A3INEKAD86IRQC,chair,https://langcog.stanford.edu/expts/BLL/kiddraw-recognitionRatings/sketches/chair/chair_sketch_6_E1c_1511293092153.png,chair,chair_sketch_6_E1c_1511293092153.png,6,1511293092153.png,TRUE
1404,A3INEKAD86IRQC,phone,https://langcog.stanford.edu/expts/BLL/kiddraw-recognitionRatings/sketches/phone/phone_sketch_7_E1c_1510870100423.png,phone,phone_sketch_7_E1c_1510870100423.png,7,1510870100423.png,TRUE
1405,A3INEKAD86IRQC,foot,https://langcog.stanford.edu/expts/BLL/kiddraw-recognitionRatings/sketches/foot/foot_sketch_8_E1c_1511293754661.png,foot,foot_sketch_8_E1c_1511293754661.png,8,1511293754661.png,TRUE
1406,A3INEKAD86IRQC,couch,https://langcog.stanford.edu/expts/BLL/kiddraw-recognitionRatings/sketches/couch/couch_sketch_10_E1c_1511301807087.png,couch,couch_sketch_10_E1c_1511301807087.png,10,1511301807087.png,TRUE
1407,A3INEKAD86IRQC,train,https://langcog.stanford.edu/expts/BLL/kiddraw-recognitionRatings/sketches/train/train_sketch_6_E1c_1511292022297.png,train,train_sketch_6_E1c_1511292022297.png,6,1511292022297.png,TRUE
1408,A3INEKAD86IRQC,ice cream,https://langcog.stanford.edu/expts/BLL/kiddraw-recognitionRatings/sketches/ice cream/ice cream_sketch_10_E1c_1510684833991.png,ice cream,ice cream_sketch_10_E1c_1510684833991.png,10,1510684833991.png,TRUE
1409,A3INEKAD86IRQC,cannott tell at all,https://langcog.stanford.edu/expts/BLL/kiddraw-recognitionRatings/sketches/foot/foot_sketch_5_E1c_1511301440421.png,foot,foot_sketch_5_E1c_1511301440421.png,5,1511301440421.png,FALSE
1410,A3INEKAD86IRQC,shoe,https://langcog.stanford.edu/expts/BLL/kiddraw-recognitionRatings/sketches/shoe/shoe_sketch_5_E1c_1510786719020.png,shoe,shoe_sketch_5_E1c_1510786719020.png,5,1510786719020.png,TRUE
1411,A3INEKAD86IRQC,cup,https://langcog.stanford.edu/expts/BLL/kiddraw-recognitionRatings/sketches/cup/cup_sketch_8_E1c_1511293924452.png,cup,cup_sketch_8_E1c_1511293924452.png,8,1511293924452.png,TRUE
1412,A3INEKAD86IRQC,cat,https://langcog.stanford.edu/expts/BLL/kiddraw-recognitionRatings/sketches/cat/cat_sketch_7_E1c_1511301634355.png,cat,cat_sketch_7_E1c_1511301634355.png,7,1511301634355.png,TRUE
1413,A3INEKAD86IRQC,phone,https://langcog.stanford.edu/expts/BLL/kiddraw-recognitionRatings/sketches/phone/phone_sketch_10_E1c_1510783638074.png,phone,phone_sketch_10_E1c_1510783638074.png,10,1510783638074.png,TRUE
1414,A3INEKAD86IRQC,foot,https://langcog.stanford.edu/expts/BLL/kiddraw-recognitionRatings/sketches/foot/foot_sketch_8_E1c_1510690264523.png,foot,foot_sketch_8_E1c_1510690264523.png,8,1510690264523.png,TRUE
1415,A3INEKAD86IRQC,rabbit,https://langcog.stanford.edu/expts/BLL/kiddraw-recognitionRatings/sketches/rabbit/rabbit_sketch_8_E1c_1510690264523.png,rabbit,rabbit_sketch_8_E1c_1510690264523.png,8,1510690264523.png,TRUE
1416,A3INEKAD86IRQC,train,https://langcog.stanford.edu/expts/BLL/kiddraw-recognitionRatings/sketches/train/train_sketch_6_E1c_1510700570912.png,train,train_sketch_6_E1c_1510700570912.png,6,1510700570912.png,TRUE
1417,A3INEKAD86IRQC,chair,https://langcog.stanford.edu/expts/BLL/kiddraw-recognitionRatings/sketches/chair/chair_sketch_5_E1c_1510786719020.png,chair,chair_sketch_5_E1c_1510786719020.png,5,1510786719020.png,TRUE
1418,A3INEKAD86IRQC,rabbit,https://langcog.stanford.edu/expts/BLL/kiddraw-recognitionRatings/sketches/rabbit/rabbit_sketch_8_E1c_1510870628731.png,rabbit,rabbit_sketch_8_E1c_1510870628731.png,8,1510870628731.png,TRUE
1419,A3INEKAD86IRQC,couch,https://langcog.stanford.edu/expts/BLL/kiddraw-recognitionRatings/sketches/couch/couch_sketch_6_E1c_1511293092153.png,couch,couch_sketch_6_E1c_1511293092153.png,6,1511293092153.png,TRUE
1420,A3INEKAD86IRQC,rock,https://langcog.stanford.edu/expts/BLL/kiddraw-recognitionRatings/sketches/carrot/carrot_sketch_4_E1c_1510263067113.png,carrot,carrot_sketch_4_E1c_1510263067113.png,4,1510263067113.png,FALSE
1421,A3INEKAD86IRQC,phone,https://langcog.stanford.edu/expts/BLL/kiddraw-recognitionRatings/sketches/phone/phone_sketch_7_E1c_1510783353272.png,phone,phone_sketch_7_E1c_1510783353272.png,7,1510783353272.png,TRUE
1422,A3INEKAD86IRQC,cat,https://langcog.stanford.edu/expts/BLL/kiddraw-recognitionRatings/sketches/cat/cat_sketch_8_E1c_1511300850043.png,cat,cat_sketch_8_E1c_1511300850043.png,8,1511300850043.png,TRUE
1423,A3INEKAD86IRQC,car,https://langcog.stanford.edu/expts/BLL/kiddraw-recognitionRatings/sketches/car/car_sketch_8_E1c_1511293924452.png,car,car_sketch_8_E1c_1511293924452.png,8,1511293924452.png,TRUE
1424,A3INEKAD86IRQC,train,https://langcog.stanford.edu/expts/BLL/kiddraw-recognitionRatings/sketches/train/train_sketch_8_E1c_1510870628731.png,train,train_sketch_8_E1c_1510870628731.png,8,1510870628731.png,TRUE
1425,A3INEKAD86IRQC,bean,https://langcog.stanford.edu/expts/BLL/kiddraw-recognitionRatings/sketches/shoe/shoe_sketch_8_E1c_1510254933095.png,shoe,shoe_sketch_8_E1c_1510254933095.png,8,1510254933095.png,FALSE
1426,A3INEKAD86IRQC,chair,https://langcog.stanford.edu/expts/BLL/kiddraw-recognitionRatings/sketches/shoe/shoe_sketch_8_E1c_1511300355318.png,shoe,shoe_sketch_8_E1c_1511300355318.png,8,1511300355318.png,FALSE
1427,A3INEKAD86IRQC,train,https://langcog.stanford.edu/expts/BLL/kiddraw-recognitionRatings/sketches/train/train_sketch_6_E1c_1510782034963.png,train,train_sketch_6_E1c_1510782034963.png,6,1510782034963.png,TRUE
1428,A3INEKAD86IRQC,rock,https://langcog.stanford.edu/expts/BLL/kiddraw-recognitionRatings/sketches/train/train_sketch_4_E1c_1510268275436.png,train,train_sketch_4_E1c_1510268275436.png,4,1510268275436.png,FALSE
1429,A3INEKAD86IRQC,banana,https://langcog.stanford.edu/expts/BLL/kiddraw-recognitionRatings/sketches/banana/banana_sketch_8_E1c_1510870628731.png,banana,banana_sketch_8_E1c_1510870628731.png,8,1510870628731.png,TRUE
1430,A3INEKAD86IRQC,car,https://langcog.stanford.edu/expts/BLL/kiddraw-recognitionRatings/sketches/car/car_sketch_8_E1c_1511293754661.png,car,car_sketch_8_E1c_1511293754661.png,8,1511293754661.png,TRUE
1431,A2GN5L03ZQEOZF,cup,https://langcog.stanford.edu/expts/BLL/kiddraw-recognitionRatings/sketches/cup/cup_sketch_8_E1c_1510690264523.png,cup,cup_sketch_8_E1c_1510690264523.png,8,1510690264523.png,TRUE
1432,A2GN5L03ZQEOZF,boat,https://langcog.stanford.edu/expts/BLL/kiddraw-recognitionRatings/sketches/boat/boat_sketch_5_E1c_1510253748384.png,boat,boat_sketch_5_E1c_1510253748384.png,5,1510253748384.png,TRUE
1433,A2GN5L03ZQEOZF,couch,https://langcog.stanford.edu/expts/BLL/kiddraw-recognitionRatings/sketches/couch/couch_sketch_6_E1c_1511292022297.png,couch,couch_sketch_6_E1c_1511292022297.png,6,1511292022297.png,TRUE
1434,A2GN5L03ZQEOZF,car,https://langcog.stanford.edu/expts/BLL/kiddraw-recognitionRatings/sketches/car/car_sketch_10_E1c_1510783638074.png,car,car_sketch_10_E1c_1510783638074.png,10,1510783638074.png,TRUE
1435,A2GN5L03ZQEOZF,cannott tell at all,https://langcog.stanford.edu/expts/BLL/kiddraw-recognitionRatings/sketches/cup/cup_sketch_8_E1c_1511300355318.png,cup,cup_sketch_8_E1c_1511300355318.png,8,1511300355318.png,FALSE
1436,A2GN5L03ZQEOZF,carrot,https://langcog.stanford.edu/expts/BLL/kiddraw-recognitionRatings/sketches/frog/frog_sketch_5_E1c_1510258311547.png,frog,frog_sketch_5_E1c_1510258311547.png,5,1510258311547.png,FALSE
1437,A2GN5L03ZQEOZF,flower,https://langcog.stanford.edu/expts/BLL/kiddraw-recognitionRatings/sketches/flower/flower_sketch_4_E1c_1510691847400.png,flower,flower_sketch_4_E1c_1510691847400.png,4,1510691847400.png,TRUE
1438,A2GN5L03ZQEOZF,rabbit,https://langcog.stanford.edu/expts/BLL/kiddraw-recognitionRatings/sketches/rabbit/rabbit_sketch_10_E1c_1510684833991.png,rabbit,rabbit_sketch_10_E1c_1510684833991.png,10,1510684833991.png,TRUE
1439,A2GN5L03ZQEOZF,car,https://langcog.stanford.edu/expts/BLL/kiddraw-recognitionRatings/sketches/boat/boat_sketch_8_E1c_1510787010922.png,boat,boat_sketch_8_E1c_1510787010922.png,8,1510787010922.png,FALSE
1440,A2GN5L03ZQEOZF,chair,https://langcog.stanford.edu/expts/BLL/kiddraw-recognitionRatings/sketches/chair/chair_sketch_7_E1c_1510783353272.png,chair,chair_sketch_7_E1c_1510783353272.png,7,1510783353272.png,TRUE
1441,A2GN5L03ZQEOZF,cannott tell at all,https://langcog.stanford.edu/expts/BLL/kiddraw-recognitionRatings/sketches/phone/phone_sketch_6_E1c_1510783818788.png,phone,phone_sketch_6_E1c_1510783818788.png,6,1510783818788.png,FALSE
1442,A2GN5L03ZQEOZF,foot,https://langcog.stanford.edu/expts/BLL/kiddraw-recognitionRatings/sketches/foot/foot_sketch_10_E1c_1510684833991.png,foot,foot_sketch_10_E1c_1510684833991.png,10,1510684833991.png,TRUE
1443,A2GN5L03ZQEOZF,cannott tell at all,https://langcog.stanford.edu/expts/BLL/kiddraw-recognitionRatings/sketches/chair/chair_sketch_8_E1c_1510870628731.png,chair,chair_sketch_8_E1c_1510870628731.png,8,1510870628731.png,FALSE
1444,A2GN5L03ZQEOZF,phone,https://langcog.stanford.edu/expts/BLL/kiddraw-recognitionRatings/sketches/phone/phone_sketch_10_E1c_1510684833991.png,phone,phone_sketch_10_E1c_1510684833991.png,10,1510684833991.png,TRUE
1445,A2GN5L03ZQEOZF,carrot,https://langcog.stanford.edu/expts/BLL/kiddraw-recognitionRatings/sketches/carrot/carrot_sketch_7_E1c_1510263944688.png,carrot,carrot_sketch_7_E1c_1510263944688.png,7,1510263944688.png,TRUE
1446,A2GN5L03ZQEOZF,boat,https://langcog.stanford.edu/expts/BLL/kiddraw-recognitionRatings/sketches/boat/boat_sketch_6_E1c_1511292286803.png,boat,boat_sketch_6_E1c_1511292286803.png,6,1511292286803.png,TRUE
1447,A2GN5L03ZQEOZF,flower,https://langcog.stanford.edu/expts/BLL/kiddraw-recognitionRatings/sketches/flower/flower_sketch_8_E1c_1510262448790.png,flower,flower_sketch_8_E1c_1510262448790.png,8,1510262448790.png,TRUE
1448,A2GN5L03ZQEOZF,cannott tell at all,https://langcog.stanford.edu/expts/BLL/kiddraw-recognitionRatings/sketches/chair/chair_sketch_8_E1c_1511293924452.png,chair,chair_sketch_8_E1c_1511293924452.png,8,1511293924452.png,FALSE
1449,A2GN5L03ZQEOZF,flower,https://langcog.stanford.edu/expts/BLL/kiddraw-recognitionRatings/sketches/flower/flower_sketch_9_E1c_1510689458884.png,flower,flower_sketch_9_E1c_1510689458884.png,9,1510689458884.png,TRUE
1450,A2GN5L03ZQEOZF,cannott tell at all,https://langcog.stanford.edu/expts/BLL/kiddraw-recognitionRatings/sketches/boat/boat_sketch_5_E1c_1510786719020.png,boat,boat_sketch_5_E1c_1510786719020.png,5,1510786719020.png,FALSE
1451,A2GN5L03ZQEOZF,cat,https://langcog.stanford.edu/expts/BLL/kiddraw-recognitionRatings/sketches/rabbit/rabbit_sketch_4_E1c_1510691847400.png,rabbit,rabbit_sketch_4_E1c_1510691847400.png,4,1510691847400.png,FALSE
1452,A2GN5L03ZQEOZF,cannott tell at all,https://langcog.stanford.edu/expts/BLL/kiddraw-recognitionRatings/sketches/couch/couch_sketch_8_E1c_1510787010922.png,couch,couch_sketch_8_E1c_1510787010922.png,8,1510787010922.png,FALSE
1453,A2GN5L03ZQEOZF,cannott tell at all,https://langcog.stanford.edu/expts/BLL/kiddraw-recognitionRatings/sketches/boat/boat_sketch_8_E1c_1510870628731.png,boat,boat_sketch_8_E1c_1510870628731.png,8,1510870628731.png,FALSE
1454,A2GN5L03ZQEOZF,flower,https://langcog.stanford.edu/expts/BLL/kiddraw-recognitionRatings/sketches/flower/flower_sketch_7_E1c_1510870100423.png,flower,flower_sketch_7_E1c_1510870100423.png,7,1510870100423.png,TRUE
1455,A2GN5L03ZQEOZF,cannott tell at all,https://langcog.stanford.edu/expts/BLL/kiddraw-recognitionRatings/sketches/phone/phone_sketch_4_E1c_1510252568116.png,phone,phone_sketch_4_E1c_1510252568116.png,4,1510252568116.png,FALSE
1456,A2GN5L03ZQEOZF,cat,https://langcog.stanford.edu/expts/BLL/kiddraw-recognitionRatings/sketches/cat/cat_sketch_8_E1c_1511292658766.png,cat,cat_sketch_8_E1c_1511292658766.png,8,1511292658766.png,TRUE
1457,A2GN5L03ZQEOZF,cannott tell at all,https://langcog.stanford.edu/expts/BLL/kiddraw-recognitionRatings/sketches/banana/banana_sketch_8_E1c_1511300355318.png,banana,banana_sketch_8_E1c_1511300355318.png,8,1511300355318.png,FALSE
1458,A2GN5L03ZQEOZF,train,https://langcog.stanford.edu/expts/BLL/kiddraw-recognitionRatings/sketches/train/train_sketch_6_E1c_1511292286803.png,train,train_sketch_6_E1c_1511292286803.png,6,1511292286803.png,TRUE
1459,A2GN5L03ZQEOZF,foot,https://langcog.stanford.edu/expts/BLL/kiddraw-recognitionRatings/sketches/foot/foot_sketch_8_E1c_1510787010922.png,foot,foot_sketch_8_E1c_1510787010922.png,8,1510787010922.png,TRUE
1460,A2GN5L03ZQEOZF,cat,https://langcog.stanford.edu/expts/BLL/kiddraw-recognitionRatings/sketches/cat/cat_sketch_8_E1c_1511300355318.png,cat,cat_sketch_8_E1c_1511300355318.png,8,1511300355318.png,TRUE
1461,A2GN5L03ZQEOZF,cannott tell at all,https://langcog.stanford.edu/expts/BLL/kiddraw-recognitionRatings/sketches/chair/chair_sketch_6_E1c_1510690510319.png,chair,chair_sketch_6_E1c_1510690510319.png,6,1510690510319.png,FALSE
1462,A2GN5L03ZQEOZF,foot,https://langcog.stanford.edu/expts/BLL/kiddraw-recognitionRatings/sketches/foot/foot_sketch_10_E1c_1510783638074.png,foot,foot_sketch_10_E1c_1510783638074.png,10,1510783638074.png,TRUE
1463,A2GN5L03ZQEOZF,car,https://langcog.stanford.edu/expts/BLL/kiddraw-recognitionRatings/sketches/car/car_sketch_10_E1c_1510684833991.png,car,car_sketch_10_E1c_1510684833991.png,10,1510684833991.png,TRUE
1464,A2GN5L03ZQEOZF,cannott tell at all,https://langcog.stanford.edu/expts/BLL/kiddraw-recognitionRatings/sketches/ice cream/ice cream_sketch_8_E1c_1511300355318.png,ice cream,ice cream_sketch_8_E1c_1511300355318.png,8,1511300355318.png,FALSE
1465,A2GN5L03ZQEOZF,banana,https://langcog.stanford.edu/expts/BLL/kiddraw-recognitionRatings/sketches/banana/banana_sketch_6_E1c_1511292022297.png,banana,banana_sketch_6_E1c_1511292022297.png,6,1511292022297.png,TRUE
1466,A2GN5L03ZQEOZF,cannott tell at all,https://langcog.stanford.edu/expts/BLL/kiddraw-recognitionRatings/sketches/phone/phone_sketch_7_E1c_1511301009480.png,phone,phone_sketch_7_E1c_1511301009480.png,7,1511301009480.png,FALSE
1467,A2GN5L03ZQEOZF,foot,https://langcog.stanford.edu/expts/BLL/kiddraw-recognitionRatings/sketches/foot/foot_sketch_6_E1c_1510782034963.png,foot,foot_sketch_6_E1c_1510782034963.png,6,1510782034963.png,TRUE
1468,A2GN5L03ZQEOZF,cannott tell at all,https://langcog.stanford.edu/expts/BLL/kiddraw-recognitionRatings/sketches/phone/phone_sketch_6_E1c_1510782034963.png,phone,phone_sketch_6_E1c_1510782034963.png,6,1510782034963.png,FALSE
1469,A2GN5L03ZQEOZF,carrot,https://langcog.stanford.edu/expts/BLL/kiddraw-recognitionRatings/sketches/carrot/carrot_sketch_10_E1c_1510255462419.png,carrot,carrot_sketch_10_E1c_1510255462419.png,10,1510255462419.png,TRUE
1470,A2GN5L03ZQEOZF,flower,https://langcog.stanford.edu/expts/BLL/kiddraw-recognitionRatings/sketches/flower/flower_sketch_8_E1c_1510870628731.png,flower,flower_sketch_8_E1c_1510870628731.png,8,1510870628731.png,TRUE
1471,A2GN5L03ZQEOZF,cannott tell at all,https://langcog.stanford.edu/expts/BLL/kiddraw-recognitionRatings/sketches/cup/cup_sketch_5_E1c_1510258311547.png,cup,cup_sketch_5_E1c_1510258311547.png,5,1510258311547.png,FALSE
1472,A2GN5L03ZQEOZF,cannott tell at all,https://langcog.stanford.edu/expts/BLL/kiddraw-recognitionRatings/sketches/ice cream/ice cream_sketch_4_E1c_1510691847400.png,ice cream,ice cream_sketch_4_E1c_1510691847400.png,4,1510691847400.png,FALSE
1473,A2GN5L03ZQEOZF,cannott tell at all,https://langcog.stanford.edu/expts/BLL/kiddraw-recognitionRatings/sketches/banana/banana_sketch_5_E1c_1511301440421.png,banana,banana_sketch_5_E1c_1511301440421.png,5,1511301440421.png,FALSE
1474,A2GN5L03ZQEOZF,car,https://langcog.stanford.edu/expts/BLL/kiddraw-recognitionRatings/sketches/car/car_sketch_5_E1c_1510870384576.png,car,car_sketch_5_E1c_1510870384576.png,5,1510870384576.png,TRUE
1475,A2GN5L03ZQEOZF,cup,https://langcog.stanford.edu/expts/BLL/kiddraw-recognitionRatings/sketches/cup/cup_sketch_6_E1c_1510690510319.png,cup,cup_sketch_6_E1c_1510690510319.png,6,1510690510319.png,TRUE
1476,A2GN5L03ZQEOZF,cannott tell at all,https://langcog.stanford.edu/expts/BLL/kiddraw-recognitionRatings/sketches/chair/chair_sketch_4_E1c_1510252568116.png,chair,chair_sketch_4_E1c_1510252568116.png,4,1510252568116.png,FALSE
1477,A2GN5L03ZQEOZF,car,https://langcog.stanford.edu/expts/BLL/kiddraw-recognitionRatings/sketches/car/car_sketch_6_E1c_1511293092153.png,car,car_sketch_6_E1c_1511293092153.png,6,1511293092153.png,TRUE
1478,A2GN5L03ZQEOZF,cannott tell at all,https://langcog.stanford.edu/expts/BLL/kiddraw-recognitionRatings/sketches/frog/frog_sketch_8_E1c_1510870628731.png,frog,frog_sketch_8_E1c_1510870628731.png,8,1510870628731.png,FALSE
1479,A2GN5L03ZQEOZF,foot,https://langcog.stanford.edu/expts/BLL/kiddraw-recognitionRatings/sketches/foot/foot_sketch_5_E1c_1510786719020.png,foot,foot_sketch_5_E1c_1510786719020.png,5,1510786719020.png,TRUE
1480,A2GN5L03ZQEOZF,cannott tell at all,https://langcog.stanford.edu/expts/BLL/kiddraw-recognitionRatings/sketches/chair/chair_sketch_6_E1c_1511292286803.png,chair,chair_sketch_6_E1c_1511292286803.png,6,1511292286803.png,FALSE
1481,A2GN5L03ZQEOZF,cat,https://langcog.stanford.edu/expts/BLL/kiddraw-recognitionRatings/sketches/cat/cat_sketch_10_E1c_1510684833991.png,cat,cat_sketch_10_E1c_1510684833991.png,10,1510684833991.png,TRUE
1482,A2GN5L03ZQEOZF,carrot,https://langcog.stanford.edu/expts/BLL/kiddraw-recognitionRatings/sketches/carrot/carrot_sketch_8_E1c_1510254933095.png,carrot,carrot_sketch_8_E1c_1510254933095.png,8,1510254933095.png,TRUE
1483,A2GN5L03ZQEOZF,car,https://langcog.stanford.edu/expts/BLL/kiddraw-recognitionRatings/sketches/car/car_sketch_8_E1c_1510254933095.png,car,car_sketch_8_E1c_1510254933095.png,8,1510254933095.png,TRUE
1484,A2GN5L03ZQEOZF,foot,https://langcog.stanford.edu/expts/BLL/kiddraw-recognitionRatings/sketches/shoe/shoe_sketch_10_E1c_1510255462419.png,shoe,shoe_sketch_10_E1c_1510255462419.png,10,1510255462419.png,FALSE
1485,A2GN5L03ZQEOZF,foot,https://langcog.stanford.edu/expts/BLL/kiddraw-recognitionRatings/sketches/couch/couch_sketch_8_E1c_1510870628731.png,couch,couch_sketch_8_E1c_1510870628731.png,8,1510870628731.png,FALSE
1486,A2GN5L03ZQEOZF,cannott tell at all,https://langcog.stanford.edu/expts/BLL/kiddraw-recognitionRatings/sketches/carrot/carrot_sketch_4_E1c_1510268275436.png,carrot,carrot_sketch_4_E1c_1510268275436.png,4,1510268275436.png,FALSE
1487,A2GN5L03ZQEOZF,foot,https://langcog.stanford.edu/expts/BLL/kiddraw-recognitionRatings/sketches/shoe/shoe_sketch_5_E1c_1510256904834.png,shoe,shoe_sketch_5_E1c_1510256904834.png,5,1510256904834.png,FALSE
1488,A2GN5L03ZQEOZF,ice cream,https://langcog.stanford.edu/expts/BLL/kiddraw-recognitionRatings/sketches/ice cream/ice cream_sketch_7_E1c_1510870100423.png,ice cream,ice cream_sketch_7_E1c_1510870100423.png,7,1510870100423.png,TRUE
1489,A2GN5L03ZQEOZF,rabbit,https://langcog.stanford.edu/expts/BLL/kiddraw-recognitionRatings/sketches/rabbit/rabbit_sketch_8_E1c_1510690264523.png,rabbit,rabbit_sketch_8_E1c_1510690264523.png,8,1510690264523.png,TRUE
1490,A2GN5L03ZQEOZF,cannott tell at all,https://langcog.stanford.edu/expts/BLL/kiddraw-recognitionRatings/sketches/car/car_sketch_4_E1c_1510263067113.png,car,car_sketch_4_E1c_1510263067113.png,4,1510263067113.png,FALSE
1491,A2GN5L03ZQEOZF,foot,https://langcog.stanford.edu/expts/BLL/kiddraw-recognitionRatings/sketches/shoe/shoe_sketch_6_E1c_1510695588717.png,shoe,shoe_sketch_6_E1c_1510695588717.png,6,1510695588717.png,FALSE
1492,A2GN5L03ZQEOZF,frog,https://langcog.stanford.edu/expts/BLL/kiddraw-recognitionRatings/sketches/frog/frog_sketch_6_E1c_1510782034963.png,frog,frog_sketch_6_E1c_1510782034963.png,6,1510782034963.png,TRUE
1493,A2GN5L03ZQEOZF,chair,https://langcog.stanford.edu/expts/BLL/kiddraw-recognitionRatings/sketches/chair/chair_sketch_10_E1c_1511301807087.png,chair,chair_sketch_10_E1c_1511301807087.png,10,1511301807087.png,TRUE
1494,A2GN5L03ZQEOZF,banana,https://langcog.stanford.edu/expts/BLL/kiddraw-recognitionRatings/sketches/banana/banana_sketch_6_E1c_1510782034963.png,banana,banana_sketch_6_E1c_1510782034963.png,6,1510782034963.png,TRUE
1495,A2GN5L03ZQEOZF,flower,https://langcog.stanford.edu/expts/BLL/kiddraw-recognitionRatings/sketches/flower/flower_sketch_5_E1c_1510786719020.png,flower,flower_sketch_5_E1c_1510786719020.png,5,1510786719020.png,TRUE
1496,A2GN5L03ZQEOZF,boat,https://langcog.stanford.edu/expts/BLL/kiddraw-recognitionRatings/sketches/boat/boat_sketch_8_E1c_1511292658766.png,boat,boat_sketch_8_E1c_1511292658766.png,8,1511292658766.png,TRUE
1497,A2GN5L03ZQEOZF,foot,https://langcog.stanford.edu/expts/BLL/kiddraw-recognitionRatings/sketches/shoe/shoe_sketch_8_E1c_1510262448790.png,shoe,shoe_sketch_8_E1c_1510262448790.png,8,1510262448790.png,FALSE
1498,A2GN5L03ZQEOZF,banana,https://langcog.stanford.edu/expts/BLL/kiddraw-recognitionRatings/sketches/banana/banana_sketch_10_E1c_1510684833991.png,banana,banana_sketch_10_E1c_1510684833991.png,10,1510684833991.png,TRUE
1499,A2GN5L03ZQEOZF,car,https://langcog.stanford.edu/expts/BLL/kiddraw-recognitionRatings/sketches/car/car_sketch_5_E1c_1511301440421.png,car,car_sketch_5_E1c_1511301440421.png,5,1511301440421.png,TRUE
1500,A2GN5L03ZQEOZF,banana,https://langcog.stanford.edu/expts/BLL/kiddraw-recognitionRatings/sketches/banana/banana_sketch_10_E1c_1511293452162.png,banana,banana_sketch_10_E1c_1511293452162.png,10,1511293452162.png,TRUE
1501,A2GN5L03ZQEOZF,flower,https://langcog.stanford.edu/expts/BLL/kiddraw-recognitionRatings/sketches/flower/flower_sketch_8_E1c_1510787010922.png,flower,flower_sketch_8_E1c_1510787010922.png,8,1510787010922.png,TRUE
1502,A2GN5L03ZQEOZF,cannott tell at all,https://langcog.stanford.edu/expts/BLL/kiddraw-recognitionRatings/sketches/shoe/shoe_sketch_7_E1c_1511301634355.png,shoe,shoe_sketch_7_E1c_1511301634355.png,7,1511301634355.png,FALSE
1503,A2GN5L03ZQEOZF,cup,https://langcog.stanford.edu/expts/BLL/kiddraw-recognitionRatings/sketches/cup/cup_sketch_10_E1c_1511293452162.png,cup,cup_sketch_10_E1c_1511293452162.png,10,1511293452162.png,TRUE
1504,A2GN5L03ZQEOZF,boat,https://langcog.stanford.edu/expts/BLL/kiddraw-recognitionRatings/sketches/boat/boat_sketch_6_E1c_1510695588717.png,boat,boat_sketch_6_E1c_1510695588717.png,6,1510695588717.png,TRUE
1505,A2GN5L03ZQEOZF,cannott tell at all,https://langcog.stanford.edu/expts/BLL/kiddraw-recognitionRatings/sketches/frog/frog_sketch_5_E1c_1510256904834.png,frog,frog_sketch_5_E1c_1510256904834.png,5,1510256904834.png,FALSE
1506,A2GN5L03ZQEOZF,car,https://langcog.stanford.edu/expts/BLL/kiddraw-recognitionRatings/sketches/car/car_sketch_7_E1c_1511301009480.png,car,car_sketch_7_E1c_1511301009480.png,7,1511301009480.png,TRUE
1507,A2GN5L03ZQEOZF,person,https://langcog.stanford.edu/expts/BLL/kiddraw-recognitionRatings/sketches/rabbit/rabbit_sketch_8_E1c_1510787010922.png,rabbit,rabbit_sketch_8_E1c_1510787010922.png,8,1510787010922.png,FALSE
1508,A2GN5L03ZQEOZF,person,https://langcog.stanford.edu/expts/BLL/kiddraw-recognitionRatings/sketches/frog/frog_sketch_8_E1c_1510262448790.png,frog,frog_sketch_8_E1c_1510262448790.png,8,1510262448790.png,FALSE
1509,A2GN5L03ZQEOZF,cup,https://langcog.stanford.edu/expts/BLL/kiddraw-recognitionRatings/sketches/cup/cup_sketch_7_E1c_1511301634355.png,cup,cup_sketch_7_E1c_1511301634355.png,7,1511301634355.png,TRUE
1510,A2GN5L03ZQEOZF,train,https://langcog.stanford.edu/expts/BLL/kiddraw-recognitionRatings/sketches/train/train_sketch_10_E1c_1511293452162.png,train,train_sketch_10_E1c_1511293452162.png,10,1511293452162.png,TRUE
1511,A2GN5L03ZQEOZF,cat,https://langcog.stanford.edu/expts/BLL/kiddraw-recognitionRatings/sketches/cat/cat_sketch_5_E1c_1510786719020.png,cat,cat_sketch_5_E1c_1510786719020.png,5,1510786719020.png,TRUE
1512,A2GN5L03ZQEOZF,train,https://langcog.stanford.edu/expts/BLL/kiddraw-recognitionRatings/sketches/train/train_sketch_6_E1c_1510253415559.png,train,train_sketch_6_E1c_1510253415559.png,6,1510253415559.png,TRUE
1513,A2GN5L03ZQEOZF,flower,https://langcog.stanford.edu/expts/BLL/kiddraw-recognitionRatings/sketches/flower/flower_sketch_8_E1c_1511300850043.png,flower,flower_sketch_8_E1c_1511300850043.png,8,1511300850043.png,TRUE
1514,A2GN5L03ZQEOZF,cannott tell at all,https://langcog.stanford.edu/expts/BLL/kiddraw-recognitionRatings/sketches/chair/chair_sketch_5_E1c_1510786719020.png,chair,chair_sketch_5_E1c_1510786719020.png,5,1510786719020.png,FALSE
1515,A2GN5L03ZQEOZF,cannott tell at all,https://langcog.stanford.edu/expts/BLL/kiddraw-recognitionRatings/sketches/couch/couch_sketch_8_E1c_1511300355318.png,couch,couch_sketch_8_E1c_1511300355318.png,8,1511300355318.png,FALSE
1516,A2GN5L03ZQEOZF,train,https://langcog.stanford.edu/expts/BLL/kiddraw-recognitionRatings/sketches/train/train_sketch_5_E1c_1510870384576.png,train,train_sketch_5_E1c_1510870384576.png,5,1510870384576.png,TRUE
1517,A2GN5L03ZQEOZF,foot,https://langcog.stanford.edu/expts/BLL/kiddraw-recognitionRatings/sketches/shoe/shoe_sketch_6_E1c_1510700570912.png,shoe,shoe_sketch_6_E1c_1510700570912.png,6,1510700570912.png,FALSE
1518,A2GN5L03ZQEOZF,cannott tell at all,https://langcog.stanford.edu/expts/BLL/kiddraw-recognitionRatings/sketches/frog/frog_sketch_7_E1c_1510263944688.png,frog,frog_sketch_7_E1c_1510263944688.png,7,1510263944688.png,FALSE
1519,A2GN5L03ZQEOZF,phone,https://langcog.stanford.edu/expts/BLL/kiddraw-recognitionRatings/sketches/phone/phone_sketch_8_E1c_1511293924452.png,phone,phone_sketch_8_E1c_1511293924452.png,8,1511293924452.png,TRUE
1520,A2GN5L03ZQEOZF,foot,https://langcog.stanford.edu/expts/BLL/kiddraw-recognitionRatings/sketches/foot/foot_sketch_4_E1c_1510691847400.png,foot,foot_sketch_4_E1c_1510691847400.png,4,1510691847400.png,TRUE
1521,A2GN5L03ZQEOZF,train,https://langcog.stanford.edu/expts/BLL/kiddraw-recognitionRatings/sketches/train/train_sketch_6_E1c_1510782034963.png,train,train_sketch_6_E1c_1510782034963.png,6,1510782034963.png,TRUE
1522,A2GN5L03ZQEOZF,foot,https://langcog.stanford.edu/expts/BLL/kiddraw-recognitionRatings/sketches/shoe/shoe_sketch_6_E1c_1511292022297.png,shoe,shoe_sketch_6_E1c_1511292022297.png,6,1511292022297.png,FALSE
1523,A2GN5L03ZQEOZF,couch,https://langcog.stanford.edu/expts/BLL/kiddraw-recognitionRatings/sketches/couch/couch_sketch_10_E1c_1511301807087.png,couch,couch_sketch_10_E1c_1511301807087.png,10,1511301807087.png,TRUE
1524,A2GN5L03ZQEOZF,chair,https://langcog.stanford.edu/expts/BLL/kiddraw-recognitionRatings/sketches/chair/chair_sketch_8_E1c_1510690264523.png,chair,chair_sketch_8_E1c_1510690264523.png,8,1510690264523.png,TRUE
1525,A2GN5L03ZQEOZF,cannott tell at all,https://langcog.stanford.edu/expts/BLL/kiddraw-recognitionRatings/sketches/foot/foot_sketch_5_E1c_1511301440421.png,foot,foot_sketch_5_E1c_1511301440421.png,5,1511301440421.png,FALSE
1526,A2GN5L03ZQEOZF,cannott tell at all,https://langcog.stanford.edu/expts/BLL/kiddraw-recognitionRatings/sketches/banana/banana_sketch_8_E1c_1510870628731.png,banana,banana_sketch_8_E1c_1510870628731.png,8,1510870628731.png,FALSE
1527,A2GN5L03ZQEOZF,banana,https://langcog.stanford.edu/expts/BLL/kiddraw-recognitionRatings/sketches/banana/banana_sketch_8_E1c_1511292658766.png,banana,banana_sketch_8_E1c_1511292658766.png,8,1511292658766.png,TRUE
1528,A2GN5L03ZQEOZF,cup,https://langcog.stanford.edu/expts/BLL/kiddraw-recognitionRatings/sketches/cup/cup_sketch_8_E1c_1510870628731.png,cup,cup_sketch_8_E1c_1510870628731.png,8,1510870628731.png,TRUE
1529,A2GN5L03ZQEOZF,train,https://langcog.stanford.edu/expts/BLL/kiddraw-recognitionRatings/sketches/train/train_sketch_10_E1c_1511301807087.png,train,train_sketch_10_E1c_1511301807087.png,10,1511301807087.png,TRUE
1530,A2GN5L03ZQEOZF,cannott tell at all,https://langcog.stanford.edu/expts/BLL/kiddraw-recognitionRatings/sketches/couch/couch_sketch_7_E1c_1511301634355.png,couch,couch_sketch_7_E1c_1511301634355.png,7,1511301634355.png,FALSE
1531,A2GN5L03ZQEOZF,cat,https://langcog.stanford.edu/expts/BLL/kiddraw-recognitionRatings/sketches/cat/cat_sketch_10_E1c_1511293452162.png,cat,cat_sketch_10_E1c_1511293452162.png,10,1511293452162.png,TRUE
1532,A2GN5L03ZQEOZF,carrot,https://langcog.stanford.edu/expts/BLL/kiddraw-recognitionRatings/sketches/carrot/carrot_sketch_5_E1c_1510786719020.png,carrot,carrot_sketch_5_E1c_1510786719020.png,5,1510786719020.png,TRUE
1533,A2GN5L03ZQEOZF,cat,https://langcog.stanford.edu/expts/BLL/kiddraw-recognitionRatings/sketches/couch/couch_sketch_5_E1c_1510258311547.png,couch,couch_sketch_5_E1c_1510258311547.png,5,1510258311547.png,FALSE
1534,A2GN5L03ZQEOZF,car,https://langcog.stanford.edu/expts/BLL/kiddraw-recognitionRatings/sketches/car/car_sketch_5_E1c_1510786719020.png,car,car_sketch_5_E1c_1510786719020.png,5,1510786719020.png,TRUE
1535,A2GN5L03ZQEOZF,cup,https://langcog.stanford.edu/expts/BLL/kiddraw-recognitionRatings/sketches/cup/cup_sketch_8_E1c_1511293924452.png,cup,cup_sketch_8_E1c_1511293924452.png,8,1511293924452.png,TRUE
1536,A2GN5L03ZQEOZF,chair,https://langcog.stanford.edu/expts/BLL/kiddraw-recognitionRatings/sketches/chair/chair_sketch_7_E1c_1510870100423.png,chair,chair_sketch_7_E1c_1510870100423.png,7,1510870100423.png,TRUE
1537,A2GN5L03ZQEOZF,banana,https://langcog.stanford.edu/expts/BLL/kiddraw-recognitionRatings/sketches/banana/banana_sketch_9_E1c_1510686242527.png,banana,banana_sketch_9_E1c_1510686242527.png,9,1510686242527.png,TRUE
1538,A2GN5L03ZQEOZF,cat,https://langcog.stanford.edu/expts/BLL/kiddraw-recognitionRatings/sketches/rabbit/rabbit_sketch_8_E1c_1511300850043.png,rabbit,rabbit_sketch_8_E1c_1511300850043.png,8,1511300850043.png,FALSE
1539,A2GN5L03ZQEOZF,flower,https://langcog.stanford.edu/expts/BLL/kiddraw-recognitionRatings/sketches/flower/flower_sketch_8_E1c_1511292658766.png,flower,flower_sketch_8_E1c_1511292658766.png,8,1511292658766.png,TRUE
1540,A2GN5L03ZQEOZF,cat,https://langcog.stanford.edu/expts/BLL/kiddraw-recognitionRatings/sketches/cat/cat_sketch_7_E1c_1510263944688.png,cat,cat_sketch_7_E1c_1510263944688.png,7,1510263944688.png,TRUE
1541,A2GN5L03ZQEOZF,foot,https://langcog.stanford.edu/expts/BLL/kiddraw-recognitionRatings/sketches/shoe/shoe_sketch_8_E1c_1510870628731.png,shoe,shoe_sketch_8_E1c_1510870628731.png,8,1510870628731.png,FALSE
1542,A2GN5L03ZQEOZF,boat,https://langcog.stanford.edu/expts/BLL/kiddraw-recognitionRatings/sketches/boat/boat_sketch_6_E1c_1510700570912.png,boat,boat_sketch_6_E1c_1510700570912.png,6,1510700570912.png,TRUE
1543,A2GN5L03ZQEOZF,foot,https://langcog.stanford.edu/expts/BLL/kiddraw-recognitionRatings/sketches/foot/foot_sketch_6_E1c_1511292022297.png,foot,foot_sketch_6_E1c_1511292022297.png,6,1511292022297.png,TRUE
1544,A2GN5L03ZQEOZF,car,https://langcog.stanford.edu/expts/BLL/kiddraw-recognitionRatings/sketches/car/car_sketch_8_E1c_1511293754661.png,car,car_sketch_8_E1c_1511293754661.png,8,1511293754661.png,TRUE
1545,A2GN5L03ZQEOZF,flower,https://langcog.stanford.edu/expts/BLL/kiddraw-recognitionRatings/sketches/flower/flower_sketch_8_E1c_1511300355318.png,flower,flower_sketch_8_E1c_1511300355318.png,8,1511300355318.png,TRUE
1546,A2GN5L03ZQEOZF,banana,https://langcog.stanford.edu/expts/BLL/kiddraw-recognitionRatings/sketches/banana/banana_sketch_8_E1c_1510254933095.png,banana,banana_sketch_8_E1c_1510254933095.png,8,1510254933095.png,TRUE
1547,A2GN5L03ZQEOZF,car,https://langcog.stanford.edu/expts/BLL/kiddraw-recognitionRatings/sketches/train/train_sketch_8_E1c_1511300355318.png,train,train_sketch_8_E1c_1511300355318.png,8,1511300355318.png,FALSE
1548,A2GN5L03ZQEOZF,carrot,https://langcog.stanford.edu/expts/BLL/kiddraw-recognitionRatings/sketches/carrot/carrot_sketch_8_E1c_1511300850043.png,carrot,carrot_sketch_8_E1c_1511300850043.png,8,1511300850043.png,TRUE
1549,A2GN5L03ZQEOZF,foot,https://langcog.stanford.edu/expts/BLL/kiddraw-recognitionRatings/sketches/foot/foot_sketch_8_E1c_1510262448790.png,foot,foot_sketch_8_E1c_1510262448790.png,8,1510262448790.png,TRUE
1550,A2GN5L03ZQEOZF,cat,https://langcog.stanford.edu/expts/BLL/kiddraw-recognitionRatings/sketches/rabbit/rabbit_sketch_6_E1c_1510253415559.png,rabbit,rabbit_sketch_6_E1c_1510253415559.png,6,1510253415559.png,FALSE
1551,A2GN5L03ZQEOZF,cat,https://langcog.stanford.edu/expts/BLL/kiddraw-recognitionRatings/sketches/rabbit/rabbit_sketch_10_E1c_1511293452162.png,rabbit,rabbit_sketch_10_E1c_1511293452162.png,10,1511293452162.png,FALSE
1552,A2GN5L03ZQEOZF,cannott tell at all,https://langcog.stanford.edu/expts/BLL/kiddraw-recognitionRatings/sketches/banana/banana_sketch_6_E1c_1511292286803.png,banana,banana_sketch_6_E1c_1511292286803.png,6,1511292286803.png,FALSE
1553,A2GN5L03ZQEOZF,chair,https://langcog.stanford.edu/expts/BLL/kiddraw-recognitionRatings/sketches/chair/chair_sketch_6_E1c_1510783818788.png,chair,chair_sketch_6_E1c_1510783818788.png,6,1510783818788.png,TRUE
1554,A2GN5L03ZQEOZF,frog,https://langcog.stanford.edu/expts/BLL/kiddraw-recognitionRatings/sketches/frog/frog_sketch_6_E1c_1511293092153.png,frog,frog_sketch_6_E1c_1511293092153.png,6,1511293092153.png,TRUE
1555,A2GN5L03ZQEOZF,car,https://langcog.stanford.edu/expts/BLL/kiddraw-recognitionRatings/sketches/train/train_sketch_7_E1c_1510870100423.png,train,train_sketch_7_E1c_1510870100423.png,7,1510870100423.png,FALSE
1556,A2GN5L03ZQEOZF,carrot,https://langcog.stanford.edu/expts/BLL/kiddraw-recognitionRatings/sketches/carrot/carrot_sketch_10_E1c_1511301807087.png,carrot,carrot_sketch_10_E1c_1511301807087.png,10,1511301807087.png,TRUE
1557,A2GN5L03ZQEOZF,flower,https://langcog.stanford.edu/expts/BLL/kiddraw-recognitionRatings/sketches/flower/flower_sketch_8_E1c_1511293754661.png,flower,flower_sketch_8_E1c_1511293754661.png,8,1511293754661.png,TRUE
1558,A2GN5L03ZQEOZF,cannott tell at all,https://langcog.stanford.edu/expts/BLL/kiddraw-recognitionRatings/sketches/phone/phone_sketch_8_E1c_1511300850043.png,phone,phone_sketch_8_E1c_1511300850043.png,8,1511300850043.png,FALSE
1559,A2GN5L03ZQEOZF,car,https://langcog.stanford.edu/expts/BLL/kiddraw-recognitionRatings/sketches/car/car_sketch_8_E1c_1511293924452.png,car,car_sketch_8_E1c_1511293924452.png,8,1511293924452.png,TRUE
1560,A2GN5L03ZQEOZF,flower,https://langcog.stanford.edu/expts/BLL/kiddraw-recognitionRatings/sketches/flower/flower_sketch_10_E1c_1510783638074.png,flower,flower_sketch_10_E1c_1510783638074.png,10,1510783638074.png,TRUE
1561,A2GN5L03ZQEOZF,cannott tell at all,https://langcog.stanford.edu/expts/BLL/kiddraw-recognitionRatings/sketches/phone/phone_sketch_10_E1c_1510783638074.png,phone,phone_sketch_10_E1c_1510783638074.png,10,1510783638074.png,FALSE
1562,A2GN5L03ZQEOZF,train,https://langcog.stanford.edu/expts/BLL/kiddraw-recognitionRatings/sketches/train/train_sketch_5_E1c_1510786719020.png,train,train_sketch_5_E1c_1510786719020.png,5,1510786719020.png,TRUE
1563,A2GN5L03ZQEOZF,train,https://langcog.stanford.edu/expts/BLL/kiddraw-recognitionRatings/sketches/train/train_sketch_8_E1c_1510870628731.png,train,train_sketch_8_E1c_1510870628731.png,8,1510870628731.png,TRUE
1564,A2GN5L03ZQEOZF,shoe,https://langcog.stanford.edu/expts/BLL/kiddraw-recognitionRatings/sketches/shoe/shoe_sketch_10_E1c_1511301807087.png,shoe,shoe_sketch_10_E1c_1511301807087.png,10,1511301807087.png,TRUE
1565,A2GN5L03ZQEOZF,cat,https://langcog.stanford.edu/expts/BLL/kiddraw-recognitionRatings/sketches/cat/cat_sketch_8_E1c_1511300850043.png,cat,cat_sketch_8_E1c_1511300850043.png,8,1511300850043.png,TRUE
1566,A2GN5L03ZQEOZF,rock,https://langcog.stanford.edu/expts/BLL/kiddraw-recognitionRatings/sketches/shoe/shoe_sketch_6_E1c_1511292286803.png,shoe,shoe_sketch_6_E1c_1511292286803.png,6,1511292286803.png,FALSE
1567,A2GN5L03ZQEOZF,cannott tell at all,https://langcog.stanford.edu/expts/BLL/kiddraw-recognitionRatings/sketches/couch/couch_sketch_8_E1c_1510254933095.png,couch,couch_sketch_8_E1c_1510254933095.png,8,1510254933095.png,FALSE
1568,A2GN5L03ZQEOZF,flower,https://langcog.stanford.edu/expts/BLL/kiddraw-recognitionRatings/sketches/flower/flower_sketch_10_E1c_1511293452162.png,flower,flower_sketch_10_E1c_1511293452162.png,10,1511293452162.png,TRUE
1569,A2GN5L03ZQEOZF,banana,https://langcog.stanford.edu/expts/BLL/kiddraw-recognitionRatings/sketches/banana/banana_sketch_7_E1c_1511301009480.png,banana,banana_sketch_7_E1c_1511301009480.png,7,1511301009480.png,TRUE
1570,A2GN5L03ZQEOZF,frog,https://langcog.stanford.edu/expts/BLL/kiddraw-recognitionRatings/sketches/frog/frog_sketch_10_E1c_1511293452162.png,frog,frog_sketch_10_E1c_1511293452162.png,10,1511293452162.png,TRUE
1571,A2GN5L03ZQEOZF,cannott tell at all,https://langcog.stanford.edu/expts/BLL/kiddraw-recognitionRatings/sketches/boat/boat_sketch_8_E1c_1511300355318.png,boat,boat_sketch_8_E1c_1511300355318.png,8,1511300355318.png,FALSE
1572,A2GN5L03ZQEOZF,cannott tell at all,https://langcog.stanford.edu/expts/BLL/kiddraw-recognitionRatings/sketches/boat/boat_sketch_5_E1c_1510258311547.png,boat,boat_sketch_5_E1c_1510258311547.png,5,1510258311547.png,FALSE
1573,A2GN5L03ZQEOZF,cannott tell at all,https://langcog.stanford.edu/expts/BLL/kiddraw-recognitionRatings/sketches/shoe/shoe_sketch_8_E1c_1510787010922.png,shoe,shoe_sketch_8_E1c_1510787010922.png,8,1510787010922.png,FALSE
1574,A2GN5L03ZQEOZF,person,https://langcog.stanford.edu/expts/BLL/kiddraw-recognitionRatings/sketches/frog/frog_sketch_8_E1c_1510787010922.png,frog,frog_sketch_8_E1c_1510787010922.png,8,1510787010922.png,FALSE
1575,A2GN5L03ZQEOZF,cat,https://langcog.stanford.edu/expts/BLL/kiddraw-recognitionRatings/sketches/rabbit/rabbit_sketch_5_E1c_1510256904834.png,rabbit,rabbit_sketch_5_E1c_1510256904834.png,5,1510256904834.png,FALSE
1576,A2GN5L03ZQEOZF,ice cream,https://langcog.stanford.edu/expts/BLL/kiddraw-recognitionRatings/sketches/ice cream/ice cream_sketch_10_E1c_1510684833991.png,ice cream,ice cream_sketch_10_E1c_1510684833991.png,10,1510684833991.png,TRUE
1577,A2GN5L03ZQEOZF,chair,https://langcog.stanford.edu/expts/BLL/kiddraw-recognitionRatings/sketches/chair/chair_sketch_5_E1c_1510253748384.png,chair,chair_sketch_5_E1c_1510253748384.png,5,1510253748384.png,TRUE
1578,A2GN5L03ZQEOZF,car,https://langcog.stanford.edu/expts/BLL/kiddraw-recognitionRatings/sketches/train/train_sketch_6_E1c_1511292022297.png,train,train_sketch_6_E1c_1511292022297.png,6,1511292022297.png,FALSE
1579,A2GN5L03ZQEOZF,cannott tell at all,https://langcog.stanford.edu/expts/BLL/kiddraw-recognitionRatings/sketches/couch/couch_sketch_6_E1c_1510695588717.png,couch,couch_sketch_6_E1c_1510695588717.png,6,1510695588717.png,FALSE
1580,A2GN5L03ZQEOZF,rabbit,https://langcog.stanford.edu/expts/BLL/kiddraw-recognitionRatings/sketches/rabbit/rabbit_sketch_8_E1c_1511293924452.png,rabbit,rabbit_sketch_8_E1c_1511293924452.png,8,1511293924452.png,TRUE
1581,A2GN5L03ZQEOZF,rabbit,https://langcog.stanford.edu/expts/BLL/kiddraw-recognitionRatings/sketches/frog/frog_sketch_10_E1c_1510684833991.png,frog,frog_sketch_10_E1c_1510684833991.png,10,1510684833991.png,FALSE
1582,A2GN5L03ZQEOZF,car,https://langcog.stanford.edu/expts/BLL/kiddraw-recognitionRatings/sketches/train/train_sketch_7_E1c_1510783353272.png,train,train_sketch_7_E1c_1510783353272.png,7,1510783353272.png,FALSE
1583,A2GN5L03ZQEOZF,ice cream,https://langcog.stanford.edu/expts/BLL/kiddraw-recognitionRatings/sketches/cup/cup_sketch_10_E1c_1510684833991.png,cup,cup_sketch_10_E1c_1510684833991.png,10,1510684833991.png,FALSE
1584,A2GN5L03ZQEOZF,shoe,https://langcog.stanford.edu/expts/BLL/kiddraw-recognitionRatings/sketches/shoe/shoe_sketch_10_E1c_1511293452162.png,shoe,shoe_sketch_10_E1c_1511293452162.png,10,1511293452162.png,TRUE
1585,A2GN5L03ZQEOZF,couch,https://langcog.stanford.edu/expts/BLL/kiddraw-recognitionRatings/sketches/couch/couch_sketch_6_E1c_1511293092153.png,couch,couch_sketch_6_E1c_1511293092153.png,6,1511293092153.png,TRUE
1586,A2GN5L03ZQEOZF,cup,https://langcog.stanford.edu/expts/BLL/kiddraw-recognitionRatings/sketches/cup/cup_sketch_10_E1c_1511301807087.png,cup,cup_sketch_10_E1c_1511301807087.png,10,1511301807087.png,TRUE
1587,A2GN5L03ZQEOZF,train,https://langcog.stanford.edu/expts/BLL/kiddraw-recognitionRatings/sketches/train/train_sketch_10_E1c_1510684833991.png,train,train_sketch_10_E1c_1510684833991.png,10,1510684833991.png,TRUE
1588,A2GN5L03ZQEOZF,cup,https://langcog.stanford.edu/expts/BLL/kiddraw-recognitionRatings/sketches/cup/cup_sketch_9_E1c_1510689458884.png,cup,cup_sketch_9_E1c_1510689458884.png,9,1510689458884.png,TRUE
1589,A2GN5L03ZQEOZF,ice cream,https://langcog.stanford.edu/expts/BLL/kiddraw-recognitionRatings/sketches/ice cream/ice cream_sketch_8_E1c_1511293754661.png,ice cream,ice cream_sketch_8_E1c_1511293754661.png,8,1511293754661.png,TRUE
1590,A2GN5L03ZQEOZF,foot,https://langcog.stanford.edu/expts/BLL/kiddraw-recognitionRatings/sketches/foot/foot_sketch_8_E1c_1510690264523.png,foot,foot_sketch_8_E1c_1510690264523.png,8,1510690264523.png,TRUE
1591,A2GN5L03ZQEOZF,cannott tell at all,https://langcog.stanford.edu/expts/BLL/kiddraw-recognitionRatings/sketches/car/car_sketch_8_E1c_1510787010922.png,car,car_sketch_8_E1c_1510787010922.png,8,1510787010922.png,FALSE
1592,A2GN5L03ZQEOZF,boat,https://langcog.stanford.edu/expts/BLL/kiddraw-recognitionRatings/sketches/boat/boat_sketch_6_E1c_1510783818788.png,boat,boat_sketch_6_E1c_1510783818788.png,6,1510783818788.png,TRUE
1593,A2GN5L03ZQEOZF,cannott tell at all,https://langcog.stanford.edu/expts/BLL/kiddraw-recognitionRatings/sketches/couch/couch_sketch_5_E1c_1510256904834.png,couch,couch_sketch_5_E1c_1510256904834.png,5,1510256904834.png,FALSE
1594,A2GN5L03ZQEOZF,cannott tell at all,https://langcog.stanford.edu/expts/BLL/kiddraw-recognitionRatings/sketches/couch/couch_sketch_4_E1c_1510268275436.png,couch,couch_sketch_4_E1c_1510268275436.png,4,1510268275436.png,FALSE
1595,A2GN5L03ZQEOZF,cat,https://langcog.stanford.edu/expts/BLL/kiddraw-recognitionRatings/sketches/rabbit/rabbit_sketch_9_E1c_1510686242527.png,rabbit,rabbit_sketch_9_E1c_1510686242527.png,9,1510686242527.png,FALSE
1596,A2GN5L03ZQEOZF,ice cream,https://langcog.stanford.edu/expts/BLL/kiddraw-recognitionRatings/sketches/ice cream/ice cream_sketch_8_E1c_1510254933095.png,ice cream,ice cream_sketch_8_E1c_1510254933095.png,8,1510254933095.png,TRUE
1597,A2GN5L03ZQEOZF,car,https://langcog.stanford.edu/expts/BLL/kiddraw-recognitionRatings/sketches/car/car_sketch_6_E1c_1511292022297.png,car,car_sketch_6_E1c_1511292022297.png,6,1511292022297.png,TRUE
1598,A2GN5L03ZQEOZF,cannott tell at all,https://langcog.stanford.edu/expts/BLL/kiddraw-recognitionRatings/sketches/boat/boat_sketch_4_E1c_1510263067113.png,boat,boat_sketch_4_E1c_1510263067113.png,4,1510263067113.png,FALSE
1599,A2GN5L03ZQEOZF,cannott tell at all,https://langcog.stanford.edu/expts/BLL/kiddraw-recognitionRatings/sketches/cup/cup_sketch_5_E1c_1510870384576.png,cup,cup_sketch_5_E1c_1510870384576.png,5,1510870384576.png,FALSE
1600,A2GN5L03ZQEOZF,chair,https://langcog.stanford.edu/expts/BLL/kiddraw-recognitionRatings/sketches/shoe/shoe_sketch_8_E1c_1511300355318.png,shoe,shoe_sketch_8_E1c_1511300355318.png,8,1511300355318.png,FALSE
1601,A2GN5L03ZQEOZF,foot,https://langcog.stanford.edu/expts/BLL/kiddraw-recognitionRatings/sketches/foot/foot_sketch_8_E1c_1510254933095.png,foot,foot_sketch_8_E1c_1510254933095.png,8,1510254933095.png,TRUE
1602,A2GN5L03ZQEOZF,foot,https://langcog.stanford.edu/expts/BLL/kiddraw-recognitionRatings/sketches/train/train_sketch_8_E1c_1510787010922.png,train,train_sketch_8_E1c_1510787010922.png,8,1510787010922.png,FALSE
1603,A2GN5L03ZQEOZF,cannott tell at all,https://langcog.stanford.edu/expts/BLL/kiddraw-recognitionRatings/sketches/train/train_sketch_6_E1c_1510700570912.png,train,train_sketch_6_E1c_1510700570912.png,6,1510700570912.png,FALSE
1604,A2GN5L03ZQEOZF,cannott tell at all,https://langcog.stanford.edu/expts/BLL/kiddraw-recognitionRatings/sketches/ice cream/ice cream_sketch_5_E1c_1510253748384.png,ice cream,ice cream_sketch_5_E1c_1510253748384.png,5,1510253748384.png,FALSE
1605,A2GN5L03ZQEOZF,cat,https://langcog.stanford.edu/expts/BLL/kiddraw-recognitionRatings/sketches/rabbit/rabbit_sketch_8_E1c_1511300355318.png,rabbit,rabbit_sketch_8_E1c_1511300355318.png,8,1511300355318.png,FALSE
1606,A2GN5L03ZQEOZF,chair,https://langcog.stanford.edu/expts/BLL/kiddraw-recognitionRatings/sketches/chair/chair_sketch_8_E1c_1510787010922.png,chair,chair_sketch_8_E1c_1510787010922.png,8,1510787010922.png,TRUE
1607,A2GN5L03ZQEOZF,ice cream,https://langcog.stanford.edu/expts/BLL/kiddraw-recognitionRatings/sketches/ice cream/ice cream_sketch_6_E1c_1511292286803.png,ice cream,ice cream_sketch_6_E1c_1511292286803.png,6,1511292286803.png,TRUE
1608,A2GN5L03ZQEOZF,couch,https://langcog.stanford.edu/expts/BLL/kiddraw-recognitionRatings/sketches/couch/couch_sketch_6_E1c_1510783818788.png,couch,couch_sketch_6_E1c_1510783818788.png,6,1510783818788.png,TRUE
1609,A2GN5L03ZQEOZF,ice cream,https://langcog.stanford.edu/expts/BLL/kiddraw-recognitionRatings/sketches/ice cream/ice cream_sketch_10_E1c_1510783638074.png,ice cream,ice cream_sketch_10_E1c_1510783638074.png,10,1510783638074.png,TRUE
1610,A2GN5L03ZQEOZF,phone,https://langcog.stanford.edu/expts/BLL/kiddraw-recognitionRatings/sketches/phone/phone_sketch_8_E1c_1510690264523.png,phone,phone_sketch_8_E1c_1510690264523.png,8,1510690264523.png,TRUE
1611,A2GN5L03ZQEOZF,cat,https://langcog.stanford.edu/expts/BLL/kiddraw-recognitionRatings/sketches/cat/cat_sketch_7_E1c_1511301634355.png,cat,cat_sketch_7_E1c_1511301634355.png,7,1511301634355.png,TRUE
1612,A2GN5L03ZQEOZF,flower,https://langcog.stanford.edu/expts/BLL/kiddraw-recognitionRatings/sketches/flower/flower_sketch_7_E1c_1510783353272.png,flower,flower_sketch_7_E1c_1510783353272.png,7,1510783353272.png,TRUE
1613,A2GN5L03ZQEOZF,phone,https://langcog.stanford.edu/expts/BLL/kiddraw-recognitionRatings/sketches/phone/phone_sketch_10_E1c_1511293452162.png,phone,phone_sketch_10_E1c_1511293452162.png,10,1511293452162.png,TRUE
1614,A2GN5L03ZQEOZF,cannott tell at all,https://langcog.stanford.edu/expts/BLL/kiddraw-recognitionRatings/sketches/carrot/carrot_sketch_4_E1c_1510263067113.png,carrot,carrot_sketch_4_E1c_1510263067113.png,4,1510263067113.png,FALSE
1615,A2GN5L03ZQEOZF,rabbit,https://langcog.stanford.edu/expts/BLL/kiddraw-recognitionRatings/sketches/rabbit/rabbit_sketch_7_E1c_1510870100423.png,rabbit,rabbit_sketch_7_E1c_1510870100423.png,7,1510870100423.png,TRUE
1616,A2GN5L03ZQEOZF,ice cream,https://langcog.stanford.edu/expts/BLL/kiddraw-recognitionRatings/sketches/ice cream/ice cream_sketch_8_E1c_1510262448790.png,ice cream,ice cream_sketch_8_E1c_1510262448790.png,8,1510262448790.png,TRUE
1617,A2GN5L03ZQEOZF,cat,https://langcog.stanford.edu/expts/BLL/kiddraw-recognitionRatings/sketches/cat/cat_sketch_8_E1c_1511293924452.png,cat,cat_sketch_8_E1c_1511293924452.png,8,1511293924452.png,TRUE
1618,A2GN5L03ZQEOZF,cannott tell at all,https://langcog.stanford.edu/expts/BLL/kiddraw-recognitionRatings/sketches/phone/phone_sketch_7_E1c_1510263944688.png,phone,phone_sketch_7_E1c_1510263944688.png,7,1510263944688.png,FALSE
1619,A2GN5L03ZQEOZF,cannott tell at all,https://langcog.stanford.edu/expts/BLL/kiddraw-recognitionRatings/sketches/cup/cup_sketch_4_E1c_1510691847400.png,cup,cup_sketch_4_E1c_1510691847400.png,4,1510691847400.png,FALSE
1620,A2GN5L03ZQEOZF,car,https://langcog.stanford.edu/expts/BLL/kiddraw-recognitionRatings/sketches/car/car_sketch_6_E1c_1510253415559.png,car,car_sketch_6_E1c_1510253415559.png,6,1510253415559.png,TRUE
1621,A2GN5L03ZQEOZF,foot,https://langcog.stanford.edu/expts/BLL/kiddraw-recognitionRatings/sketches/foot/foot_sketch_8_E1c_1511293754661.png,foot,foot_sketch_8_E1c_1511293754661.png,8,1511293754661.png,TRUE
1622,A2GN5L03ZQEOZF,carrot,https://langcog.stanford.edu/expts/BLL/kiddraw-recognitionRatings/sketches/carrot/carrot_sketch_7_E1c_1511301634355.png,carrot,carrot_sketch_7_E1c_1511301634355.png,7,1511301634355.png,TRUE
1623,A2GN5L03ZQEOZF,boat,https://langcog.stanford.edu/expts/BLL/kiddraw-recognitionRatings/sketches/boat/boat_sketch_10_E1c_1511301807087.png,boat,boat_sketch_10_E1c_1511301807087.png,10,1511301807087.png,TRUE
1624,A2GN5L03ZQEOZF,phone,https://langcog.stanford.edu/expts/BLL/kiddraw-recognitionRatings/sketches/phone/phone_sketch_7_E1c_1510783353272.png,phone,phone_sketch_7_E1c_1510783353272.png,7,1510783353272.png,TRUE
1625,A2GN5L03ZQEOZF,flower,https://langcog.stanford.edu/expts/BLL/kiddraw-recognitionRatings/sketches/flower/flower_sketch_10_E1c_1510684833991.png,flower,flower_sketch_10_E1c_1510684833991.png,10,1510684833991.png,TRUE
1626,A2GN5L03ZQEOZF,carrot,https://langcog.stanford.edu/expts/BLL/kiddraw-recognitionRatings/sketches/carrot/carrot_sketch_9_E1c_1510689458884.png,carrot,carrot_sketch_9_E1c_1510689458884.png,9,1510689458884.png,TRUE
1627,A2GN5L03ZQEOZF,cannott tell at all,https://langcog.stanford.edu/expts/BLL/kiddraw-recognitionRatings/sketches/shoe/shoe_sketch_5_E1c_1510870384576.png,shoe,shoe_sketch_5_E1c_1510870384576.png,5,1510870384576.png,FALSE
1628,A2GN5L03ZQEOZF,ice cream,https://langcog.stanford.edu/expts/BLL/kiddraw-recognitionRatings/sketches/ice cream/ice cream_sketch_7_E1c_1511301634355.png,ice cream,ice cream_sketch_7_E1c_1511301634355.png,7,1511301634355.png,TRUE
1629,A2GN5L03ZQEOZF,chair,https://langcog.stanford.edu/expts/BLL/kiddraw-recognitionRatings/sketches/chair/chair_sketch_10_E1c_1510684833991.png,chair,chair_sketch_10_E1c_1510684833991.png,10,1510684833991.png,TRUE
1630,A2GN5L03ZQEOZF,chair,https://langcog.stanford.edu/expts/BLL/kiddraw-recognitionRatings/sketches/chair/chair_sketch_10_E1c_1511293452162.png,chair,chair_sketch_10_E1c_1511293452162.png,10,1511293452162.png,TRUE
1631,A2GN5L03ZQEOZF,carrot,https://langcog.stanford.edu/expts/BLL/kiddraw-recognitionRatings/sketches/carrot/carrot_sketch_7_E1c_1510870100423.png,carrot,carrot_sketch_7_E1c_1510870100423.png,7,1510870100423.png,TRUE
1632,A2GN5L03ZQEOZF,ice cream,https://langcog.stanford.edu/expts/BLL/kiddraw-recognitionRatings/sketches/ice cream/ice cream_sketch_5_E1c_1511301440421.png,ice cream,ice cream_sketch_5_E1c_1511301440421.png,5,1511301440421.png,TRUE
1633,A2GN5L03ZQEOZF,cannott tell at all,https://langcog.stanford.edu/expts/BLL/kiddraw-recognitionRatings/sketches/rabbit/rabbit_sketch_6_E1c_1510783818788.png,rabbit,rabbit_sketch_6_E1c_1510783818788.png,6,1510783818788.png,FALSE
1634,A2GN5L03ZQEOZF,ice cream,https://langcog.stanford.edu/expts/BLL/kiddraw-recognitionRatings/sketches/ice cream/ice cream_sketch_5_E1c_1510870384576.png,ice cream,ice cream_sketch_5_E1c_1510870384576.png,5,1510870384576.png,TRUE
1635,A2GN5L03ZQEOZF,ice cream,https://langcog.stanford.edu/expts/BLL/kiddraw-recognitionRatings/sketches/ice cream/ice cream_sketch_6_E1c_1510690510319.png,ice cream,ice cream_sketch_6_E1c_1510690510319.png,6,1510690510319.png,TRUE
1636,A2GN5L03ZQEOZF,frog,https://langcog.stanford.edu/expts/BLL/kiddraw-recognitionRatings/sketches/frog/frog_sketch_6_E1c_1510700570912.png,frog,frog_sketch_6_E1c_1510700570912.png,6,1510700570912.png,TRUE
1637,A2GN5L03ZQEOZF,couch,https://langcog.stanford.edu/expts/BLL/kiddraw-recognitionRatings/sketches/couch/couch_sketch_5_E1c_1510786719020.png,couch,couch_sketch_5_E1c_1510786719020.png,5,1510786719020.png,TRUE
1638,A2GN5L03ZQEOZF,cannott tell at all,https://langcog.stanford.edu/expts/BLL/kiddraw-recognitionRatings/sketches/banana/banana_sketch_6_E1c_1511293092153.png,banana,banana_sketch_6_E1c_1511293092153.png,6,1511293092153.png,FALSE
1639,A2GN5L03ZQEOZF,boat,https://langcog.stanford.edu/expts/BLL/kiddraw-recognitionRatings/sketches/boat/boat_sketch_8_E1c_1511293924452.png,boat,boat_sketch_8_E1c_1511293924452.png,8,1511293924452.png,TRUE
1640,A2GN5L03ZQEOZF,cannott tell at all,https://langcog.stanford.edu/expts/BLL/kiddraw-recognitionRatings/sketches/phone/phone_sketch_5_E1c_1511301440421.png,phone,phone_sketch_5_E1c_1511301440421.png,5,1511301440421.png,FALSE
1641,A2GN5L03ZQEOZF,car,https://langcog.stanford.edu/expts/BLL/kiddraw-recognitionRatings/sketches/car/car_sketch_7_E1c_1510783353272.png,car,car_sketch_7_E1c_1510783353272.png,7,1510783353272.png,TRUE
1642,A2GN5L03ZQEOZF,boat,https://langcog.stanford.edu/expts/BLL/kiddraw-recognitionRatings/sketches/boat/boat_sketch_7_E1c_1511301009480.png,boat,boat_sketch_7_E1c_1511301009480.png,7,1511301009480.png,TRUE
1643,A2GN5L03ZQEOZF,cup,https://langcog.stanford.edu/expts/BLL/kiddraw-recognitionRatings/sketches/cup/cup_sketch_8_E1c_1510787010922.png,cup,cup_sketch_8_E1c_1510787010922.png,8,1510787010922.png,TRUE
1644,A2GN5L03ZQEOZF,carrot,https://langcog.stanford.edu/expts/BLL/kiddraw-recognitionRatings/sketches/carrot/carrot_sketch_8_E1c_1511293754661.png,carrot,carrot_sketch_8_E1c_1511293754661.png,8,1511293754661.png,TRUE
1645,A2GN5L03ZQEOZF,ice cream,https://langcog.stanford.edu/expts/BLL/kiddraw-recognitionRatings/sketches/ice cream/ice cream_sketch_8_E1c_1510787010922.png,ice cream,ice cream_sketch_8_E1c_1510787010922.png,8,1510787010922.png,TRUE
1646,A2GN5L03ZQEOZF,arm,https://langcog.stanford.edu/expts/BLL/kiddraw-recognitionRatings/sketches/shoe/shoe_sketch_7_E1c_1510263944688.png,shoe,shoe_sketch_7_E1c_1510263944688.png,7,1510263944688.png,FALSE
1647,A2GN5L03ZQEOZF,bean,https://langcog.stanford.edu/expts/BLL/kiddraw-recognitionRatings/sketches/banana/banana_sketch_8_E1c_1510787010922.png,banana,banana_sketch_8_E1c_1510787010922.png,8,1510787010922.png,FALSE
1648,A2GN5L03ZQEOZF,chair,https://langcog.stanford.edu/expts/BLL/kiddraw-recognitionRatings/sketches/chair/chair_sketch_5_E1c_1511301440421.png,chair,chair_sketch_5_E1c_1511301440421.png,5,1511301440421.png,TRUE
1649,A2GN5L03ZQEOZF,phone,https://langcog.stanford.edu/expts/BLL/kiddraw-recognitionRatings/sketches/phone/phone_sketch_7_E1c_1510870100423.png,phone,phone_sketch_7_E1c_1510870100423.png,7,1510870100423.png,TRUE
1650,A2GN5L03ZQEOZF,cannott tell at all,https://langcog.stanford.edu/expts/BLL/kiddraw-recognitionRatings/sketches/shoe/shoe_sketch_8_E1c_1510254933095.png,shoe,shoe_sketch_8_E1c_1510254933095.png,8,1510254933095.png,FALSE
1651,A2GN5L03ZQEOZF,foot,https://langcog.stanford.edu/expts/BLL/kiddraw-recognitionRatings/sketches/foot/foot_sketch_6_E1c_1511292286803.png,foot,foot_sketch_6_E1c_1511292286803.png,6,1511292286803.png,TRUE
1652,A2GN5L03ZQEOZF,cat,https://langcog.stanford.edu/expts/BLL/kiddraw-recognitionRatings/sketches/cat/cat_sketch_8_E1c_1510254933095.png,cat,cat_sketch_8_E1c_1510254933095.png,8,1510254933095.png,TRUE
1653,A2GN5L03ZQEOZF,frog,https://langcog.stanford.edu/expts/BLL/kiddraw-recognitionRatings/sketches/frog/frog_sketch_8_E1c_1511293924452.png,frog,frog_sketch_8_E1c_1511293924452.png,8,1511293924452.png,TRUE
1654,A2GN5L03ZQEOZF,phone,https://langcog.stanford.edu/expts/BLL/kiddraw-recognitionRatings/sketches/phone/phone_sketch_6_E1c_1510690510319.png,phone,phone_sketch_6_E1c_1510690510319.png,6,1510690510319.png,TRUE
1655,A2GN5L03ZQEOZF,boat,https://langcog.stanford.edu/expts/BLL/kiddraw-recognitionRatings/sketches/boat/boat_sketch_10_E1c_1510684833991.png,boat,boat_sketch_10_E1c_1510684833991.png,10,1510684833991.png,TRUE
1656,A2GN5L03ZQEOZF,train,https://langcog.stanford.edu/expts/BLL/kiddraw-recognitionRatings/sketches/couch/couch_sketch_8_E1c_1511293754661.png,couch,couch_sketch_8_E1c_1511293754661.png,8,1511293754661.png,FALSE
1657,A2GN5L03ZQEOZF,phone,https://langcog.stanford.edu/expts/BLL/kiddraw-recognitionRatings/sketches/phone/phone_sketch_8_E1c_1510254933095.png,phone,phone_sketch_8_E1c_1510254933095.png,8,1510254933095.png,TRUE
1658,A2GN5L03ZQEOZF,rabbit,https://langcog.stanford.edu/expts/BLL/kiddraw-recognitionRatings/sketches/rabbit/rabbit_sketch_6_E1c_1511292022297.png,rabbit,rabbit_sketch_6_E1c_1511292022297.png,6,1511292022297.png,TRUE
1659,A2GN5L03ZQEOZF,train,https://langcog.stanford.edu/expts/BLL/kiddraw-recognitionRatings/sketches/train/train_sketch_6_E1c_1510690510319.png,train,train_sketch_6_E1c_1510690510319.png,6,1510690510319.png,TRUE
1660,A2GN5L03ZQEOZF,shoe,https://langcog.stanford.edu/expts/BLL/kiddraw-recognitionRatings/sketches/shoe/shoe_sketch_5_E1c_1510786719020.png,shoe,shoe_sketch_5_E1c_1510786719020.png,5,1510786719020.png,TRUE
1661,A2GN5L03ZQEOZF,couch,https://langcog.stanford.edu/expts/BLL/kiddraw-recognitionRatings/sketches/couch/couch_sketch_10_E1c_1510684833991.png,couch,couch_sketch_10_E1c_1510684833991.png,10,1510684833991.png,TRUE
1662,A2GN5L03ZQEOZF,cannott tell at all,https://langcog.stanford.edu/expts/BLL/kiddraw-recognitionRatings/sketches/car/car_sketch_6_E1c_1510695588717.png,car,car_sketch_6_E1c_1510695588717.png,6,1510695588717.png,FALSE
1663,A2GN5L03ZQEOZF,cannott tell at all,https://langcog.stanford.edu/expts/BLL/kiddraw-recognitionRatings/sketches/rabbit/rabbit_sketch_7_E1c_1511301009480.png,rabbit,rabbit_sketch_7_E1c_1511301009480.png,7,1511301009480.png,FALSE
1664,A2GN5L03ZQEOZF,cannott tell at all,https://langcog.stanford.edu/expts/BLL/kiddraw-recognitionRatings/sketches/cup/cup_sketch_6_E1c_1510695588717.png,cup,cup_sketch_6_E1c_1510695588717.png,6,1510695588717.png,FALSE
1665,A2GN5L03ZQEOZF,cat,https://langcog.stanford.edu/expts/BLL/kiddraw-recognitionRatings/sketches/cat/cat_sketch_6_E1c_1510700570912.png,cat,cat_sketch_6_E1c_1510700570912.png,6,1510700570912.png,TRUE
1666,A2GN5L03ZQEOZF,ice cream,https://langcog.stanford.edu/expts/BLL/kiddraw-recognitionRatings/sketches/ice cream/ice cream_sketch_6_E1c_1510700570912.png,ice cream,ice cream_sketch_6_E1c_1510700570912.png,6,1510700570912.png,TRUE
1667,A2GN5L03ZQEOZF,banana,https://langcog.stanford.edu/expts/BLL/kiddraw-recognitionRatings/sketches/banana/banana_sketch_5_E1c_1510786719020.png,banana,banana_sketch_5_E1c_1510786719020.png,5,1510786719020.png,TRUE
1668,A2GN5L03ZQEOZF,foot,https://langcog.stanford.edu/expts/BLL/kiddraw-recognitionRatings/sketches/foot/foot_sketch_5_E1c_1510256904834.png,foot,foot_sketch_5_E1c_1510256904834.png,5,1510256904834.png,TRUE
1669,A2GN5L03ZQEOZF,cat,https://langcog.stanford.edu/expts/BLL/kiddraw-recognitionRatings/sketches/cat/cat_sketch_8_E1c_1510870628731.png,cat,cat_sketch_8_E1c_1510870628731.png,8,1510870628731.png,TRUE
1670,A2GN5L03ZQEOZF,cannott tell at all,https://langcog.stanford.edu/expts/BLL/kiddraw-recognitionRatings/sketches/foot/foot_sketch_4_E1c_1510252568116.png,foot,foot_sketch_4_E1c_1510252568116.png,4,1510252568116.png,FALSE
1671,A2GN5L03ZQEOZF,carrot,https://langcog.stanford.edu/expts/BLL/kiddraw-recognitionRatings/sketches/carrot/carrot_sketch_9_E1c_1510686242527.png,carrot,carrot_sketch_9_E1c_1510686242527.png,9,1510686242527.png,TRUE
1672,A2GN5L03ZQEOZF,rock,https://langcog.stanford.edu/expts/BLL/kiddraw-recognitionRatings/sketches/train/train_sketch_4_E1c_1510268275436.png,train,train_sketch_4_E1c_1510268275436.png,4,1510268275436.png,FALSE
1673,A2GN5L03ZQEOZF,car,https://langcog.stanford.edu/expts/BLL/kiddraw-recognitionRatings/sketches/train/train_sketch_6_E1c_1511293092153.png,train,train_sketch_6_E1c_1511293092153.png,6,1511293092153.png,FALSE
1674,A2GN5L03ZQEOZF,foot,https://langcog.stanford.edu/expts/BLL/kiddraw-recognitionRatings/sketches/foot/foot_sketch_5_E1c_1510258311547.png,foot,foot_sketch_5_E1c_1510258311547.png,5,1510258311547.png,TRUE
1675,A2GN5L03ZQEOZF,flower,https://langcog.stanford.edu/expts/BLL/kiddraw-recognitionRatings/sketches/flower/flower_sketch_8_E1c_1510254933095.png,flower,flower_sketch_8_E1c_1510254933095.png,8,1510254933095.png,TRUE
1676,A2GN5L03ZQEOZF,train,https://langcog.stanford.edu/expts/BLL/kiddraw-recognitionRatings/sketches/train/train_sketch_6_E1c_1510783818788.png,train,train_sketch_6_E1c_1510783818788.png,6,1510783818788.png,TRUE
1677,A2GN5L03ZQEOZF,rock,https://langcog.stanford.edu/expts/BLL/kiddraw-recognitionRatings/sketches/phone/phone_sketch_8_E1c_1510870628731.png,phone,phone_sketch_8_E1c_1510870628731.png,8,1510870628731.png,FALSE
1678,A2GN5L03ZQEOZF,cannott tell at all,https://langcog.stanford.edu/expts/BLL/kiddraw-recognitionRatings/sketches/banana/banana_sketch_4_E1c_1510691847400.png,banana,banana_sketch_4_E1c_1510691847400.png,4,1510691847400.png,FALSE
1679,A2GN5L03ZQEOZF,boat,https://langcog.stanford.edu/expts/BLL/kiddraw-recognitionRatings/sketches/boat/boat_sketch_10_E1c_1511293452162.png,boat,boat_sketch_10_E1c_1511293452162.png,10,1511293452162.png,TRUE
1680,A2GN5L03ZQEOZF,cannott tell at all,https://langcog.stanford.edu/expts/BLL/kiddraw-recognitionRatings/sketches/flower/flower_sketch_7_E1c_1511301009480.png,flower,flower_sketch_7_E1c_1511301009480.png,7,1511301009480.png,FALSE
1681,A2GN5L03ZQEOZF,rock,https://langcog.stanford.edu/expts/BLL/kiddraw-recognitionRatings/sketches/carrot/carrot_sketch_5_E1c_1511301440421.png,carrot,carrot_sketch_5_E1c_1511301440421.png,5,1511301440421.png,FALSE
1682,A2GN5L03ZQEOZF,ice cream,https://langcog.stanford.edu/expts/BLL/kiddraw-recognitionRatings/sketches/ice cream/ice cream_sketch_8_E1c_1511300850043.png,ice cream,ice cream_sketch_8_E1c_1511300850043.png,8,1511300850043.png,TRUE
1683,A2GN5L03ZQEOZF,chair,https://langcog.stanford.edu/expts/BLL/kiddraw-recognitionRatings/sketches/chair/chair_sketch_5_E1c_1510870384576.png,chair,chair_sketch_5_E1c_1510870384576.png,5,1510870384576.png,TRUE
1684,A2GN5L03ZQEOZF,boat,https://langcog.stanford.edu/expts/BLL/kiddraw-recognitionRatings/sketches/boat/boat_sketch_9_E1c_1510686242527.png,boat,boat_sketch_9_E1c_1510686242527.png,9,1510686242527.png,TRUE
1685,A2GN5L03ZQEOZF,cat,https://langcog.stanford.edu/expts/BLL/kiddraw-recognitionRatings/sketches/cat/cat_sketch_8_E1c_1510690264523.png,cat,cat_sketch_8_E1c_1510690264523.png,8,1510690264523.png,TRUE
1686,A2GN5L03ZQEOZF,carrot,https://langcog.stanford.edu/expts/BLL/kiddraw-recognitionRatings/sketches/carrot/carrot_sketch_10_E1c_1510684833991.png,carrot,carrot_sketch_10_E1c_1510684833991.png,10,1510684833991.png,TRUE
1687,A2GN5L03ZQEOZF,cat,https://langcog.stanford.edu/expts/BLL/kiddraw-recognitionRatings/sketches/cat/cat_sketch_7_E1c_1510870100423.png,cat,cat_sketch_7_E1c_1510870100423.png,7,1510870100423.png,TRUE
1688,A2GN5L03ZQEOZF,cat,https://langcog.stanford.edu/expts/BLL/kiddraw-recognitionRatings/sketches/cat/cat_sketch_10_E1c_1510783638074.png,cat,cat_sketch_10_E1c_1510783638074.png,10,1510783638074.png,TRUE
1689,A2GN5L03ZQEOZF,cannott tell at all,https://langcog.stanford.edu/expts/BLL/kiddraw-recognitionRatings/sketches/rabbit/rabbit_sketch_5_E1c_1510786719020.png,rabbit,rabbit_sketch_5_E1c_1510786719020.png,5,1510786719020.png,FALSE
1690,A2GN5L03ZQEOZF,carrot,https://langcog.stanford.edu/expts/BLL/kiddraw-recognitionRatings/sketches/carrot/carrot_sketch_6_E1c_1510695588717.png,carrot,carrot_sketch_6_E1c_1510695588717.png,6,1510695588717.png,TRUE
1691,A2GN5L03ZQEOZF,cat,https://langcog.stanford.edu/expts/BLL/kiddraw-recognitionRatings/sketches/cat/cat_sketch_8_E1c_1510787010922.png,cat,cat_sketch_8_E1c_1510787010922.png,8,1510787010922.png,TRUE
1692,A2GN5L03ZQEOZF,banana,https://langcog.stanford.edu/expts/BLL/kiddraw-recognitionRatings/sketches/cup/cup_sketch_8_E1c_1510254933095.png,cup,cup_sketch_8_E1c_1510254933095.png,8,1510254933095.png,FALSE
1693,A2GN5L03ZQEOZF,chair,https://langcog.stanford.edu/expts/BLL/kiddraw-recognitionRatings/sketches/chair/chair_sketch_8_E1c_1510254933095.png,chair,chair_sketch_8_E1c_1510254933095.png,8,1510254933095.png,TRUE
1694,A2GN5L03ZQEOZF,car,https://langcog.stanford.edu/expts/BLL/kiddraw-recognitionRatings/sketches/car/car_sketch_6_E1c_1510782034963.png,car,car_sketch_6_E1c_1510782034963.png,6,1510782034963.png,TRUE
1695,A2GN5L03ZQEOZF,carrot,https://langcog.stanford.edu/expts/BLL/kiddraw-recognitionRatings/sketches/flower/flower_sketch_5_E1c_1510253748384.png,flower,flower_sketch_5_E1c_1510253748384.png,5,1510253748384.png,FALSE
1696,A2GN5L03ZQEOZF,rabbit,https://langcog.stanford.edu/expts/BLL/kiddraw-recognitionRatings/sketches/rabbit/rabbit_sketch_6_E1c_1511293092153.png,rabbit,rabbit_sketch_6_E1c_1511293092153.png,6,1511293092153.png,TRUE
1697,A2GN5L03ZQEOZF,flower,https://langcog.stanford.edu/expts/BLL/kiddraw-recognitionRatings/sketches/flower/flower_sketch_8_E1c_1511293924452.png,flower,flower_sketch_8_E1c_1511293924452.png,8,1511293924452.png,TRUE
1698,A2GN5L03ZQEOZF,rabbit,https://langcog.stanford.edu/expts/BLL/kiddraw-recognitionRatings/sketches/rabbit/rabbit_sketch_6_E1c_1511292286803.png,rabbit,rabbit_sketch_6_E1c_1511292286803.png,6,1511292286803.png,TRUE
1699,A2GN5L03ZQEOZF,flower,https://langcog.stanford.edu/expts/BLL/kiddraw-recognitionRatings/sketches/flower/flower_sketch_6_E1c_1510700570912.png,flower,flower_sketch_6_E1c_1510700570912.png,6,1510700570912.png,TRUE
1700,A2GN5L03ZQEOZF,phone,https://langcog.stanford.edu/expts/BLL/kiddraw-recognitionRatings/sketches/phone/phone_sketch_7_E1c_1511301634355.png,phone,phone_sketch_7_E1c_1511301634355.png,7,1511301634355.png,TRUE
1701,A2GN5L03ZQEOZF,person,https://langcog.stanford.edu/expts/BLL/kiddraw-recognitionRatings/sketches/chair/chair_sketch_6_E1c_1511293092153.png,chair,chair_sketch_6_E1c_1511293092153.png,6,1511293092153.png,FALSE
1702,A2GN5L03ZQEOZF,rabbit,https://langcog.stanford.edu/expts/BLL/kiddraw-recognitionRatings/sketches/rabbit/rabbit_sketch_8_E1c_1510870628731.png,rabbit,rabbit_sketch_8_E1c_1510870628731.png,8,1510870628731.png,TRUE
1703,A2GN5L03ZQEOZF,car,https://langcog.stanford.edu/expts/BLL/kiddraw-recognitionRatings/sketches/train/train_sketch_7_E1c_1510263944688.png,train,train_sketch_7_E1c_1510263944688.png,7,1510263944688.png,FALSE
1704,A2GN5L03ZQEOZF,train,https://langcog.stanford.edu/expts/BLL/kiddraw-recognitionRatings/sketches/train/train_sketch_9_E1c_1510689458884.png,train,train_sketch_9_E1c_1510689458884.png,9,1510689458884.png,TRUE
1705,A2GN5L03ZQEOZF,couch,https://langcog.stanford.edu/expts/BLL/kiddraw-recognitionRatings/sketches/train/train_sketch_5_E1c_1510253748384.png,train,train_sketch_5_E1c_1510253748384.png,5,1510253748384.png,FALSE
1706,A2GN5L03ZQEOZF,frog,https://langcog.stanford.edu/expts/BLL/kiddraw-recognitionRatings/sketches/frog/frog_sketch_8_E1c_1510690264523.png,frog,frog_sketch_8_E1c_1510690264523.png,8,1510690264523.png,TRUE
1707,A2GN5L03ZQEOZF,car,https://langcog.stanford.edu/expts/BLL/kiddraw-recognitionRatings/sketches/car/car_sketch_6_E1c_1510690510319.png,car,car_sketch_6_E1c_1510690510319.png,6,1510690510319.png,TRUE
1708,A2GN5L03ZQEOZF,couch,https://langcog.stanford.edu/expts/BLL/kiddraw-recognitionRatings/sketches/train/train_sketch_5_E1c_1510258311547.png,train,train_sketch_5_E1c_1510258311547.png,5,1510258311547.png,FALSE
1709,A2GN5L03ZQEOZF,cannott tell at all,https://langcog.stanford.edu/expts/BLL/kiddraw-recognitionRatings/sketches/cup/cup_sketch_10_E1c_1510255462419.png,cup,cup_sketch_10_E1c_1510255462419.png,10,1510255462419.png,FALSE
1710,A2GN5L03ZQEOZF,frog,https://langcog.stanford.edu/expts/BLL/kiddraw-recognitionRatings/sketches/frog/frog_sketch_8_E1c_1511293754661.png,frog,frog_sketch_8_E1c_1511293754661.png,8,1511293754661.png,TRUE
1711,A2GN5L03ZQEOZF,cannott tell at all,https://langcog.stanford.edu/expts/BLL/kiddraw-recognitionRatings/sketches/rabbit/rabbit_sketch_8_E1c_1510254933095.png,rabbit,rabbit_sketch_8_E1c_1510254933095.png,8,1510254933095.png,FALSE
1712,A2GN5L03ZQEOZF,cannott tell at all,https://langcog.stanford.edu/expts/BLL/kiddraw-recognitionRatings/sketches/banana/banana_sketch_5_E1c_1510253748384.png,banana,banana_sketch_5_E1c_1510253748384.png,5,1510253748384.png,FALSE
1713,A2GN5L03ZQEOZF,carrot,https://langcog.stanford.edu/expts/BLL/kiddraw-recognitionRatings/sketches/carrot/carrot_sketch_10_E1c_1511293452162.png,carrot,carrot_sketch_10_E1c_1511293452162.png,10,1511293452162.png,TRUE
1714,A2GN5L03ZQEOZF,cannott tell at all,https://langcog.stanford.edu/expts/BLL/kiddraw-recognitionRatings/sketches/rabbit/rabbit_sketch_4_E1c_1510263067113.png,rabbit,rabbit_sketch_4_E1c_1510263067113.png,4,1510263067113.png,FALSE
1715,A2GN5L03ZQEOZF,cannott tell at all,https://langcog.stanford.edu/expts/BLL/kiddraw-recognitionRatings/sketches/frog/frog_sketch_10_E1c_1510255462419.png,frog,frog_sketch_10_E1c_1510255462419.png,10,1510255462419.png,FALSE
1716,A2GN5L03ZQEOZF,cannott tell at all,https://langcog.stanford.edu/expts/BLL/kiddraw-recognitionRatings/sketches/chair/chair_sketch_4_E1c_1510268275436.png,chair,chair_sketch_4_E1c_1510268275436.png,4,1510268275436.png,FALSE
1717,A1ZT30BGR3266K,boat,https://langcog.stanford.edu/expts/BLL/kiddraw-recognitionRatings/sketches/banana/banana_sketch_6_E1c_1511293092153.png,banana,banana_sketch_6_E1c_1511293092153.png,6,1511293092153.png,FALSE
1718,A1ZT30BGR3266K,cup,https://langcog.stanford.edu/expts/BLL/kiddraw-recognitionRatings/sketches/cup/cup_sketch_10_E1c_1511301807087.png,cup,cup_sketch_10_E1c_1511301807087.png,10,1511301807087.png,TRUE
1719,A1ZT30BGR3266K,car,https://langcog.stanford.edu/expts/BLL/kiddraw-recognitionRatings/sketches/train/train_sketch_6_E1c_1511292022297.png,train,train_sketch_6_E1c_1511292022297.png,6,1511292022297.png,FALSE
1720,A1ZT30BGR3266K,cannott tell at all,https://langcog.stanford.edu/expts/BLL/kiddraw-recognitionRatings/sketches/phone/phone_sketch_8_E1c_1511300850043.png,phone,phone_sketch_8_E1c_1511300850043.png,8,1511300850043.png,FALSE
1721,A1ZT30BGR3266K,rabbit,https://langcog.stanford.edu/expts/BLL/kiddraw-recognitionRatings/sketches/rabbit/rabbit_sketch_7_E1c_1510870100423.png,rabbit,rabbit_sketch_7_E1c_1510870100423.png,7,1510870100423.png,TRUE
1722,A1ZT30BGR3266K,flower,https://langcog.stanford.edu/expts/BLL/kiddraw-recognitionRatings/sketches/couch/couch_sketch_4_E1c_1510268275436.png,couch,couch_sketch_4_E1c_1510268275436.png,4,1510268275436.png,FALSE
1723,A1ZT30BGR3266K,train,https://langcog.stanford.edu/expts/BLL/kiddraw-recognitionRatings/sketches/train/train_sketch_6_E1c_1510782034963.png,train,train_sketch_6_E1c_1510782034963.png,6,1510782034963.png,TRUE
1724,A1ZT30BGR3266K,foot,https://langcog.stanford.edu/expts/BLL/kiddraw-recognitionRatings/sketches/foot/foot_sketch_6_E1c_1511292022297.png,foot,foot_sketch_6_E1c_1511292022297.png,6,1511292022297.png,TRUE
1725,A1ZT30BGR3266K,shoe,https://langcog.stanford.edu/expts/BLL/kiddraw-recognitionRatings/sketches/foot/foot_sketch_4_E1c_1510691847400.png,foot,foot_sketch_4_E1c_1510691847400.png,4,1510691847400.png,FALSE
1726,A1ZT30BGR3266K,person,https://langcog.stanford.edu/expts/BLL/kiddraw-recognitionRatings/sketches/frog/frog_sketch_10_E1c_1510684833991.png,frog,frog_sketch_10_E1c_1510684833991.png,10,1510684833991.png,FALSE
1727,A1ZT30BGR3266K,cat,https://langcog.stanford.edu/expts/BLL/kiddraw-recognitionRatings/sketches/rabbit/rabbit_sketch_8_E1c_1510254933095.png,rabbit,rabbit_sketch_8_E1c_1510254933095.png,8,1510254933095.png,FALSE
1728,A1ZT30BGR3266K,flower,https://langcog.stanford.edu/expts/BLL/kiddraw-recognitionRatings/sketches/flower/flower_sketch_7_E1c_1510783353272.png,flower,flower_sketch_7_E1c_1510783353272.png,7,1510783353272.png,TRUE
1729,A1ZT30BGR3266K,cup,https://langcog.stanford.edu/expts/BLL/kiddraw-recognitionRatings/sketches/cup/cup_sketch_6_E1c_1510695588717.png,cup,cup_sketch_6_E1c_1510695588717.png,6,1510695588717.png,TRUE
1730,A1ZT30BGR3266K,foot,https://langcog.stanford.edu/expts/BLL/kiddraw-recognitionRatings/sketches/shoe/shoe_sketch_7_E1c_1510263944688.png,shoe,shoe_sketch_7_E1c_1510263944688.png,7,1510263944688.png,FALSE
1731,A1ZT30BGR3266K,ice cream,https://langcog.stanford.edu/expts/BLL/kiddraw-recognitionRatings/sketches/ice cream/ice cream_sketch_10_E1c_1510783638074.png,ice cream,ice cream_sketch_10_E1c_1510783638074.png,10,1510783638074.png,TRUE
1732,A1ZT30BGR3266K,cat,https://langcog.stanford.edu/expts/BLL/kiddraw-recognitionRatings/sketches/cat/cat_sketch_8_E1c_1511300850043.png,cat,cat_sketch_8_E1c_1511300850043.png,8,1511300850043.png,TRUE
1733,A1ZT30BGR3266K,boat,https://langcog.stanford.edu/expts/BLL/kiddraw-recognitionRatings/sketches/boat/boat_sketch_10_E1c_1510684833991.png,boat,boat_sketch_10_E1c_1510684833991.png,10,1510684833991.png,TRUE
1734,A1ZT30BGR3266K,boat,https://langcog.stanford.edu/expts/BLL/kiddraw-recognitionRatings/sketches/boat/boat_sketch_6_E1c_1510695588717.png,boat,boat_sketch_6_E1c_1510695588717.png,6,1510695588717.png,TRUE
1735,A1ZT30BGR3266K,carrot,https://langcog.stanford.edu/expts/BLL/kiddraw-recognitionRatings/sketches/carrot/carrot_sketch_9_E1c_1510689458884.png,carrot,carrot_sketch_9_E1c_1510689458884.png,9,1510689458884.png,TRUE
1736,A1ZT30BGR3266K,boat,https://langcog.stanford.edu/expts/BLL/kiddraw-recognitionRatings/sketches/cup/cup_sketch_8_E1c_1510254933095.png,cup,cup_sketch_8_E1c_1510254933095.png,8,1510254933095.png,FALSE
1737,A1ZT30BGR3266K,boat,https://langcog.stanford.edu/expts/BLL/kiddraw-recognitionRatings/sketches/banana/banana_sketch_8_E1c_1510870628731.png,banana,banana_sketch_8_E1c_1510870628731.png,8,1510870628731.png,FALSE
1738,A1ZT30BGR3266K,cup,https://langcog.stanford.edu/expts/BLL/kiddraw-recognitionRatings/sketches/ice cream/ice cream_sketch_5_E1c_1510253748384.png,ice cream,ice cream_sketch_5_E1c_1510253748384.png,5,1510253748384.png,FALSE
1739,A1ZT30BGR3266K,banana,https://langcog.stanford.edu/expts/BLL/kiddraw-recognitionRatings/sketches/banana/banana_sketch_5_E1c_1510253748384.png,banana,banana_sketch_5_E1c_1510253748384.png,5,1510253748384.png,TRUE
1740,A1ZT30BGR3266K,ice cream,https://langcog.stanford.edu/expts/BLL/kiddraw-recognitionRatings/sketches/ice cream/ice cream_sketch_8_E1c_1510254933095.png,ice cream,ice cream_sketch_8_E1c_1510254933095.png,8,1510254933095.png,TRUE
1741,A1ZT30BGR3266K,cup,https://langcog.stanford.edu/expts/BLL/kiddraw-recognitionRatings/sketches/boat/boat_sketch_4_E1c_1510263067113.png,boat,boat_sketch_4_E1c_1510263067113.png,4,1510263067113.png,FALSE
1742,A1ZT30BGR3266K,train,https://langcog.stanford.edu/expts/BLL/kiddraw-recognitionRatings/sketches/train/train_sketch_6_E1c_1510253415559.png,train,train_sketch_6_E1c_1510253415559.png,6,1510253415559.png,TRUE
1743,A1ZT30BGR3266K,carrot,https://langcog.stanford.edu/expts/BLL/kiddraw-recognitionRatings/sketches/carrot/carrot_sketch_8_E1c_1511300850043.png,carrot,carrot_sketch_8_E1c_1511300850043.png,8,1511300850043.png,TRUE
1744,A1ZT30BGR3266K,cannott tell at all,https://langcog.stanford.edu/expts/BLL/kiddraw-recognitionRatings/sketches/frog/frog_sketch_5_E1c_1510258311547.png,frog,frog_sketch_5_E1c_1510258311547.png,5,1510258311547.png,FALSE
1745,A1ZT30BGR3266K,car,https://langcog.stanford.edu/expts/BLL/kiddraw-recognitionRatings/sketches/train/train_sketch_8_E1c_1511300355318.png,train,train_sketch_8_E1c_1511300355318.png,8,1511300355318.png,FALSE
1746,A1ZT30BGR3266K,train,https://langcog.stanford.edu/expts/BLL/kiddraw-recognitionRatings/sketches/couch/couch_sketch_8_E1c_1511293754661.png,couch,couch_sketch_8_E1c_1511293754661.png,8,1511293754661.png,FALSE
1747,A1ZT30BGR3266K,car,https://langcog.stanford.edu/expts/BLL/kiddraw-recognitionRatings/sketches/car/car_sketch_10_E1c_1510684833991.png,car,car_sketch_10_E1c_1510684833991.png,10,1510684833991.png,TRUE
1748,A1ZT30BGR3266K,banana,https://langcog.stanford.edu/expts/BLL/kiddraw-recognitionRatings/sketches/banana/banana_sketch_8_E1c_1511292658766.png,banana,banana_sketch_8_E1c_1511292658766.png,8,1511292658766.png,TRUE
1749,A1ZT30BGR3266K,cat,https://langcog.stanford.edu/expts/BLL/kiddraw-recognitionRatings/sketches/cat/cat_sketch_6_E1c_1510700570912.png,cat,cat_sketch_6_E1c_1510700570912.png,6,1510700570912.png,TRUE
1750,A1ZT30BGR3266K,train,https://langcog.stanford.edu/expts/BLL/kiddraw-recognitionRatings/sketches/train/train_sketch_5_E1c_1510870384576.png,train,train_sketch_5_E1c_1510870384576.png,5,1510870384576.png,TRUE
1751,A1ZT30BGR3266K,cup,https://langcog.stanford.edu/expts/BLL/kiddraw-recognitionRatings/sketches/cup/cup_sketch_8_E1c_1510690264523.png,cup,cup_sketch_8_E1c_1510690264523.png,8,1510690264523.png,TRUE
1752,A1ZT30BGR3266K,boat,https://langcog.stanford.edu/expts/BLL/kiddraw-recognitionRatings/sketches/boat/boat_sketch_8_E1c_1511300355318.png,boat,boat_sketch_8_E1c_1511300355318.png,8,1511300355318.png,TRUE
1753,A1ZT30BGR3266K,cannott tell at all,https://langcog.stanford.edu/expts/BLL/kiddraw-recognitionRatings/sketches/phone/phone_sketch_8_E1c_1510690264523.png,phone,phone_sketch_8_E1c_1510690264523.png,8,1510690264523.png,FALSE
1754,A1ZT30BGR3266K,foot,https://langcog.stanford.edu/expts/BLL/kiddraw-recognitionRatings/sketches/foot/foot_sketch_8_E1c_1510690264523.png,foot,foot_sketch_8_E1c_1510690264523.png,8,1510690264523.png,TRUE
1755,A1ZT30BGR3266K,chair,https://langcog.stanford.edu/expts/BLL/kiddraw-recognitionRatings/sketches/chair/chair_sketch_10_E1c_1511293452162.png,chair,chair_sketch_10_E1c_1511293452162.png,10,1511293452162.png,TRUE
1756,A1ZT30BGR3266K,cannott tell at all,https://langcog.stanford.edu/expts/BLL/kiddraw-recognitionRatings/sketches/shoe/shoe_sketch_5_E1c_1510870384576.png,shoe,shoe_sketch_5_E1c_1510870384576.png,5,1510870384576.png,FALSE
1757,A1ZT30BGR3266K,cup,https://langcog.stanford.edu/expts/BLL/kiddraw-recognitionRatings/sketches/shoe/shoe_sketch_8_E1c_1510787010922.png,shoe,shoe_sketch_8_E1c_1510787010922.png,8,1510787010922.png,FALSE
1758,A1ZT30BGR3266K,chair,https://langcog.stanford.edu/expts/BLL/kiddraw-recognitionRatings/sketches/chair/chair_sketch_7_E1c_1510870100423.png,chair,chair_sketch_7_E1c_1510870100423.png,7,1510870100423.png,TRUE
1759,A1ZT30BGR3266K,person,https://langcog.stanford.edu/expts/BLL/kiddraw-recognitionRatings/sketches/frog/frog_sketch_6_E1c_1510700570912.png,frog,frog_sketch_6_E1c_1510700570912.png,6,1510700570912.png,FALSE
1760,A1ZT30BGR3266K,phone,https://langcog.stanford.edu/expts/BLL/kiddraw-recognitionRatings/sketches/shoe/shoe_sketch_10_E1c_1511293452162.png,shoe,shoe_sketch_10_E1c_1511293452162.png,10,1511293452162.png,FALSE
1761,A1ZT30BGR3266K,foot,https://langcog.stanford.edu/expts/BLL/kiddraw-recognitionRatings/sketches/foot/foot_sketch_8_E1c_1511293754661.png,foot,foot_sketch_8_E1c_1511293754661.png,8,1511293754661.png,TRUE
1762,A1ZT30BGR3266K,carrot,https://langcog.stanford.edu/expts/BLL/kiddraw-recognitionRatings/sketches/carrot/carrot_sketch_7_E1c_1510263944688.png,carrot,carrot_sketch_7_E1c_1510263944688.png,7,1510263944688.png,TRUE
1763,A1ZT30BGR3266K,shoe,https://langcog.stanford.edu/expts/BLL/kiddraw-recognitionRatings/sketches/shoe/shoe_sketch_10_E1c_1511301807087.png,shoe,shoe_sketch_10_E1c_1511301807087.png,10,1511301807087.png,TRUE
1764,A1ZT30BGR3266K,cannott tell at all,https://langcog.stanford.edu/expts/BLL/kiddraw-recognitionRatings/sketches/phone/phone_sketch_7_E1c_1510263944688.png,phone,phone_sketch_7_E1c_1510263944688.png,7,1510263944688.png,FALSE
1765,A1ZT30BGR3266K,cannott tell at all,https://langcog.stanford.edu/expts/BLL/kiddraw-recognitionRatings/sketches/banana/banana_sketch_5_E1c_1511301440421.png,banana,banana_sketch_5_E1c_1511301440421.png,5,1511301440421.png,FALSE
1766,A1ZT30BGR3266K,chair,https://langcog.stanford.edu/expts/BLL/kiddraw-recognitionRatings/sketches/couch/couch_sketch_8_E1c_1510254933095.png,couch,couch_sketch_8_E1c_1510254933095.png,8,1510254933095.png,FALSE
1767,A1ZT30BGR3266K,arm,https://langcog.stanford.edu/expts/BLL/kiddraw-recognitionRatings/sketches/foot/foot_sketch_5_E1c_1510258311547.png,foot,foot_sketch_5_E1c_1510258311547.png,5,1510258311547.png,FALSE
1768,A1ZT30BGR3266K,cannott tell at all,https://langcog.stanford.edu/expts/BLL/kiddraw-recognitionRatings/sketches/cup/cup_sketch_8_E1c_1510787010922.png,cup,cup_sketch_8_E1c_1510787010922.png,8,1510787010922.png,FALSE
1769,A1ZT30BGR3266K,carrot,https://langcog.stanford.edu/expts/BLL/kiddraw-recognitionRatings/sketches/carrot/carrot_sketch_6_E1c_1510695588717.png,carrot,carrot_sketch_6_E1c_1510695588717.png,6,1510695588717.png,TRUE
1770,A1ZT30BGR3266K,boat,https://langcog.stanford.edu/expts/BLL/kiddraw-recognitionRatings/sketches/boat/boat_sketch_10_E1c_1511301807087.png,boat,boat_sketch_10_E1c_1511301807087.png,10,1511301807087.png,TRUE
1771,A1ZT30BGR3266K,cannott tell at all,https://langcog.stanford.edu/expts/BLL/kiddraw-recognitionRatings/sketches/train/train_sketch_8_E1c_1510787010922.png,train,train_sketch_8_E1c_1510787010922.png,8,1510787010922.png,FALSE
1772,A1ZT30BGR3266K,boat,https://langcog.stanford.edu/expts/BLL/kiddraw-recognitionRatings/sketches/couch/couch_sketch_8_E1c_1510787010922.png,couch,couch_sketch_8_E1c_1510787010922.png,8,1510787010922.png,FALSE
1773,A1ZT30BGR3266K,banana,https://langcog.stanford.edu/expts/BLL/kiddraw-recognitionRatings/sketches/shoe/shoe_sketch_6_E1c_1510695588717.png,shoe,shoe_sketch_6_E1c_1510695588717.png,6,1510695588717.png,FALSE
1774,A1ZT30BGR3266K,frog,https://langcog.stanford.edu/expts/BLL/kiddraw-recognitionRatings/sketches/frog/frog_sketch_8_E1c_1511293924452.png,frog,frog_sketch_8_E1c_1511293924452.png,8,1511293924452.png,TRUE
1775,A1ZT30BGR3266K,train,https://langcog.stanford.edu/expts/BLL/kiddraw-recognitionRatings/sketches/train/train_sketch_6_E1c_1510700570912.png,train,train_sketch_6_E1c_1510700570912.png,6,1510700570912.png,TRUE
1776,A1ZT30BGR3266K,cannott tell at all,https://langcog.stanford.edu/expts/BLL/kiddraw-recognitionRatings/sketches/cup/cup_sketch_6_E1c_1510690510319.png,cup,cup_sketch_6_E1c_1510690510319.png,6,1510690510319.png,FALSE
1777,A1ZT30BGR3266K,carrot,https://langcog.stanford.edu/expts/BLL/kiddraw-recognitionRatings/sketches/carrot/carrot_sketch_10_E1c_1511293452162.png,carrot,carrot_sketch_10_E1c_1511293452162.png,10,1511293452162.png,TRUE
1778,A1ZT30BGR3266K,boat,https://langcog.stanford.edu/expts/BLL/kiddraw-recognitionRatings/sketches/boat/boat_sketch_7_E1c_1511301009480.png,boat,boat_sketch_7_E1c_1511301009480.png,7,1511301009480.png,TRUE
1779,A1ZT30BGR3266K,flower,https://langcog.stanford.edu/expts/BLL/kiddraw-recognitionRatings/sketches/flower/flower_sketch_8_E1c_1511300355318.png,flower,flower_sketch_8_E1c_1511300355318.png,8,1511300355318.png,TRUE
1780,A1ZT30BGR3266K,rabbit,https://langcog.stanford.edu/expts/BLL/kiddraw-recognitionRatings/sketches/rabbit/rabbit_sketch_8_E1c_1510870628731.png,rabbit,rabbit_sketch_8_E1c_1510870628731.png,8,1510870628731.png,TRUE
1781,A1ZT30BGR3266K,flower,https://langcog.stanford.edu/expts/BLL/kiddraw-recognitionRatings/sketches/flower/flower_sketch_9_E1c_1510689458884.png,flower,flower_sketch_9_E1c_1510689458884.png,9,1510689458884.png,TRUE
1782,A1ZT30BGR3266K,cat,https://langcog.stanford.edu/expts/BLL/kiddraw-recognitionRatings/sketches/rabbit/rabbit_sketch_7_E1c_1511301009480.png,rabbit,rabbit_sketch_7_E1c_1511301009480.png,7,1511301009480.png,FALSE
1783,A1ZT30BGR3266K,boat,https://langcog.stanford.edu/expts/BLL/kiddraw-recognitionRatings/sketches/boat/boat_sketch_6_E1c_1510783818788.png,boat,boat_sketch_6_E1c_1510783818788.png,6,1510783818788.png,TRUE
1784,A1ZT30BGR3266K,rabbit,https://langcog.stanford.edu/expts/BLL/kiddraw-recognitionRatings/sketches/rabbit/rabbit_sketch_6_E1c_1511292022297.png,rabbit,rabbit_sketch_6_E1c_1511292022297.png,6,1511292022297.png,TRUE
1785,A1ZT30BGR3266K,cat,https://langcog.stanford.edu/expts/BLL/kiddraw-recognitionRatings/sketches/cat/cat_sketch_7_E1c_1511301634355.png,cat,cat_sketch_7_E1c_1511301634355.png,7,1511301634355.png,TRUE
1786,A1ZT30BGR3266K,flower,https://langcog.stanford.edu/expts/BLL/kiddraw-recognitionRatings/sketches/flower/flower_sketch_8_E1c_1510254933095.png,flower,flower_sketch_8_E1c_1510254933095.png,8,1510254933095.png,TRUE
1787,A1ZT30BGR3266K,boat,https://langcog.stanford.edu/expts/BLL/kiddraw-recognitionRatings/sketches/boat/boat_sketch_8_E1c_1510870628731.png,boat,boat_sketch_8_E1c_1510870628731.png,8,1510870628731.png,TRUE
1788,A1ZT30BGR3266K,car,https://langcog.stanford.edu/expts/BLL/kiddraw-recognitionRatings/sketches/train/train_sketch_7_E1c_1510263944688.png,train,train_sketch_7_E1c_1510263944688.png,7,1510263944688.png,FALSE
1789,A1ZT30BGR3266K,cannott tell at all,https://langcog.stanford.edu/expts/BLL/kiddraw-recognitionRatings/sketches/chair/chair_sketch_4_E1c_1510252568116.png,chair,chair_sketch_4_E1c_1510252568116.png,4,1510252568116.png,FALSE
1790,A1ZT30BGR3266K,ice cream,https://langcog.stanford.edu/expts/BLL/kiddraw-recognitionRatings/sketches/ice cream/ice cream_sketch_7_E1c_1511301634355.png,ice cream,ice cream_sketch_7_E1c_1511301634355.png,7,1511301634355.png,TRUE
1791,A1ZT30BGR3266K,cannott tell at all,https://langcog.stanford.edu/expts/BLL/kiddraw-recognitionRatings/sketches/boat/boat_sketch_5_E1c_1510786719020.png,boat,boat_sketch_5_E1c_1510786719020.png,5,1510786719020.png,FALSE
1792,A1ZT30BGR3266K,chair,https://langcog.stanford.edu/expts/BLL/kiddraw-recognitionRatings/sketches/chair/chair_sketch_8_E1c_1510254933095.png,chair,chair_sketch_8_E1c_1510254933095.png,8,1510254933095.png,TRUE
1793,A1ZT30BGR3266K,cannott tell at all,https://langcog.stanford.edu/expts/BLL/kiddraw-recognitionRatings/sketches/phone/phone_sketch_8_E1c_1510254933095.png,phone,phone_sketch_8_E1c_1510254933095.png,8,1510254933095.png,FALSE
1794,A1ZT30BGR3266K,ice cream,https://langcog.stanford.edu/expts/BLL/kiddraw-recognitionRatings/sketches/ice cream/ice cream_sketch_5_E1c_1510870384576.png,ice cream,ice cream_sketch_5_E1c_1510870384576.png,5,1510870384576.png,TRUE
1795,A1ZT30BGR3266K,cannott tell at all,https://langcog.stanford.edu/expts/BLL/kiddraw-recognitionRatings/sketches/cup/cup_sketch_5_E1c_1510258311547.png,cup,cup_sketch_5_E1c_1510258311547.png,5,1510258311547.png,FALSE
1796,A1ZT30BGR3266K,cannott tell at all,https://langcog.stanford.edu/expts/BLL/kiddraw-recognitionRatings/sketches/rabbit/rabbit_sketch_4_E1c_1510263067113.png,rabbit,rabbit_sketch_4_E1c_1510263067113.png,4,1510263067113.png,FALSE
1797,A1ZT30BGR3266K,train,https://langcog.stanford.edu/expts/BLL/kiddraw-recognitionRatings/sketches/train/train_sketch_8_E1c_1510870628731.png,train,train_sketch_8_E1c_1510870628731.png,8,1510870628731.png,TRUE
1798,A1ZT30BGR3266K,boat,https://langcog.stanford.edu/expts/BLL/kiddraw-recognitionRatings/sketches/boat/boat_sketch_6_E1c_1510700570912.png,boat,boat_sketch_6_E1c_1510700570912.png,6,1510700570912.png,TRUE
1799,A1ZT30BGR3266K,cat,https://langcog.stanford.edu/expts/BLL/kiddraw-recognitionRatings/sketches/rabbit/rabbit_sketch_9_E1c_1510686242527.png,rabbit,rabbit_sketch_9_E1c_1510686242527.png,9,1510686242527.png,FALSE
1800,A1ZT30BGR3266K,cat,https://langcog.stanford.edu/expts/BLL/kiddraw-recognitionRatings/sketches/rabbit/rabbit_sketch_4_E1c_1510691847400.png,rabbit,rabbit_sketch_4_E1c_1510691847400.png,4,1510691847400.png,FALSE
1801,A1ZT30BGR3266K,rabbit,https://langcog.stanford.edu/expts/BLL/kiddraw-recognitionRatings/sketches/cat/cat_sketch_8_E1c_1510870628731.png,cat,cat_sketch_8_E1c_1510870628731.png,8,1510870628731.png,FALSE
1802,A1ZT30BGR3266K,rabbit,https://langcog.stanford.edu/expts/BLL/kiddraw-recognitionRatings/sketches/rabbit/rabbit_sketch_8_E1c_1511300850043.png,rabbit,rabbit_sketch_8_E1c_1511300850043.png,8,1511300850043.png,TRUE
1803,A1ZT30BGR3266K,flower,https://langcog.stanford.edu/expts/BLL/kiddraw-recognitionRatings/sketches/flower/flower_sketch_10_E1c_1511293452162.png,flower,flower_sketch_10_E1c_1511293452162.png,10,1511293452162.png,TRUE
1804,A1ZT30BGR3266K,cannott tell at all,https://langcog.stanford.edu/expts/BLL/kiddraw-recognitionRatings/sketches/phone/phone_sketch_5_E1c_1511301440421.png,phone,phone_sketch_5_E1c_1511301440421.png,5,1511301440421.png,FALSE
1805,A1ZT30BGR3266K,frog,https://langcog.stanford.edu/expts/BLL/kiddraw-recognitionRatings/sketches/frog/frog_sketch_8_E1c_1511293754661.png,frog,frog_sketch_8_E1c_1511293754661.png,8,1511293754661.png,TRUE
1806,A1ZT30BGR3266K,cup,https://langcog.stanford.edu/expts/BLL/kiddraw-recognitionRatings/sketches/cup/cup_sketch_10_E1c_1511293452162.png,cup,cup_sketch_10_E1c_1511293452162.png,10,1511293452162.png,TRUE
1807,A1ZT30BGR3266K,boat,https://langcog.stanford.edu/expts/BLL/kiddraw-recognitionRatings/sketches/boat/boat_sketch_8_E1c_1511292658766.png,boat,boat_sketch_8_E1c_1511292658766.png,8,1511292658766.png,TRUE
1808,A1ZT30BGR3266K,carrot,https://langcog.stanford.edu/expts/BLL/kiddraw-recognitionRatings/sketches/carrot/carrot_sketch_10_E1c_1510255462419.png,carrot,carrot_sketch_10_E1c_1510255462419.png,10,1510255462419.png,TRUE
1809,A1ZT30BGR3266K,flower,https://langcog.stanford.edu/expts/BLL/kiddraw-recognitionRatings/sketches/flower/flower_sketch_5_E1c_1510253748384.png,flower,flower_sketch_5_E1c_1510253748384.png,5,1510253748384.png,TRUE
1810,A1ZT30BGR3266K,couch,https://langcog.stanford.edu/expts/BLL/kiddraw-recognitionRatings/sketches/couch/couch_sketch_7_E1c_1511301634355.png,couch,couch_sketch_7_E1c_1511301634355.png,7,1511301634355.png,TRUE
1811,A1ZT30BGR3266K,rabbit,https://langcog.stanford.edu/expts/BLL/kiddraw-recognitionRatings/sketches/rabbit/rabbit_sketch_8_E1c_1510690264523.png,rabbit,rabbit_sketch_8_E1c_1510690264523.png,8,1510690264523.png,TRUE
1812,A1ZT30BGR3266K,train,https://langcog.stanford.edu/expts/BLL/kiddraw-recognitionRatings/sketches/train/train_sketch_10_E1c_1511293452162.png,train,train_sketch_10_E1c_1511293452162.png,10,1511293452162.png,TRUE
1813,A1ZT30BGR3266K,cannott tell at all,https://langcog.stanford.edu/expts/BLL/kiddraw-recognitionRatings/sketches/phone/phone_sketch_6_E1c_1510690510319.png,phone,phone_sketch_6_E1c_1510690510319.png,6,1510690510319.png,FALSE
1814,A1ZT30BGR3266K,phone,https://langcog.stanford.edu/expts/BLL/kiddraw-recognitionRatings/sketches/phone/phone_sketch_10_E1c_1510684833991.png,phone,phone_sketch_10_E1c_1510684833991.png,10,1510684833991.png,TRUE
1815,A1ZT30BGR3266K,cannott tell at all,https://langcog.stanford.edu/expts/BLL/kiddraw-recognitionRatings/sketches/frog/frog_sketch_8_E1c_1510870628731.png,frog,frog_sketch_8_E1c_1510870628731.png,8,1510870628731.png,FALSE
1816,A1ZT30BGR3266K,cat,https://langcog.stanford.edu/expts/BLL/kiddraw-recognitionRatings/sketches/cat/cat_sketch_8_E1c_1511300355318.png,cat,cat_sketch_8_E1c_1511300355318.png,8,1511300355318.png,TRUE
1817,A1ZT30BGR3266K,cannott tell at all,https://langcog.stanford.edu/expts/BLL/kiddraw-recognitionRatings/sketches/flower/flower_sketch_7_E1c_1511301009480.png,flower,flower_sketch_7_E1c_1511301009480.png,7,1511301009480.png,FALSE
1818,A1ZT30BGR3266K,cannott tell at all,https://langcog.stanford.edu/expts/BLL/kiddraw-recognitionRatings/sketches/foot/foot_sketch_6_E1c_1511292286803.png,foot,foot_sketch_6_E1c_1511292286803.png,6,1511292286803.png,FALSE
1819,A1ZT30BGR3266K,cannott tell at all,https://langcog.stanford.edu/expts/BLL/kiddraw-recognitionRatings/sketches/phone/phone_sketch_7_E1c_1511301009480.png,phone,phone_sketch_7_E1c_1511301009480.png,7,1511301009480.png,FALSE
1820,A1ZT30BGR3266K,cannott tell at all,https://langcog.stanford.edu/expts/BLL/kiddraw-recognitionRatings/sketches/train/train_sketch_5_E1c_1510258311547.png,train,train_sketch_5_E1c_1510258311547.png,5,1510258311547.png,FALSE
1821,A1ZT30BGR3266K,cannott tell at all,https://langcog.stanford.edu/expts/BLL/kiddraw-recognitionRatings/sketches/phone/phone_sketch_10_E1c_1510783638074.png,phone,phone_sketch_10_E1c_1510783638074.png,10,1510783638074.png,FALSE
1822,A1ZT30BGR3266K,shoe,https://langcog.stanford.edu/expts/BLL/kiddraw-recognitionRatings/sketches/shoe/shoe_sketch_8_E1c_1510262448790.png,shoe,shoe_sketch_8_E1c_1510262448790.png,8,1510262448790.png,TRUE
1823,A1ZT30BGR3266K,chair,https://langcog.stanford.edu/expts/BLL/kiddraw-recognitionRatings/sketches/chair/chair_sketch_6_E1c_1511292286803.png,chair,chair_sketch_6_E1c_1511292286803.png,6,1511292286803.png,TRUE
1824,A1ZT30BGR3266K,cannott tell at all,https://langcog.stanford.edu/expts/BLL/kiddraw-recognitionRatings/sketches/foot/foot_sketch_8_E1c_1510787010922.png,foot,foot_sketch_8_E1c_1510787010922.png,8,1510787010922.png,FALSE
1825,A1ZT30BGR3266K,foot,https://langcog.stanford.edu/expts/BLL/kiddraw-recognitionRatings/sketches/foot/foot_sketch_10_E1c_1510684833991.png,foot,foot_sketch_10_E1c_1510684833991.png,10,1510684833991.png,TRUE
1826,A1ZT30BGR3266K,boat,https://langcog.stanford.edu/expts/BLL/kiddraw-recognitionRatings/sketches/boat/boat_sketch_6_E1c_1511292286803.png,boat,boat_sketch_6_E1c_1511292286803.png,6,1511292286803.png,TRUE
1827,A1ZT30BGR3266K,train,https://langcog.stanford.edu/expts/BLL/kiddraw-recognitionRatings/sketches/train/train_sketch_10_E1c_1511301807087.png,train,train_sketch_10_E1c_1511301807087.png,10,1511301807087.png,TRUE
1828,A1ZT30BGR3266K,car,https://langcog.stanford.edu/expts/BLL/kiddraw-recognitionRatings/sketches/car/car_sketch_8_E1c_1510787010922.png,car,car_sketch_8_E1c_1510787010922.png,8,1510787010922.png,TRUE
1829,A1ZT30BGR3266K,ice cream,https://langcog.stanford.edu/expts/BLL/kiddraw-recognitionRatings/sketches/ice cream/ice cream_sketch_8_E1c_1510787010922.png,ice cream,ice cream_sketch_8_E1c_1510787010922.png,8,1510787010922.png,TRUE
1830,A1ZT30BGR3266K,car,https://langcog.stanford.edu/expts/BLL/kiddraw-recognitionRatings/sketches/car/car_sketch_8_E1c_1511293754661.png,car,car_sketch_8_E1c_1511293754661.png,8,1511293754661.png,TRUE
1831,A1ZT30BGR3266K,car,https://langcog.stanford.edu/expts/BLL/kiddraw-recognitionRatings/sketches/car/car_sketch_5_E1c_1511301440421.png,car,car_sketch_5_E1c_1511301440421.png,5,1511301440421.png,TRUE
1832,A1ZT30BGR3266K,foot,https://langcog.stanford.edu/expts/BLL/kiddraw-recognitionRatings/sketches/foot/foot_sketch_8_E1c_1510262448790.png,foot,foot_sketch_8_E1c_1510262448790.png,8,1510262448790.png,TRUE
1833,A1ZT30BGR3266K,car,https://langcog.stanford.edu/expts/BLL/kiddraw-recognitionRatings/sketches/car/car_sketch_5_E1c_1510870384576.png,car,car_sketch_5_E1c_1510870384576.png,5,1510870384576.png,TRUE
1834,A1ZT30BGR3266K,person,https://langcog.stanford.edu/expts/BLL/kiddraw-recognitionRatings/sketches/frog/frog_sketch_8_E1c_1510262448790.png,frog,frog_sketch_8_E1c_1510262448790.png,8,1510262448790.png,FALSE
1835,A1ZT30BGR3266K,cannott tell at all,https://langcog.stanford.edu/expts/BLL/kiddraw-recognitionRatings/sketches/shoe/shoe_sketch_7_E1c_1511301634355.png,shoe,shoe_sketch_7_E1c_1511301634355.png,7,1511301634355.png,FALSE
1836,A1ZT30BGR3266K,flower,https://langcog.stanford.edu/expts/BLL/kiddraw-recognitionRatings/sketches/flower/flower_sketch_10_E1c_1510684833991.png,flower,flower_sketch_10_E1c_1510684833991.png,10,1510684833991.png,TRUE
1837,A1ZT30BGR3266K,couch,https://langcog.stanford.edu/expts/BLL/kiddraw-recognitionRatings/sketches/couch/couch_sketch_6_E1c_1510783818788.png,couch,couch_sketch_6_E1c_1510783818788.png,6,1510783818788.png,TRUE
1838,A1ZT30BGR3266K,rabbit,https://langcog.stanford.edu/expts/BLL/kiddraw-recognitionRatings/sketches/rabbit/rabbit_sketch_10_E1c_1511293452162.png,rabbit,rabbit_sketch_10_E1c_1511293452162.png,10,1511293452162.png,TRUE
1839,A1ZT30BGR3266K,phone,https://langcog.stanford.edu/expts/BLL/kiddraw-recognitionRatings/sketches/phone/phone_sketch_7_E1c_1510870100423.png,phone,phone_sketch_7_E1c_1510870100423.png,7,1510870100423.png,TRUE
1840,A1ZT30BGR3266K,cannott tell at all,https://langcog.stanford.edu/expts/BLL/kiddraw-recognitionRatings/sketches/phone/phone_sketch_6_E1c_1510783818788.png,phone,phone_sketch_6_E1c_1510783818788.png,6,1510783818788.png,FALSE
1841,A1ZT30BGR3266K,cannott tell at all,https://langcog.stanford.edu/expts/BLL/kiddraw-recognitionRatings/sketches/couch/couch_sketch_5_E1c_1510258311547.png,couch,couch_sketch_5_E1c_1510258311547.png,5,1510258311547.png,FALSE
1842,A1ZT30BGR3266K,ice cream,https://langcog.stanford.edu/expts/BLL/kiddraw-recognitionRatings/sketches/carrot/carrot_sketch_8_E1c_1510254933095.png,carrot,carrot_sketch_8_E1c_1510254933095.png,8,1510254933095.png,FALSE
1843,A1ZT30BGR3266K,chair,https://langcog.stanford.edu/expts/BLL/kiddraw-recognitionRatings/sketches/chair/chair_sketch_10_E1c_1510684833991.png,chair,chair_sketch_10_E1c_1510684833991.png,10,1510684833991.png,TRUE
1844,A1ZT30BGR3266K,phone,https://langcog.stanford.edu/expts/BLL/kiddraw-recognitionRatings/sketches/phone/phone_sketch_7_E1c_1511301634355.png,phone,phone_sketch_7_E1c_1511301634355.png,7,1511301634355.png,TRUE
1845,A1ZT30BGR3266K,flower,https://langcog.stanford.edu/expts/BLL/kiddraw-recognitionRatings/sketches/flower/flower_sketch_8_E1c_1510870628731.png,flower,flower_sketch_8_E1c_1510870628731.png,8,1510870628731.png,TRUE
1846,A1ZT30BGR3266K,phone,https://langcog.stanford.edu/expts/BLL/kiddraw-recognitionRatings/sketches/phone/phone_sketch_8_E1c_1511293924452.png,phone,phone_sketch_8_E1c_1511293924452.png,8,1511293924452.png,TRUE
1847,A1ZT30BGR3266K,person,https://langcog.stanford.edu/expts/BLL/kiddraw-recognitionRatings/sketches/frog/frog_sketch_8_E1c_1510690264523.png,frog,frog_sketch_8_E1c_1510690264523.png,8,1510690264523.png,FALSE
1848,A1ZT30BGR3266K,car,https://langcog.stanford.edu/expts/BLL/kiddraw-recognitionRatings/sketches/car/car_sketch_10_E1c_1510783638074.png,car,car_sketch_10_E1c_1510783638074.png,10,1510783638074.png,TRUE
1849,A1ZT30BGR3266K,foot,https://langcog.stanford.edu/expts/BLL/kiddraw-recognitionRatings/sketches/foot/foot_sketch_5_E1c_1510256904834.png,foot,foot_sketch_5_E1c_1510256904834.png,5,1510256904834.png,TRUE
1850,A1ZT30BGR3266K,cannott tell at all,https://langcog.stanford.edu/expts/BLL/kiddraw-recognitionRatings/sketches/chair/chair_sketch_8_E1c_1510870628731.png,chair,chair_sketch_8_E1c_1510870628731.png,8,1510870628731.png,FALSE
1851,A1ZT30BGR3266K,boat,https://langcog.stanford.edu/expts/BLL/kiddraw-recognitionRatings/sketches/boat/boat_sketch_9_E1c_1510686242527.png,boat,boat_sketch_9_E1c_1510686242527.png,9,1510686242527.png,TRUE
1852,A1ZT30BGR3266K,banana,https://langcog.stanford.edu/expts/BLL/kiddraw-recognitionRatings/sketches/banana/banana_sketch_6_E1c_1511292286803.png,banana,banana_sketch_6_E1c_1511292286803.png,6,1511292286803.png,TRUE
1853,A1ZT30BGR3266K,cannott tell at all,https://langcog.stanford.edu/expts/BLL/kiddraw-recognitionRatings/sketches/cup/cup_sketch_10_E1c_1510255462419.png,cup,cup_sketch_10_E1c_1510255462419.png,10,1510255462419.png,FALSE
1854,A1ZT30BGR3266K,ice cream,https://langcog.stanford.edu/expts/BLL/kiddraw-recognitionRatings/sketches/ice cream/ice cream_sketch_8_E1c_1510262448790.png,ice cream,ice cream_sketch_8_E1c_1510262448790.png,8,1510262448790.png,TRUE
1855,A1ZT30BGR3266K,car,https://langcog.stanford.edu/expts/BLL/kiddraw-recognitionRatings/sketches/car/car_sketch_7_E1c_1510783353272.png,car,car_sketch_7_E1c_1510783353272.png,7,1510783353272.png,TRUE
1856,A1ZT30BGR3266K,boat,https://langcog.stanford.edu/expts/BLL/kiddraw-recognitionRatings/sketches/boat/boat_sketch_10_E1c_1511293452162.png,boat,boat_sketch_10_E1c_1511293452162.png,10,1511293452162.png,TRUE
1857,A1ZT30BGR3266K,rabbit,https://langcog.stanford.edu/expts/BLL/kiddraw-recognitionRatings/sketches/rabbit/rabbit_sketch_10_E1c_1510684833991.png,rabbit,rabbit_sketch_10_E1c_1510684833991.png,10,1510684833991.png,TRUE
1858,A1ZT30BGR3266K,person,https://langcog.stanford.edu/expts/BLL/kiddraw-recognitionRatings/sketches/rabbit/rabbit_sketch_6_E1c_1510783818788.png,rabbit,rabbit_sketch_6_E1c_1510783818788.png,6,1510783818788.png,FALSE
1859,A1ZT30BGR3266K,ice cream,https://langcog.stanford.edu/expts/BLL/kiddraw-recognitionRatings/sketches/carrot/carrot_sketch_7_E1c_1511301634355.png,carrot,carrot_sketch_7_E1c_1511301634355.png,7,1511301634355.png,FALSE
1860,A1ZT30BGR3266K,rabbit,https://langcog.stanford.edu/expts/BLL/kiddraw-recognitionRatings/sketches/rabbit/rabbit_sketch_6_E1c_1511293092153.png,rabbit,rabbit_sketch_6_E1c_1511293092153.png,6,1511293092153.png,TRUE
1861,A1ZT30BGR3266K,shoe,https://langcog.stanford.edu/expts/BLL/kiddraw-recognitionRatings/sketches/couch/couch_sketch_8_E1c_1510870628731.png,couch,couch_sketch_8_E1c_1510870628731.png,8,1510870628731.png,FALSE
1862,A1ZT30BGR3266K,flower,https://langcog.stanford.edu/expts/BLL/kiddraw-recognitionRatings/sketches/flower/flower_sketch_6_E1c_1510700570912.png,flower,flower_sketch_6_E1c_1510700570912.png,6,1510700570912.png,TRUE
1863,A1ZT30BGR3266K,flower,https://langcog.stanford.edu/expts/BLL/kiddraw-recognitionRatings/sketches/flower/flower_sketch_8_E1c_1511292658766.png,flower,flower_sketch_8_E1c_1511292658766.png,8,1511292658766.png,TRUE
1864,A1ZT30BGR3266K,boat,https://langcog.stanford.edu/expts/BLL/kiddraw-recognitionRatings/sketches/car/car_sketch_4_E1c_1510263067113.png,car,car_sketch_4_E1c_1510263067113.png,4,1510263067113.png,FALSE
1865,A1ZT30BGR3266K,cannott tell at all,https://langcog.stanford.edu/expts/BLL/kiddraw-recognitionRatings/sketches/boat/boat_sketch_5_E1c_1510253748384.png,boat,boat_sketch_5_E1c_1510253748384.png,5,1510253748384.png,FALSE
1866,A1ZT30BGR3266K,shoe,https://langcog.stanford.edu/expts/BLL/kiddraw-recognitionRatings/sketches/cup/cup_sketch_7_E1c_1511301634355.png,cup,cup_sketch_7_E1c_1511301634355.png,7,1511301634355.png,FALSE
1867,A1ZT30BGR3266K,flower,https://langcog.stanford.edu/expts/BLL/kiddraw-recognitionRatings/sketches/flower/flower_sketch_5_E1c_1510786719020.png,flower,flower_sketch_5_E1c_1510786719020.png,5,1510786719020.png,TRUE
1868,A1ZT30BGR3266K,phone,https://langcog.stanford.edu/expts/BLL/kiddraw-recognitionRatings/sketches/phone/phone_sketch_7_E1c_1510783353272.png,phone,phone_sketch_7_E1c_1510783353272.png,7,1510783353272.png,TRUE
1869,A1ZT30BGR3266K,cannott tell at all,https://langcog.stanford.edu/expts/BLL/kiddraw-recognitionRatings/sketches/cup/cup_sketch_8_E1c_1511300355318.png,cup,cup_sketch_8_E1c_1511300355318.png,8,1511300355318.png,FALSE
1870,A1ZT30BGR3266K,cannott tell at all,https://langcog.stanford.edu/expts/BLL/kiddraw-recognitionRatings/sketches/train/train_sketch_4_E1c_1510268275436.png,train,train_sketch_4_E1c_1510268275436.png,4,1510268275436.png,FALSE
1871,A1ZT30BGR3266K,cannott tell at all,https://langcog.stanford.edu/expts/BLL/kiddraw-recognitionRatings/sketches/couch/couch_sketch_8_E1c_1511300355318.png,couch,couch_sketch_8_E1c_1511300355318.png,8,1511300355318.png,FALSE
1872,A1ZT30BGR3266K,cannott tell at all,https://langcog.stanford.edu/expts/BLL/kiddraw-recognitionRatings/sketches/banana/banana_sketch_4_E1c_1510691847400.png,banana,banana_sketch_4_E1c_1510691847400.png,4,1510691847400.png,FALSE
1873,A1ZT30BGR3266K,cannott tell at all,https://langcog.stanford.edu/expts/BLL/kiddraw-recognitionRatings/sketches/foot/foot_sketch_5_E1c_1511301440421.png,foot,foot_sketch_5_E1c_1511301440421.png,5,1511301440421.png,FALSE
1874,A1ZT30BGR3266K,cat,https://langcog.stanford.edu/expts/BLL/kiddraw-recognitionRatings/sketches/cat/cat_sketch_7_E1c_1510870100423.png,cat,cat_sketch_7_E1c_1510870100423.png,7,1510870100423.png,TRUE
1875,A1ZT30BGR3266K,cannott tell at all,https://langcog.stanford.edu/expts/BLL/kiddraw-recognitionRatings/sketches/shoe/shoe_sketch_6_E1c_1511292286803.png,shoe,shoe_sketch_6_E1c_1511292286803.png,6,1511292286803.png,FALSE
1876,A1ZT30BGR3266K,cannott tell at all,https://langcog.stanford.edu/expts/BLL/kiddraw-recognitionRatings/sketches/frog/frog_sketch_5_E1c_1510256904834.png,frog,frog_sketch_5_E1c_1510256904834.png,5,1510256904834.png,FALSE
1877,A1ZT30BGR3266K,train,https://langcog.stanford.edu/expts/BLL/kiddraw-recognitionRatings/sketches/train/train_sketch_6_E1c_1510690510319.png,train,train_sketch_6_E1c_1510690510319.png,6,1510690510319.png,TRUE
1878,A1ZT30BGR3266K,banana,https://langcog.stanford.edu/expts/BLL/kiddraw-recognitionRatings/sketches/banana/banana_sketch_6_E1c_1510782034963.png,banana,banana_sketch_6_E1c_1510782034963.png,6,1510782034963.png,TRUE
1879,A1ZT30BGR3266K,cup,https://langcog.stanford.edu/expts/BLL/kiddraw-recognitionRatings/sketches/cup/cup_sketch_8_E1c_1511293924452.png,cup,cup_sketch_8_E1c_1511293924452.png,8,1511293924452.png,TRUE
1880,A1ZT30BGR3266K,banana,https://langcog.stanford.edu/expts/BLL/kiddraw-recognitionRatings/sketches/banana/banana_sketch_8_E1c_1510254933095.png,banana,banana_sketch_8_E1c_1510254933095.png,8,1510254933095.png,TRUE
1881,A1ZT30BGR3266K,banana,https://langcog.stanford.edu/expts/BLL/kiddraw-recognitionRatings/sketches/banana/banana_sketch_9_E1c_1510686242527.png,banana,banana_sketch_9_E1c_1510686242527.png,9,1510686242527.png,TRUE
1882,A1ZT30BGR3266K,person,https://langcog.stanford.edu/expts/BLL/kiddraw-recognitionRatings/sketches/frog/frog_sketch_10_E1c_1510255462419.png,frog,frog_sketch_10_E1c_1510255462419.png,10,1510255462419.png,FALSE
1883,A1ZT30BGR3266K,cannott tell at all,https://langcog.stanford.edu/expts/BLL/kiddraw-recognitionRatings/sketches/cup/cup_sketch_4_E1c_1510691847400.png,cup,cup_sketch_4_E1c_1510691847400.png,4,1510691847400.png,FALSE
1884,A1ZT30BGR3266K,banana,https://langcog.stanford.edu/expts/BLL/kiddraw-recognitionRatings/sketches/banana/banana_sketch_5_E1c_1510786719020.png,banana,banana_sketch_5_E1c_1510786719020.png,5,1510786719020.png,TRUE
1885,A1ZT30BGR3266K,cat,https://langcog.stanford.edu/expts/BLL/kiddraw-recognitionRatings/sketches/cat/cat_sketch_5_E1c_1510786719020.png,cat,cat_sketch_5_E1c_1510786719020.png,5,1510786719020.png,TRUE
1886,A1ZT30BGR3266K,chair,https://langcog.stanford.edu/expts/BLL/kiddraw-recognitionRatings/sketches/couch/couch_sketch_10_E1c_1511301807087.png,couch,couch_sketch_10_E1c_1511301807087.png,10,1511301807087.png,FALSE
1887,A1ZT30BGR3266K,chair,https://langcog.stanford.edu/expts/BLL/kiddraw-recognitionRatings/sketches/chair/chair_sketch_5_E1c_1511301440421.png,chair,chair_sketch_5_E1c_1511301440421.png,5,1511301440421.png,TRUE
1888,A1ZT30BGR3266K,chair,https://langcog.stanford.edu/expts/BLL/kiddraw-recognitionRatings/sketches/chair/chair_sketch_6_E1c_1510783818788.png,chair,chair_sketch_6_E1c_1510783818788.png,6,1510783818788.png,TRUE
1889,A1ZT30BGR3266K,train,https://langcog.stanford.edu/expts/BLL/kiddraw-recognitionRatings/sketches/train/train_sketch_9_E1c_1510689458884.png,train,train_sketch_9_E1c_1510689458884.png,9,1510689458884.png,TRUE
1890,A1ZT30BGR3266K,cat,https://langcog.stanford.edu/expts/BLL/kiddraw-recognitionRatings/sketches/cat/cat_sketch_8_E1c_1510690264523.png,cat,cat_sketch_8_E1c_1510690264523.png,8,1510690264523.png,TRUE
1891,A1ZT30BGR3266K,ice cream,https://langcog.stanford.edu/expts/BLL/kiddraw-recognitionRatings/sketches/ice cream/ice cream_sketch_7_E1c_1510870100423.png,ice cream,ice cream_sketch_7_E1c_1510870100423.png,7,1510870100423.png,TRUE
1892,A1ZT30BGR3266K,train,https://langcog.stanford.edu/expts/BLL/kiddraw-recognitionRatings/sketches/train/train_sketch_6_E1c_1510783818788.png,train,train_sketch_6_E1c_1510783818788.png,6,1510783818788.png,TRUE
1893,A1ZT30BGR3266K,car,https://langcog.stanford.edu/expts/BLL/kiddraw-recognitionRatings/sketches/car/car_sketch_6_E1c_1510253415559.png,car,car_sketch_6_E1c_1510253415559.png,6,1510253415559.png,TRUE
1894,A1ZT30BGR3266K,train,https://langcog.stanford.edu/expts/BLL/kiddraw-recognitionRatings/sketches/car/car_sketch_7_E1c_1511301009480.png,car,car_sketch_7_E1c_1511301009480.png,7,1511301009480.png,FALSE
1895,A1ZT30BGR3266K,boat,https://langcog.stanford.edu/expts/BLL/kiddraw-recognitionRatings/sketches/boat/boat_sketch_8_E1c_1511293924452.png,boat,boat_sketch_8_E1c_1511293924452.png,8,1511293924452.png,TRUE
1896,A1ZT30BGR3266K,shoe,https://langcog.stanford.edu/expts/BLL/kiddraw-recognitionRatings/sketches/shoe/shoe_sketch_5_E1c_1510786719020.png,shoe,shoe_sketch_5_E1c_1510786719020.png,5,1510786719020.png,TRUE
1897,A1ZT30BGR3266K,person,https://langcog.stanford.edu/expts/BLL/kiddraw-recognitionRatings/sketches/rabbit/rabbit_sketch_8_E1c_1510787010922.png,rabbit,rabbit_sketch_8_E1c_1510787010922.png,8,1510787010922.png,FALSE
1898,A1ZT30BGR3266K,flower,https://langcog.stanford.edu/expts/BLL/kiddraw-recognitionRatings/sketches/flower/flower_sketch_8_E1c_1511293754661.png,flower,flower_sketch_8_E1c_1511293754661.png,8,1511293754661.png,TRUE
1899,A1ZT30BGR3266K,cannott tell at all,https://langcog.stanford.edu/expts/BLL/kiddraw-recognitionRatings/sketches/car/car_sketch_5_E1c_1510786719020.png,car,car_sketch_5_E1c_1510786719020.png,5,1510786719020.png,FALSE
1900,A1ZT30BGR3266K,cat,https://langcog.stanford.edu/expts/BLL/kiddraw-recognitionRatings/sketches/cat/cat_sketch_10_E1c_1511293452162.png,cat,cat_sketch_10_E1c_1511293452162.png,10,1511293452162.png,TRUE
1901,A1ZT30BGR3266K,train,https://langcog.stanford.edu/expts/BLL/kiddraw-recognitionRatings/sketches/train/train_sketch_10_E1c_1510684833991.png,train,train_sketch_10_E1c_1510684833991.png,10,1510684833991.png,TRUE
1902,A1ZT30BGR3266K,carrot,https://langcog.stanford.edu/expts/BLL/kiddraw-recognitionRatings/sketches/carrot/carrot_sketch_5_E1c_1510786719020.png,carrot,carrot_sketch_5_E1c_1510786719020.png,5,1510786719020.png,TRUE
1903,A1ZT30BGR3266K,carrot,https://langcog.stanford.edu/expts/BLL/kiddraw-recognitionRatings/sketches/carrot/carrot_sketch_7_E1c_1510870100423.png,carrot,carrot_sketch_7_E1c_1510870100423.png,7,1510870100423.png,TRUE
1904,A1ZT30BGR3266K,cannott tell at all,https://langcog.stanford.edu/expts/BLL/kiddraw-recognitionRatings/sketches/chair/chair_sketch_5_E1c_1510786719020.png,chair,chair_sketch_5_E1c_1510786719020.png,5,1510786719020.png,FALSE
1905,A1ZT30BGR3266K,foot,https://langcog.stanford.edu/expts/BLL/kiddraw-recognitionRatings/sketches/foot/foot_sketch_8_E1c_1510254933095.png,foot,foot_sketch_8_E1c_1510254933095.png,8,1510254933095.png,TRUE
1906,A1ZT30BGR3266K,ice cream,https://langcog.stanford.edu/expts/BLL/kiddraw-recognitionRatings/sketches/ice cream/ice cream_sketch_8_E1c_1511293754661.png,ice cream,ice cream_sketch_8_E1c_1511293754661.png,8,1511293754661.png,TRUE
1907,A1ZT30BGR3266K,carrot,https://langcog.stanford.edu/expts/BLL/kiddraw-recognitionRatings/sketches/carrot/carrot_sketch_9_E1c_1510686242527.png,carrot,carrot_sketch_9_E1c_1510686242527.png,9,1510686242527.png,TRUE
1908,A1ZT30BGR3266K,person,https://langcog.stanford.edu/expts/BLL/kiddraw-recognitionRatings/sketches/frog/frog_sketch_8_E1c_1510787010922.png,frog,frog_sketch_8_E1c_1510787010922.png,8,1510787010922.png,FALSE
1909,A1ZT30BGR3266K,car,https://langcog.stanford.edu/expts/BLL/kiddraw-recognitionRatings/sketches/car/car_sketch_6_E1c_1510782034963.png,car,car_sketch_6_E1c_1510782034963.png,6,1510782034963.png,TRUE
1910,A1ZT30BGR3266K,rabbit,https://langcog.stanford.edu/expts/BLL/kiddraw-recognitionRatings/sketches/rabbit/rabbit_sketch_6_E1c_1511292286803.png,rabbit,rabbit_sketch_6_E1c_1511292286803.png,6,1511292286803.png,TRUE
1911,A1ZT30BGR3266K,ice cream,https://langcog.stanford.edu/expts/BLL/kiddraw-recognitionRatings/sketches/ice cream/ice cream_sketch_5_E1c_1511301440421.png,ice cream,ice cream_sketch_5_E1c_1511301440421.png,5,1511301440421.png,TRUE
1912,A1ZT30BGR3266K,cannott tell at all,https://langcog.stanford.edu/expts/BLL/kiddraw-recognitionRatings/sketches/chair/chair_sketch_6_E1c_1510690510319.png,chair,chair_sketch_6_E1c_1510690510319.png,6,1510690510319.png,FALSE
1913,A1ZT30BGR3266K,banana,https://langcog.stanford.edu/expts/BLL/kiddraw-recognitionRatings/sketches/banana/banana_sketch_7_E1c_1511301009480.png,banana,banana_sketch_7_E1c_1511301009480.png,7,1511301009480.png,TRUE
1914,A1ZT30BGR3266K,chair,https://langcog.stanford.edu/expts/BLL/kiddraw-recognitionRatings/sketches/chair/chair_sketch_8_E1c_1511293924452.png,chair,chair_sketch_8_E1c_1511293924452.png,8,1511293924452.png,TRUE
1915,A1ZT30BGR3266K,cat,https://langcog.stanford.edu/expts/BLL/kiddraw-recognitionRatings/sketches/cat/cat_sketch_8_E1c_1510254933095.png,cat,cat_sketch_8_E1c_1510254933095.png,8,1510254933095.png,TRUE
1916,A1ZT30BGR3266K,cannott tell at all,https://langcog.stanford.edu/expts/BLL/kiddraw-recognitionRatings/sketches/carrot/carrot_sketch_4_E1c_1510263067113.png,carrot,carrot_sketch_4_E1c_1510263067113.png,4,1510263067113.png,FALSE
1917,A1ZT30BGR3266K,cannott tell at all,https://langcog.stanford.edu/expts/BLL/kiddraw-recognitionRatings/sketches/shoe/shoe_sketch_10_E1c_1510255462419.png,shoe,shoe_sketch_10_E1c_1510255462419.png,10,1510255462419.png,FALSE
1918,A1ZT30BGR3266K,banana,https://langcog.stanford.edu/expts/BLL/kiddraw-recognitionRatings/sketches/banana/banana_sketch_6_E1c_1511292022297.png,banana,banana_sketch_6_E1c_1511292022297.png,6,1511292022297.png,TRUE
1919,A1ZT30BGR3266K,foot,https://langcog.stanford.edu/expts/BLL/kiddraw-recognitionRatings/sketches/foot/foot_sketch_6_E1c_1510782034963.png,foot,foot_sketch_6_E1c_1510782034963.png,6,1510782034963.png,TRUE
1920,A1ZT30BGR3266K,couch,https://langcog.stanford.edu/expts/BLL/kiddraw-recognitionRatings/sketches/couch/couch_sketch_10_E1c_1510684833991.png,couch,couch_sketch_10_E1c_1510684833991.png,10,1510684833991.png,TRUE
1921,A1ZT30BGR3266K,cannott tell at all,https://langcog.stanford.edu/expts/BLL/kiddraw-recognitionRatings/sketches/carrot/carrot_sketch_4_E1c_1510268275436.png,carrot,carrot_sketch_4_E1c_1510268275436.png,4,1510268275436.png,FALSE
1922,A1ZT30BGR3266K,cup,https://langcog.stanford.edu/expts/BLL/kiddraw-recognitionRatings/sketches/cup/cup_sketch_9_E1c_1510689458884.png,cup,cup_sketch_9_E1c_1510689458884.png,9,1510689458884.png,TRUE
1923,A1ZT30BGR3266K,shoe,https://langcog.stanford.edu/expts/BLL/kiddraw-recognitionRatings/sketches/shoe/shoe_sketch_5_E1c_1510256904834.png,shoe,shoe_sketch_5_E1c_1510256904834.png,5,1510256904834.png,TRUE
1924,A1ZT30BGR3266K,train,https://langcog.stanford.edu/expts/BLL/kiddraw-recognitionRatings/sketches/train/train_sketch_7_E1c_1510870100423.png,train,train_sketch_7_E1c_1510870100423.png,7,1510870100423.png,TRUE
1925,A1ZT30BGR3266K,chair,https://langcog.stanford.edu/expts/BLL/kiddraw-recognitionRatings/sketches/chair/chair_sketch_5_E1c_1510870384576.png,chair,chair_sketch_5_E1c_1510870384576.png,5,1510870384576.png,TRUE
1926,A1ZT30BGR3266K,frog,https://langcog.stanford.edu/expts/BLL/kiddraw-recognitionRatings/sketches/frog/frog_sketch_10_E1c_1511293452162.png,frog,frog_sketch_10_E1c_1511293452162.png,10,1511293452162.png,TRUE
1927,A1ZT30BGR3266K,frog,https://langcog.stanford.edu/expts/BLL/kiddraw-recognitionRatings/sketches/frog/frog_sketch_6_E1c_1510782034963.png,frog,frog_sketch_6_E1c_1510782034963.png,6,1510782034963.png,TRUE
1928,A1ZT30BGR3266K,chair,https://langcog.stanford.edu/expts/BLL/kiddraw-recognitionRatings/sketches/chair/chair_sketch_10_E1c_1511301807087.png,chair,chair_sketch_10_E1c_1511301807087.png,10,1511301807087.png,TRUE
1929,A1ZT30BGR3266K,cannott tell at all,https://langcog.stanford.edu/expts/BLL/kiddraw-recognitionRatings/sketches/phone/phone_sketch_4_E1c_1510252568116.png,phone,phone_sketch_4_E1c_1510252568116.png,4,1510252568116.png,FALSE
1930,A1ZT30BGR3266K,cannott tell at all,https://langcog.stanford.edu/expts/BLL/kiddraw-recognitionRatings/sketches/chair/chair_sketch_4_E1c_1510268275436.png,chair,chair_sketch_4_E1c_1510268275436.png,4,1510268275436.png,FALSE
1931,A1ZT30BGR3266K,flower,https://langcog.stanford.edu/expts/BLL/kiddraw-recognitionRatings/sketches/flower/flower_sketch_10_E1c_1510783638074.png,flower,flower_sketch_10_E1c_1510783638074.png,10,1510783638074.png,TRUE
1932,A1ZT30BGR3266K,frog,https://langcog.stanford.edu/expts/BLL/kiddraw-recognitionRatings/sketches/frog/frog_sketch_7_E1c_1510263944688.png,frog,frog_sketch_7_E1c_1510263944688.png,7,1510263944688.png,TRUE
1933,A1ZT30BGR3266K,carrot,https://langcog.stanford.edu/expts/BLL/kiddraw-recognitionRatings/sketches/carrot/carrot_sketch_8_E1c_1511293754661.png,carrot,carrot_sketch_8_E1c_1511293754661.png,8,1511293754661.png,TRUE
1934,A1ZT30BGR3266K,rabbit,https://langcog.stanford.edu/expts/BLL/kiddraw-recognitionRatings/sketches/rabbit/rabbit_sketch_8_E1c_1511293924452.png,rabbit,rabbit_sketch_8_E1c_1511293924452.png,8,1511293924452.png,TRUE
1935,A1ZT30BGR3266K,banana,https://langcog.stanford.edu/expts/BLL/kiddraw-recognitionRatings/sketches/banana/banana_sketch_10_E1c_1511293452162.png,banana,banana_sketch_10_E1c_1511293452162.png,10,1511293452162.png,TRUE
1936,A1ZT30BGR3266K,flower,https://langcog.stanford.edu/expts/BLL/kiddraw-recognitionRatings/sketches/flower/flower_sketch_8_E1c_1511293924452.png,flower,flower_sketch_8_E1c_1511293924452.png,8,1511293924452.png,TRUE
1937,A1ZT30BGR3266K,car,https://langcog.stanford.edu/expts/BLL/kiddraw-recognitionRatings/sketches/car/car_sketch_6_E1c_1511292022297.png,car,car_sketch_6_E1c_1511292022297.png,6,1511292022297.png,TRUE
1938,A1ZT30BGR3266K,train,https://langcog.stanford.edu/expts/BLL/kiddraw-recognitionRatings/sketches/car/car_sketch_6_E1c_1510695588717.png,car,car_sketch_6_E1c_1510695588717.png,6,1510695588717.png,FALSE
1939,A1ZT30BGR3266K,chair,https://langcog.stanford.edu/expts/BLL/kiddraw-recognitionRatings/sketches/chair/chair_sketch_8_E1c_1510787010922.png,chair,chair_sketch_8_E1c_1510787010922.png,8,1510787010922.png,TRUE
1940,A1ZT30BGR3266K,phone,https://langcog.stanford.edu/expts/BLL/kiddraw-recognitionRatings/sketches/phone/phone_sketch_6_E1c_1510782034963.png,phone,phone_sketch_6_E1c_1510782034963.png,6,1510782034963.png,TRUE
1941,A1ZT30BGR3266K,rabbit,https://langcog.stanford.edu/expts/BLL/kiddraw-recognitionRatings/sketches/rabbit/rabbit_sketch_5_E1c_1510786719020.png,rabbit,rabbit_sketch_5_E1c_1510786719020.png,5,1510786719020.png,TRUE
1942,A1ZT30BGR3266K,cup,https://langcog.stanford.edu/expts/BLL/kiddraw-recognitionRatings/sketches/cup/cup_sketch_8_E1c_1510870628731.png,cup,cup_sketch_8_E1c_1510870628731.png,8,1510870628731.png,TRUE
1943,A1ZT30BGR3266K,flower,https://langcog.stanford.edu/expts/BLL/kiddraw-recognitionRatings/sketches/flower/flower_sketch_4_E1c_1510691847400.png,flower,flower_sketch_4_E1c_1510691847400.png,4,1510691847400.png,TRUE
1944,A1ZT30BGR3266K,frog,https://langcog.stanford.edu/expts/BLL/kiddraw-recognitionRatings/sketches/rabbit/rabbit_sketch_5_E1c_1510256904834.png,rabbit,rabbit_sketch_5_E1c_1510256904834.png,5,1510256904834.png,FALSE
1945,A1ZT30BGR3266K,ice cream,https://langcog.stanford.edu/expts/BLL/kiddraw-recognitionRatings/sketches/ice cream/ice cream_sketch_6_E1c_1510700570912.png,ice cream,ice cream_sketch_6_E1c_1510700570912.png,6,1510700570912.png,TRUE
1946,A1ZT30BGR3266K,cannott tell at all,https://langcog.stanford.edu/expts/BLL/kiddraw-recognitionRatings/sketches/boat/boat_sketch_5_E1c_1510258311547.png,boat,boat_sketch_5_E1c_1510258311547.png,5,1510258311547.png,FALSE
1947,A1ZT30BGR3266K,train,https://langcog.stanford.edu/expts/BLL/kiddraw-recognitionRatings/sketches/train/train_sketch_5_E1c_1510786719020.png,train,train_sketch_5_E1c_1510786719020.png,5,1510786719020.png,TRUE
1948,A1ZT30BGR3266K,chair,https://langcog.stanford.edu/expts/BLL/kiddraw-recognitionRatings/sketches/chair/chair_sketch_5_E1c_1510253748384.png,chair,chair_sketch_5_E1c_1510253748384.png,5,1510253748384.png,TRUE
1949,A1ZT30BGR3266K,train,https://langcog.stanford.edu/expts/BLL/kiddraw-recognitionRatings/sketches/train/train_sketch_6_E1c_1511292286803.png,train,train_sketch_6_E1c_1511292286803.png,6,1511292286803.png,TRUE
1950,A1ZT30BGR3266K,cat,https://langcog.stanford.edu/expts/BLL/kiddraw-recognitionRatings/sketches/rabbit/rabbit_sketch_6_E1c_1510253415559.png,rabbit,rabbit_sketch_6_E1c_1510253415559.png,6,1510253415559.png,FALSE
1951,A1ZT30BGR3266K,car,https://langcog.stanford.edu/expts/BLL/kiddraw-recognitionRatings/sketches/train/train_sketch_7_E1c_1510783353272.png,train,train_sketch_7_E1c_1510783353272.png,7,1510783353272.png,FALSE
1952,A1ZT30BGR3266K,phone,https://langcog.stanford.edu/expts/BLL/kiddraw-recognitionRatings/sketches/phone/phone_sketch_10_E1c_1511293452162.png,phone,phone_sketch_10_E1c_1511293452162.png,10,1511293452162.png,TRUE
1953,A1ZT30BGR3266K,chair,https://langcog.stanford.edu/expts/BLL/kiddraw-recognitionRatings/sketches/chair/chair_sketch_6_E1c_1511293092153.png,chair,chair_sketch_6_E1c_1511293092153.png,6,1511293092153.png,TRUE
1954,A1ZT30BGR3266K,shoe,https://langcog.stanford.edu/expts/BLL/kiddraw-recognitionRatings/sketches/shoe/shoe_sketch_8_E1c_1510870628731.png,shoe,shoe_sketch_8_E1c_1510870628731.png,8,1510870628731.png,TRUE
1955,A1ZT30BGR3266K,foot,https://langcog.stanford.edu/expts/BLL/kiddraw-recognitionRatings/sketches/shoe/shoe_sketch_6_E1c_1511292022297.png,shoe,shoe_sketch_6_E1c_1511292022297.png,6,1511292022297.png,FALSE
1956,A1ZT30BGR3266K,cannott tell at all,https://langcog.stanford.edu/expts/BLL/kiddraw-recognitionRatings/sketches/carrot/carrot_sketch_5_E1c_1511301440421.png,carrot,carrot_sketch_5_E1c_1511301440421.png,5,1511301440421.png,FALSE
1957,A1ZT30BGR3266K,chair,https://langcog.stanford.edu/expts/BLL/kiddraw-recognitionRatings/sketches/chair/chair_sketch_7_E1c_1510783353272.png,chair,chair_sketch_7_E1c_1510783353272.png,7,1510783353272.png,TRUE
1958,A1ZT30BGR3266K,carrot,https://langcog.stanford.edu/expts/BLL/kiddraw-recognitionRatings/sketches/carrot/carrot_sketch_10_E1c_1511301807087.png,carrot,carrot_sketch_10_E1c_1511301807087.png,10,1511301807087.png,TRUE
1959,A1ZT30BGR3266K,ice cream,https://langcog.stanford.edu/expts/BLL/kiddraw-recognitionRatings/sketches/ice cream/ice cream_sketch_6_E1c_1510690510319.png,ice cream,ice cream_sketch_6_E1c_1510690510319.png,6,1510690510319.png,TRUE
1960,A1ZT30BGR3266K,carrot,https://langcog.stanford.edu/expts/BLL/kiddraw-recognitionRatings/sketches/carrot/carrot_sketch_10_E1c_1510684833991.png,carrot,carrot_sketch_10_E1c_1510684833991.png,10,1510684833991.png,TRUE
1961,A1ZT30BGR3266K,banana,https://langcog.stanford.edu/expts/BLL/kiddraw-recognitionRatings/sketches/banana/banana_sketch_10_E1c_1510684833991.png,banana,banana_sketch_10_E1c_1510684833991.png,10,1510684833991.png,TRUE
1962,A1ZT30BGR3266K,flower,https://langcog.stanford.edu/expts/BLL/kiddraw-recognitionRatings/sketches/flower/flower_sketch_8_E1c_1510787010922.png,flower,flower_sketch_8_E1c_1510787010922.png,8,1510787010922.png,TRUE
1963,A1ZT30BGR3266K,ice cream,https://langcog.stanford.edu/expts/BLL/kiddraw-recognitionRatings/sketches/ice cream/ice cream_sketch_4_E1c_1510691847400.png,ice cream,ice cream_sketch_4_E1c_1510691847400.png,4,1510691847400.png,TRUE
1964,A1ZT30BGR3266K,cannott tell at all,https://langcog.stanford.edu/expts/BLL/kiddraw-recognitionRatings/sketches/shoe/shoe_sketch_8_E1c_1510254933095.png,shoe,shoe_sketch_8_E1c_1510254933095.png,8,1510254933095.png,FALSE
1965,A1ZT30BGR3266K,ice cream,https://langcog.stanford.edu/expts/BLL/kiddraw-recognitionRatings/sketches/ice cream/ice cream_sketch_10_E1c_1510684833991.png,ice cream,ice cream_sketch_10_E1c_1510684833991.png,10,1510684833991.png,TRUE
1966,A1ZT30BGR3266K,couch,https://langcog.stanford.edu/expts/BLL/kiddraw-recognitionRatings/sketches/train/train_sketch_5_E1c_1510253748384.png,train,train_sketch_5_E1c_1510253748384.png,5,1510253748384.png,FALSE
1967,A1ZT30BGR3266K,cannott tell at all,https://langcog.stanford.edu/expts/BLL/kiddraw-recognitionRatings/sketches/couch/couch_sketch_6_E1c_1510695588717.png,couch,couch_sketch_6_E1c_1510695588717.png,6,1510695588717.png,FALSE
1968,A1ZT30BGR3266K,banana,https://langcog.stanford.edu/expts/BLL/kiddraw-recognitionRatings/sketches/banana/banana_sketch_8_E1c_1510787010922.png,banana,banana_sketch_8_E1c_1510787010922.png,8,1510787010922.png,TRUE
1969,A1ZT30BGR3266K,frog,https://langcog.stanford.edu/expts/BLL/kiddraw-recognitionRatings/sketches/cat/cat_sketch_8_E1c_1510787010922.png,cat,cat_sketch_8_E1c_1510787010922.png,8,1510787010922.png,FALSE
1970,A1ZT30BGR3266K,train,https://langcog.stanford.edu/expts/BLL/kiddraw-recognitionRatings/sketches/car/car_sketch_6_E1c_1510690510319.png,car,car_sketch_6_E1c_1510690510319.png,6,1510690510319.png,FALSE
1971,A1ZT30BGR3266K,flower,https://langcog.stanford.edu/expts/BLL/kiddraw-recognitionRatings/sketches/flower/flower_sketch_8_E1c_1510262448790.png,flower,flower_sketch_8_E1c_1510262448790.png,8,1510262448790.png,TRUE
1972,A1ZT30BGR3266K,cannott tell at all,https://langcog.stanford.edu/expts/BLL/kiddraw-recognitionRatings/sketches/boat/boat_sketch_8_E1c_1510787010922.png,boat,boat_sketch_8_E1c_1510787010922.png,8,1510787010922.png,FALSE
1973,A1ZT30BGR3266K,cat,https://langcog.stanford.edu/expts/BLL/kiddraw-recognitionRatings/sketches/cat/cat_sketch_8_E1c_1511293924452.png,cat,cat_sketch_8_E1c_1511293924452.png,8,1511293924452.png,TRUE
1974,A1ZT30BGR3266K,car,https://langcog.stanford.edu/expts/BLL/kiddraw-recognitionRatings/sketches/car/car_sketch_6_E1c_1511293092153.png,car,car_sketch_6_E1c_1511293092153.png,6,1511293092153.png,TRUE
1975,A1ZT30BGR3266K,rabbit,https://langcog.stanford.edu/expts/BLL/kiddraw-recognitionRatings/sketches/rabbit/rabbit_sketch_8_E1c_1511300355318.png,rabbit,rabbit_sketch_8_E1c_1511300355318.png,8,1511300355318.png,TRUE
1976,A1ZT30BGR3266K,flower,https://langcog.stanford.edu/expts/BLL/kiddraw-recognitionRatings/sketches/flower/flower_sketch_7_E1c_1510870100423.png,flower,flower_sketch_7_E1c_1510870100423.png,7,1510870100423.png,TRUE
1977,A1ZT30BGR3266K,flower,https://langcog.stanford.edu/expts/BLL/kiddraw-recognitionRatings/sketches/flower/flower_sketch_8_E1c_1511300850043.png,flower,flower_sketch_8_E1c_1511300850043.png,8,1511300850043.png,TRUE
1978,A1ZT30BGR3266K,ice cream,https://langcog.stanford.edu/expts/BLL/kiddraw-recognitionRatings/sketches/ice cream/ice cream_sketch_8_E1c_1511300850043.png,ice cream,ice cream_sketch_8_E1c_1511300850043.png,8,1511300850043.png,TRUE
1979,A1ZT30BGR3266K,couch,https://langcog.stanford.edu/expts/BLL/kiddraw-recognitionRatings/sketches/couch/couch_sketch_6_E1c_1511293092153.png,couch,couch_sketch_6_E1c_1511293092153.png,6,1511293092153.png,TRUE
1980,A1ZT30BGR3266K,couch,https://langcog.stanford.edu/expts/BLL/kiddraw-recognitionRatings/sketches/couch/couch_sketch_6_E1c_1511292022297.png,couch,couch_sketch_6_E1c_1511292022297.png,6,1511292022297.png,TRUE
1981,A1ZT30BGR3266K,couch,https://langcog.stanford.edu/expts/BLL/kiddraw-recognitionRatings/sketches/couch/couch_sketch_5_E1c_1510786719020.png,couch,couch_sketch_5_E1c_1510786719020.png,5,1510786719020.png,TRUE
1982,A1ZT30BGR3266K,foot,https://langcog.stanford.edu/expts/BLL/kiddraw-recognitionRatings/sketches/shoe/shoe_sketch_6_E1c_1510700570912.png,shoe,shoe_sketch_6_E1c_1510700570912.png,6,1510700570912.png,FALSE
1983,A1ZT30BGR3266K,shoe,https://langcog.stanford.edu/expts/BLL/kiddraw-recognitionRatings/sketches/banana/banana_sketch_8_E1c_1511300355318.png,banana,banana_sketch_8_E1c_1511300355318.png,8,1511300355318.png,FALSE
1984,A1ZT30BGR3266K,cannott tell at all,https://langcog.stanford.edu/expts/BLL/kiddraw-recognitionRatings/sketches/cup/cup_sketch_5_E1c_1510870384576.png,cup,cup_sketch_5_E1c_1510870384576.png,5,1510870384576.png,FALSE
1985,A1ZT30BGR3266K,train,https://langcog.stanford.edu/expts/BLL/kiddraw-recognitionRatings/sketches/train/train_sketch_6_E1c_1511293092153.png,train,train_sketch_6_E1c_1511293092153.png,6,1511293092153.png,TRUE
1986,A1ZT30BGR3266K,frog,https://langcog.stanford.edu/expts/BLL/kiddraw-recognitionRatings/sketches/frog/frog_sketch_6_E1c_1511293092153.png,frog,frog_sketch_6_E1c_1511293092153.png,6,1511293092153.png,TRUE
1987,A1ZT30BGR3266K,foot,https://langcog.stanford.edu/expts/BLL/kiddraw-recognitionRatings/sketches/foot/foot_sketch_10_E1c_1510783638074.png,foot,foot_sketch_10_E1c_1510783638074.png,10,1510783638074.png,TRUE
1988,A1ZT30BGR3266K,car,https://langcog.stanford.edu/expts/BLL/kiddraw-recognitionRatings/sketches/car/car_sketch_8_E1c_1511293924452.png,car,car_sketch_8_E1c_1511293924452.png,8,1511293924452.png,TRUE
1989,A1ZT30BGR3266K,cat,https://langcog.stanford.edu/expts/BLL/kiddraw-recognitionRatings/sketches/cat/cat_sketch_7_E1c_1510263944688.png,cat,cat_sketch_7_E1c_1510263944688.png,7,1510263944688.png,TRUE
1990,A1ZT30BGR3266K,cannott tell at all,https://langcog.stanford.edu/expts/BLL/kiddraw-recognitionRatings/sketches/shoe/shoe_sketch_8_E1c_1511300355318.png,shoe,shoe_sketch_8_E1c_1511300355318.png,8,1511300355318.png,FALSE
1991,A1ZT30BGR3266K,foot,https://langcog.stanford.edu/expts/BLL/kiddraw-recognitionRatings/sketches/foot/foot_sketch_5_E1c_1510786719020.png,foot,foot_sketch_5_E1c_1510786719020.png,5,1510786719020.png,TRUE
1992,A1ZT30BGR3266K,cat,https://langcog.stanford.edu/expts/BLL/kiddraw-recognitionRatings/sketches/cat/cat_sketch_10_E1c_1510783638074.png,cat,cat_sketch_10_E1c_1510783638074.png,10,1510783638074.png,TRUE
1993,A1ZT30BGR3266K,cat,https://langcog.stanford.edu/expts/BLL/kiddraw-recognitionRatings/sketches/cat/cat_sketch_10_E1c_1510684833991.png,cat,cat_sketch_10_E1c_1510684833991.png,10,1510684833991.png,TRUE
1994,A1ZT30BGR3266K,chair,https://langcog.stanford.edu/expts/BLL/kiddraw-recognitionRatings/sketches/chair/chair_sketch_8_E1c_1510690264523.png,chair,chair_sketch_8_E1c_1510690264523.png,8,1510690264523.png,TRUE
1995,A1ZT30BGR3266K,car,https://langcog.stanford.edu/expts/BLL/kiddraw-recognitionRatings/sketches/car/car_sketch_8_E1c_1510254933095.png,car,car_sketch_8_E1c_1510254933095.png,8,1510254933095.png,TRUE
1996,A1ZT30BGR3266K,cup,https://langcog.stanford.edu/expts/BLL/kiddraw-recognitionRatings/sketches/cup/cup_sketch_10_E1c_1510684833991.png,cup,cup_sketch_10_E1c_1510684833991.png,10,1510684833991.png,TRUE
1997,A1ZT30BGR3266K,cat,https://langcog.stanford.edu/expts/BLL/kiddraw-recognitionRatings/sketches/cat/cat_sketch_8_E1c_1511292658766.png,cat,cat_sketch_8_E1c_1511292658766.png,8,1511292658766.png,TRUE
1998,A1ZT30BGR3266K,cannott tell at all,https://langcog.stanford.edu/expts/BLL/kiddraw-recognitionRatings/sketches/couch/couch_sketch_5_E1c_1510256904834.png,couch,couch_sketch_5_E1c_1510256904834.png,5,1510256904834.png,FALSE
1999,A1ZT30BGR3266K,cannott tell at all,https://langcog.stanford.edu/expts/BLL/kiddraw-recognitionRatings/sketches/ice cream/ice cream_sketch_8_E1c_1511300355318.png,ice cream,ice cream_sketch_8_E1c_1511300355318.png,8,1511300355318.png,FALSE
2000,A1ZT30BGR3266K,cannott tell at all,https://langcog.stanford.edu/expts/BLL/kiddraw-recognitionRatings/sketches/foot/foot_sketch_4_E1c_1510252568116.png,foot,foot_sketch_4_E1c_1510252568116.png,4,1510252568116.png,FALSE
2001,A1ZT30BGR3266K,ice cream,https://langcog.stanford.edu/expts/BLL/kiddraw-recognitionRatings/sketches/ice cream/ice cream_sketch_6_E1c_1511292286803.png,ice cream,ice cream_sketch_6_E1c_1511292286803.png,6,1511292286803.png,TRUE
2002,A1ZT30BGR3266K,cannott tell at all,https://langcog.stanford.edu/expts/BLL/kiddraw-recognitionRatings/sketches/phone/phone_sketch_8_E1c_1510870628731.png,phone,phone_sketch_8_E1c_1510870628731.png,8,1510870628731.png,FALSE
2003,A18LPAFMK1B06K,cup,https://langcog.stanford.edu/expts/BLL/kiddraw-recognitionRatings/sketches/cup/cup_sketch_10_E1c_1510684833991.png,cup,cup_sketch_10_E1c_1510684833991.png,10,1510684833991.png,TRUE
2004,A18LPAFMK1B06K,flower,https://langcog.stanford.edu/expts/BLL/kiddraw-recognitionRatings/sketches/flower/flower_sketch_8_E1c_1511292658766.png,flower,flower_sketch_8_E1c_1511292658766.png,8,1511292658766.png,TRUE
2005,A18LPAFMK1B06K,person,https://langcog.stanford.edu/expts/BLL/kiddraw-recognitionRatings/sketches/rabbit/rabbit_sketch_8_E1c_1510787010922.png,rabbit,rabbit_sketch_8_E1c_1510787010922.png,8,1510787010922.png,FALSE
2006,A18LPAFMK1B06K,train,https://langcog.stanford.edu/expts/BLL/kiddraw-recognitionRatings/sketches/train/train_sketch_6_E1c_1511292022297.png,train,train_sketch_6_E1c_1511292022297.png,6,1511292022297.png,TRUE
2007,A18LPAFMK1B06K,chair,https://langcog.stanford.edu/expts/BLL/kiddraw-recognitionRatings/sketches/chair/chair_sketch_5_E1c_1510253748384.png,chair,chair_sketch_5_E1c_1510253748384.png,5,1510253748384.png,TRUE
2008,A18LPAFMK1B06K,boat,https://langcog.stanford.edu/expts/BLL/kiddraw-recognitionRatings/sketches/boat/boat_sketch_6_E1c_1510695588717.png,boat,boat_sketch_6_E1c_1510695588717.png,6,1510695588717.png,TRUE
2009,A18LPAFMK1B06K,banana,https://langcog.stanford.edu/expts/BLL/kiddraw-recognitionRatings/sketches/banana/banana_sketch_9_E1c_1510686242527.png,banana,banana_sketch_9_E1c_1510686242527.png,9,1510686242527.png,TRUE
2010,A18LPAFMK1B06K,cup,https://langcog.stanford.edu/expts/BLL/kiddraw-recognitionRatings/sketches/phone/phone_sketch_4_E1c_1510252568116.png,phone,phone_sketch_4_E1c_1510252568116.png,4,1510252568116.png,FALSE
2011,A18LPAFMK1B06K,flower,https://langcog.stanford.edu/expts/BLL/kiddraw-recognitionRatings/sketches/foot/foot_sketch_6_E1c_1511292286803.png,foot,foot_sketch_6_E1c_1511292286803.png,6,1511292286803.png,FALSE
2012,A18LPAFMK1B06K,flower,https://langcog.stanford.edu/expts/BLL/kiddraw-recognitionRatings/sketches/flower/flower_sketch_8_E1c_1510254933095.png,flower,flower_sketch_8_E1c_1510254933095.png,8,1510254933095.png,TRUE
2013,A18LPAFMK1B06K,train,https://langcog.stanford.edu/expts/BLL/kiddraw-recognitionRatings/sketches/train/train_sketch_7_E1c_1510870100423.png,train,train_sketch_7_E1c_1510870100423.png,7,1510870100423.png,TRUE
2014,A18LPAFMK1B06K,flower,https://langcog.stanford.edu/expts/BLL/kiddraw-recognitionRatings/sketches/foot/foot_sketch_6_E1c_1510782034963.png,foot,foot_sketch_6_E1c_1510782034963.png,6,1510782034963.png,FALSE
2015,A18LPAFMK1B06K,cat,https://langcog.stanford.edu/expts/BLL/kiddraw-recognitionRatings/sketches/cat/cat_sketch_5_E1c_1510786719020.png,cat,cat_sketch_5_E1c_1510786719020.png,5,1510786719020.png,TRUE
2016,A18LPAFMK1B06K,cat,https://langcog.stanford.edu/expts/BLL/kiddraw-recognitionRatings/sketches/phone/phone_sketch_8_E1c_1510254933095.png,phone,phone_sketch_8_E1c_1510254933095.png,8,1510254933095.png,FALSE
2017,A18LPAFMK1B06K,frog,https://langcog.stanford.edu/expts/BLL/kiddraw-recognitionRatings/sketches/frog/frog_sketch_8_E1c_1511293754661.png,frog,frog_sketch_8_E1c_1511293754661.png,8,1511293754661.png,TRUE
2018,A18LPAFMK1B06K,cat,https://langcog.stanford.edu/expts/BLL/kiddraw-recognitionRatings/sketches/cat/cat_sketch_8_E1c_1510870628731.png,cat,cat_sketch_8_E1c_1510870628731.png,8,1510870628731.png,TRUE
2019,A18LPAFMK1B06K,banana,https://langcog.stanford.edu/expts/BLL/kiddraw-recognitionRatings/sketches/couch/couch_sketch_4_E1c_1510268275436.png,couch,couch_sketch_4_E1c_1510268275436.png,4,1510268275436.png,FALSE
2020,A18LPAFMK1B06K,carrot,https://langcog.stanford.edu/expts/BLL/kiddraw-recognitionRatings/sketches/carrot/carrot_sketch_10_E1c_1510255462419.png,carrot,carrot_sketch_10_E1c_1510255462419.png,10,1510255462419.png,TRUE
2021,A18LPAFMK1B06K,flower,https://langcog.stanford.edu/expts/BLL/kiddraw-recognitionRatings/sketches/foot/foot_sketch_5_E1c_1510786719020.png,foot,foot_sketch_5_E1c_1510786719020.png,5,1510786719020.png,FALSE
2022,A18LPAFMK1B06K,cat,https://langcog.stanford.edu/expts/BLL/kiddraw-recognitionRatings/sketches/cat/cat_sketch_8_E1c_1511300355318.png,cat,cat_sketch_8_E1c_1511300355318.png,8,1511300355318.png,TRUE
2023,A18LPAFMK1B06K,cat,https://langcog.stanford.edu/expts/BLL/kiddraw-recognitionRatings/sketches/rabbit/rabbit_sketch_8_E1c_1511300850043.png,rabbit,rabbit_sketch_8_E1c_1511300850043.png,8,1511300850043.png,FALSE
2024,A18LPAFMK1B06K,person,https://langcog.stanford.edu/expts/BLL/kiddraw-recognitionRatings/sketches/chair/chair_sketch_8_E1c_1510787010922.png,chair,chair_sketch_8_E1c_1510787010922.png,8,1510787010922.png,FALSE
2025,A18LPAFMK1B06K,boat,https://langcog.stanford.edu/expts/BLL/kiddraw-recognitionRatings/sketches/boat/boat_sketch_10_E1c_1511301807087.png,boat,boat_sketch_10_E1c_1511301807087.png,10,1511301807087.png,TRUE
2026,A18LPAFMK1B06K,chair,https://langcog.stanford.edu/expts/BLL/kiddraw-recognitionRatings/sketches/couch/couch_sketch_8_E1c_1511300355318.png,couch,couch_sketch_8_E1c_1511300355318.png,8,1511300355318.png,FALSE
2027,A18LPAFMK1B06K,banana,https://langcog.stanford.edu/expts/BLL/kiddraw-recognitionRatings/sketches/banana/banana_sketch_6_E1c_1511293092153.png,banana,banana_sketch_6_E1c_1511293092153.png,6,1511293092153.png,TRUE
2028,A18LPAFMK1B06K,chair,https://langcog.stanford.edu/expts/BLL/kiddraw-recognitionRatings/sketches/chair/chair_sketch_8_E1c_1510870628731.png,chair,chair_sketch_8_E1c_1510870628731.png,8,1510870628731.png,TRUE
2029,A18LPAFMK1B06K,banana,https://langcog.stanford.edu/expts/BLL/kiddraw-recognitionRatings/sketches/shoe/shoe_sketch_7_E1c_1510263944688.png,shoe,shoe_sketch_7_E1c_1510263944688.png,7,1510263944688.png,FALSE
2030,A18LPAFMK1B06K,flower,https://langcog.stanford.edu/expts/BLL/kiddraw-recognitionRatings/sketches/foot/foot_sketch_5_E1c_1510256904834.png,foot,foot_sketch_5_E1c_1510256904834.png,5,1510256904834.png,FALSE
2031,A18LPAFMK1B06K,chair,https://langcog.stanford.edu/expts/BLL/kiddraw-recognitionRatings/sketches/cup/cup_sketch_5_E1c_1510870384576.png,cup,cup_sketch_5_E1c_1510870384576.png,5,1510870384576.png,FALSE
2032,A18LPAFMK1B06K,rabbit,https://langcog.stanford.edu/expts/BLL/kiddraw-recognitionRatings/sketches/rabbit/rabbit_sketch_8_E1c_1511293924452.png,rabbit,rabbit_sketch_8_E1c_1511293924452.png,8,1511293924452.png,TRUE
2033,A18LPAFMK1B06K,couch,https://langcog.stanford.edu/expts/BLL/kiddraw-recognitionRatings/sketches/couch/couch_sketch_8_E1c_1510254933095.png,couch,couch_sketch_8_E1c_1510254933095.png,8,1510254933095.png,TRUE
2034,A18LPAFMK1B06K,frog,https://langcog.stanford.edu/expts/BLL/kiddraw-recognitionRatings/sketches/car/car_sketch_6_E1c_1510253415559.png,car,car_sketch_6_E1c_1510253415559.png,6,1510253415559.png,FALSE
2035,A18LPAFMK1B06K,banana,https://langcog.stanford.edu/expts/BLL/kiddraw-recognitionRatings/sketches/banana/banana_sketch_6_E1c_1511292022297.png,banana,banana_sketch_6_E1c_1511292022297.png,6,1511292022297.png,TRUE
2036,A18LPAFMK1B06K,ice cream,https://langcog.stanford.edu/expts/BLL/kiddraw-recognitionRatings/sketches/ice cream/ice cream_sketch_8_E1c_1511300850043.png,ice cream,ice cream_sketch_8_E1c_1511300850043.png,8,1511300850043.png,TRUE
2037,A18LPAFMK1B06K,carrot,https://langcog.stanford.edu/expts/BLL/kiddraw-recognitionRatings/sketches/carrot/carrot_sketch_10_E1c_1511301807087.png,carrot,carrot_sketch_10_E1c_1511301807087.png,10,1511301807087.png,TRUE
2038,A18LPAFMK1B06K,cat,https://langcog.stanford.edu/expts/BLL/kiddraw-recognitionRatings/sketches/cat/cat_sketch_7_E1c_1511301634355.png,cat,cat_sketch_7_E1c_1511301634355.png,7,1511301634355.png,TRUE
2039,A18LPAFMK1B06K,chair,https://langcog.stanford.edu/expts/BLL/kiddraw-recognitionRatings/sketches/chair/chair_sketch_10_E1c_1511293452162.png,chair,chair_sketch_10_E1c_1511293452162.png,10,1511293452162.png,TRUE
2040,A18LPAFMK1B06K,banana,https://langcog.stanford.edu/expts/BLL/kiddraw-recognitionRatings/sketches/banana/banana_sketch_7_E1c_1511301009480.png,banana,banana_sketch_7_E1c_1511301009480.png,7,1511301009480.png,TRUE
2041,A18LPAFMK1B06K,cat,https://langcog.stanford.edu/expts/BLL/kiddraw-recognitionRatings/sketches/cat/cat_sketch_7_E1c_1510870100423.png,cat,cat_sketch_7_E1c_1510870100423.png,7,1510870100423.png,TRUE
2042,A18LPAFMK1B06K,phone,https://langcog.stanford.edu/expts/BLL/kiddraw-recognitionRatings/sketches/phone/phone_sketch_7_E1c_1510263944688.png,phone,phone_sketch_7_E1c_1510263944688.png,7,1510263944688.png,TRUE
2043,A18LPAFMK1B06K,ice cream,https://langcog.stanford.edu/expts/BLL/kiddraw-recognitionRatings/sketches/ice cream/ice cream_sketch_5_E1c_1511301440421.png,ice cream,ice cream_sketch_5_E1c_1511301440421.png,5,1511301440421.png,TRUE
2044,A18LPAFMK1B06K,boat,https://langcog.stanford.edu/expts/BLL/kiddraw-recognitionRatings/sketches/phone/phone_sketch_6_E1c_1510690510319.png,phone,phone_sketch_6_E1c_1510690510319.png,6,1510690510319.png,FALSE
2045,A18LPAFMK1B06K,frog,https://langcog.stanford.edu/expts/BLL/kiddraw-recognitionRatings/sketches/frog/frog_sketch_6_E1c_1510700570912.png,frog,frog_sketch_6_E1c_1510700570912.png,6,1510700570912.png,TRUE
2046,A18LPAFMK1B06K,chair,https://langcog.stanford.edu/expts/BLL/kiddraw-recognitionRatings/sketches/couch/couch_sketch_5_E1c_1510256904834.png,couch,couch_sketch_5_E1c_1510256904834.png,5,1510256904834.png,FALSE
2047,A18LPAFMK1B06K,cat,https://langcog.stanford.edu/expts/BLL/kiddraw-recognitionRatings/sketches/cat/cat_sketch_8_E1c_1511293924452.png,cat,cat_sketch_8_E1c_1511293924452.png,8,1511293924452.png,TRUE
2048,A18LPAFMK1B06K,car,https://langcog.stanford.edu/expts/BLL/kiddraw-recognitionRatings/sketches/train/train_sketch_7_E1c_1510783353272.png,train,train_sketch_7_E1c_1510783353272.png,7,1510783353272.png,FALSE
2049,A18LPAFMK1B06K,carrot,https://langcog.stanford.edu/expts/BLL/kiddraw-recognitionRatings/sketches/foot/foot_sketch_8_E1c_1510254933095.png,foot,foot_sketch_8_E1c_1510254933095.png,8,1510254933095.png,FALSE
2050,A18LPAFMK1B06K,rabbit,https://langcog.stanford.edu/expts/BLL/kiddraw-recognitionRatings/sketches/rabbit/rabbit_sketch_6_E1c_1511293092153.png,rabbit,rabbit_sketch_6_E1c_1511293092153.png,6,1511293092153.png,TRUE
2051,A18LPAFMK1B06K,train,https://langcog.stanford.edu/expts/BLL/kiddraw-recognitionRatings/sketches/train/train_sketch_7_E1c_1510263944688.png,train,train_sketch_7_E1c_1510263944688.png,7,1510263944688.png,TRUE
2052,A18LPAFMK1B06K,cup,https://langcog.stanford.edu/expts/BLL/kiddraw-recognitionRatings/sketches/cup/cup_sketch_8_E1c_1511293924452.png,cup,cup_sketch_8_E1c_1511293924452.png,8,1511293924452.png,TRUE
2053,A18LPAFMK1B06K,ice cream,https://langcog.stanford.edu/expts/BLL/kiddraw-recognitionRatings/sketches/ice cream/ice cream_sketch_7_E1c_1510870100423.png,ice cream,ice cream_sketch_7_E1c_1510870100423.png,7,1510870100423.png,TRUE
2054,A18LPAFMK1B06K,train,https://langcog.stanford.edu/expts/BLL/kiddraw-recognitionRatings/sketches/train/train_sketch_6_E1c_1510782034963.png,train,train_sketch_6_E1c_1510782034963.png,6,1510782034963.png,TRUE
2055,A18LPAFMK1B06K,cat,https://langcog.stanford.edu/expts/BLL/kiddraw-recognitionRatings/sketches/rabbit/rabbit_sketch_9_E1c_1510686242527.png,rabbit,rabbit_sketch_9_E1c_1510686242527.png,9,1510686242527.png,FALSE
2056,A18LPAFMK1B06K,banana,https://langcog.stanford.edu/expts/BLL/kiddraw-recognitionRatings/sketches/banana/banana_sketch_5_E1c_1510253748384.png,banana,banana_sketch_5_E1c_1510253748384.png,5,1510253748384.png,TRUE
2057,A18LPAFMK1B06K,ice cream,https://langcog.stanford.edu/expts/BLL/kiddraw-recognitionRatings/sketches/ice cream/ice cream_sketch_8_E1c_1510787010922.png,ice cream,ice cream_sketch_8_E1c_1510787010922.png,8,1510787010922.png,TRUE
2058,A18LPAFMK1B06K,carrot,https://langcog.stanford.edu/expts/BLL/kiddraw-recognitionRatings/sketches/foot/foot_sketch_4_E1c_1510691847400.png,foot,foot_sketch_4_E1c_1510691847400.png,4,1510691847400.png,FALSE
2059,A18LPAFMK1B06K,cat,https://langcog.stanford.edu/expts/BLL/kiddraw-recognitionRatings/sketches/rabbit/rabbit_sketch_6_E1c_1510253415559.png,rabbit,rabbit_sketch_6_E1c_1510253415559.png,6,1510253415559.png,FALSE
2060,A18LPAFMK1B06K,banana,https://langcog.stanford.edu/expts/BLL/kiddraw-recognitionRatings/sketches/shoe/shoe_sketch_6_E1c_1511292022297.png,shoe,shoe_sketch_6_E1c_1511292022297.png,6,1511292022297.png,FALSE
2061,A18LPAFMK1B06K,boat,https://langcog.stanford.edu/expts/BLL/kiddraw-recognitionRatings/sketches/boat/boat_sketch_6_E1c_1511292286803.png,boat,boat_sketch_6_E1c_1511292286803.png,6,1511292286803.png,TRUE
2062,A18LPAFMK1B06K,flower,https://langcog.stanford.edu/expts/BLL/kiddraw-recognitionRatings/sketches/flower/flower_sketch_8_E1c_1510262448790.png,flower,flower_sketch_8_E1c_1510262448790.png,8,1510262448790.png,TRUE
2063,A18LPAFMK1B06K,chair,https://langcog.stanford.edu/expts/BLL/kiddraw-recognitionRatings/sketches/chair/chair_sketch_10_E1c_1511301807087.png,chair,chair_sketch_10_E1c_1511301807087.png,10,1511301807087.png,TRUE
2064,A18LPAFMK1B06K,carrot,https://langcog.stanford.edu/expts/BLL/kiddraw-recognitionRatings/sketches/carrot/carrot_sketch_8_E1c_1511293754661.png,carrot,carrot_sketch_8_E1c_1511293754661.png,8,1511293754661.png,TRUE
2065,A18LPAFMK1B06K,ice cream,https://langcog.stanford.edu/expts/BLL/kiddraw-recognitionRatings/sketches/ice cream/ice cream_sketch_6_E1c_1511292286803.png,ice cream,ice cream_sketch_6_E1c_1511292286803.png,6,1511292286803.png,TRUE
2066,A18LPAFMK1B06K,cat,https://langcog.stanford.edu/expts/BLL/kiddraw-recognitionRatings/sketches/cat/cat_sketch_10_E1c_1510783638074.png,cat,cat_sketch_10_E1c_1510783638074.png,10,1510783638074.png,TRUE
2067,A18LPAFMK1B06K,cat,https://langcog.stanford.edu/expts/BLL/kiddraw-recognitionRatings/sketches/rabbit/rabbit_sketch_8_E1c_1510690264523.png,rabbit,rabbit_sketch_8_E1c_1510690264523.png,8,1510690264523.png,FALSE
2068,A18LPAFMK1B06K,boat,https://langcog.stanford.edu/expts/BLL/kiddraw-recognitionRatings/sketches/couch/couch_sketch_8_E1c_1510787010922.png,couch,couch_sketch_8_E1c_1510787010922.png,8,1510787010922.png,FALSE
2069,A18LPAFMK1B06K,car,https://langcog.stanford.edu/expts/BLL/kiddraw-recognitionRatings/sketches/car/car_sketch_5_E1c_1510870384576.png,car,car_sketch_5_E1c_1510870384576.png,5,1510870384576.png,TRUE
2070,A18LPAFMK1B06K,flower,https://langcog.stanford.edu/expts/BLL/kiddraw-recognitionRatings/sketches/flower/flower_sketch_10_E1c_1510684833991.png,flower,flower_sketch_10_E1c_1510684833991.png,10,1510684833991.png,TRUE
2071,A18LPAFMK1B06K,foot,https://langcog.stanford.edu/expts/BLL/kiddraw-recognitionRatings/sketches/foot/foot_sketch_6_E1c_1511292022297.png,foot,foot_sketch_6_E1c_1511292022297.png,6,1511292022297.png,TRUE
2072,A18LPAFMK1B06K,cat,https://langcog.stanford.edu/expts/BLL/kiddraw-recognitionRatings/sketches/rabbit/rabbit_sketch_4_E1c_1510691847400.png,rabbit,rabbit_sketch_4_E1c_1510691847400.png,4,1510691847400.png,FALSE
2073,A18LPAFMK1B06K,boat,https://langcog.stanford.edu/expts/BLL/kiddraw-recognitionRatings/sketches/boat/boat_sketch_8_E1c_1511293924452.png,boat,boat_sketch_8_E1c_1511293924452.png,8,1511293924452.png,TRUE
2074,A18LPAFMK1B06K,car,https://langcog.stanford.edu/expts/BLL/kiddraw-recognitionRatings/sketches/car/car_sketch_6_E1c_1510695588717.png,car,car_sketch_6_E1c_1510695588717.png,6,1510695588717.png,TRUE
2075,A18LPAFMK1B06K,rabbit,https://langcog.stanford.edu/expts/BLL/kiddraw-recognitionRatings/sketches/rabbit/rabbit_sketch_6_E1c_1511292022297.png,rabbit,rabbit_sketch_6_E1c_1511292022297.png,6,1511292022297.png,TRUE
2076,A18LPAFMK1B06K,chair,https://langcog.stanford.edu/expts/BLL/kiddraw-recognitionRatings/sketches/chair/chair_sketch_5_E1c_1510786719020.png,chair,chair_sketch_5_E1c_1510786719020.png,5,1510786719020.png,TRUE
2077,A18LPAFMK1B06K,car,https://langcog.stanford.edu/expts/BLL/kiddraw-recognitionRatings/sketches/car/car_sketch_7_E1c_1510783353272.png,car,car_sketch_7_E1c_1510783353272.png,7,1510783353272.png,TRUE
2078,A18LPAFMK1B06K,train,https://langcog.stanford.edu/expts/BLL/kiddraw-recognitionRatings/sketches/train/train_sketch_5_E1c_1510786719020.png,train,train_sketch_5_E1c_1510786719020.png,5,1510786719020.png,TRUE
2079,A18LPAFMK1B06K,person,https://langcog.stanford.edu/expts/BLL/kiddraw-recognitionRatings/sketches/frog/frog_sketch_5_E1c_1510256904834.png,frog,frog_sketch_5_E1c_1510256904834.png,5,1510256904834.png,FALSE
2080,A18LPAFMK1B06K,chair,https://langcog.stanford.edu/expts/BLL/kiddraw-recognitionRatings/sketches/phone/phone_sketch_8_E1c_1510870628731.png,phone,phone_sketch_8_E1c_1510870628731.png,8,1510870628731.png,FALSE
2081,A18LPAFMK1B06K,chair,https://langcog.stanford.edu/expts/BLL/kiddraw-recognitionRatings/sketches/banana/banana_sketch_4_E1c_1510691847400.png,banana,banana_sketch_4_E1c_1510691847400.png,4,1510691847400.png,FALSE
2082,A18LPAFMK1B06K,cat,https://langcog.stanford.edu/expts/BLL/kiddraw-recognitionRatings/sketches/cat/cat_sketch_7_E1c_1510263944688.png,cat,cat_sketch_7_E1c_1510263944688.png,7,1510263944688.png,TRUE
2083,A18LPAFMK1B06K,chair,https://langcog.stanford.edu/expts/BLL/kiddraw-recognitionRatings/sketches/cup/cup_sketch_4_E1c_1510691847400.png,cup,cup_sketch_4_E1c_1510691847400.png,4,1510691847400.png,FALSE
2084,A18LPAFMK1B06K,ice cream,https://langcog.stanford.edu/expts/BLL/kiddraw-recognitionRatings/sketches/ice cream/ice cream_sketch_5_E1c_1510253748384.png,ice cream,ice cream_sketch_5_E1c_1510253748384.png,5,1510253748384.png,TRUE
2085,A18LPAFMK1B06K,foot,https://langcog.stanford.edu/expts/BLL/kiddraw-recognitionRatings/sketches/shoe/shoe_sketch_5_E1c_1510786719020.png,shoe,shoe_sketch_5_E1c_1510786719020.png,5,1510786719020.png,FALSE
2086,A18LPAFMK1B06K,train,https://langcog.stanford.edu/expts/BLL/kiddraw-recognitionRatings/sketches/train/train_sketch_5_E1c_1510253748384.png,train,train_sketch_5_E1c_1510253748384.png,5,1510253748384.png,TRUE
2087,A18LPAFMK1B06K,person,https://langcog.stanford.edu/expts/BLL/kiddraw-recognitionRatings/sketches/flower/flower_sketch_4_E1c_1510691847400.png,flower,flower_sketch_4_E1c_1510691847400.png,4,1510691847400.png,FALSE
2088,A18LPAFMK1B06K,banana,https://langcog.stanford.edu/expts/BLL/kiddraw-recognitionRatings/sketches/banana/banana_sketch_6_E1c_1511292286803.png,banana,banana_sketch_6_E1c_1511292286803.png,6,1511292286803.png,TRUE
2089,A18LPAFMK1B06K,carrot,https://langcog.stanford.edu/expts/BLL/kiddraw-recognitionRatings/sketches/chair/chair_sketch_4_E1c_1510252568116.png,chair,chair_sketch_4_E1c_1510252568116.png,4,1510252568116.png,FALSE
2090,A18LPAFMK1B06K,carrot,https://langcog.stanford.edu/expts/BLL/kiddraw-recognitionRatings/sketches/carrot/carrot_sketch_5_E1c_1510786719020.png,carrot,carrot_sketch_5_E1c_1510786719020.png,5,1510786719020.png,TRUE
2091,A18LPAFMK1B06K,cup,https://langcog.stanford.edu/expts/BLL/kiddraw-recognitionRatings/sketches/cup/cup_sketch_10_E1c_1511301807087.png,cup,cup_sketch_10_E1c_1511301807087.png,10,1511301807087.png,TRUE
2092,A18LPAFMK1B06K,car,https://langcog.stanford.edu/expts/BLL/kiddraw-recognitionRatings/sketches/car/car_sketch_10_E1c_1510684833991.png,car,car_sketch_10_E1c_1510684833991.png,10,1510684833991.png,TRUE
2093,A18LPAFMK1B06K,cat,https://langcog.stanford.edu/expts/BLL/kiddraw-recognitionRatings/sketches/cat/cat_sketch_10_E1c_1510684833991.png,cat,cat_sketch_10_E1c_1510684833991.png,10,1510684833991.png,TRUE
2094,A18LPAFMK1B06K,boat,https://langcog.stanford.edu/expts/BLL/kiddraw-recognitionRatings/sketches/boat/boat_sketch_5_E1c_1510786719020.png,boat,boat_sketch_5_E1c_1510786719020.png,5,1510786719020.png,TRUE
2095,A18LPAFMK1B06K,carrot,https://langcog.stanford.edu/expts/BLL/kiddraw-recognitionRatings/sketches/carrot/carrot_sketch_4_E1c_1510268275436.png,carrot,carrot_sketch_4_E1c_1510268275436.png,4,1510268275436.png,TRUE
2096,A18LPAFMK1B06K,banana,https://langcog.stanford.edu/expts/BLL/kiddraw-recognitionRatings/sketches/phone/phone_sketch_8_E1c_1511300850043.png,phone,phone_sketch_8_E1c_1511300850043.png,8,1511300850043.png,FALSE
2097,A18LPAFMK1B06K,flower,https://langcog.stanford.edu/expts/BLL/kiddraw-recognitionRatings/sketches/foot/foot_sketch_5_E1c_1511301440421.png,foot,foot_sketch_5_E1c_1511301440421.png,5,1511301440421.png,FALSE
2098,A18LPAFMK1B06K,train,https://langcog.stanford.edu/expts/BLL/kiddraw-recognitionRatings/sketches/car/car_sketch_7_E1c_1511301009480.png,car,car_sketch_7_E1c_1511301009480.png,7,1511301009480.png,FALSE
2099,A18LPAFMK1B06K,car,https://langcog.stanford.edu/expts/BLL/kiddraw-recognitionRatings/sketches/couch/couch_sketch_6_E1c_1510783818788.png,couch,couch_sketch_6_E1c_1510783818788.png,6,1510783818788.png,FALSE
2100,A18LPAFMK1B06K,banana,https://langcog.stanford.edu/expts/BLL/kiddraw-recognitionRatings/sketches/banana/banana_sketch_8_E1c_1510870628731.png,banana,banana_sketch_8_E1c_1510870628731.png,8,1510870628731.png,TRUE
2101,A18LPAFMK1B06K,car,https://langcog.stanford.edu/expts/BLL/kiddraw-recognitionRatings/sketches/train/train_sketch_8_E1c_1511300355318.png,train,train_sketch_8_E1c_1511300355318.png,8,1511300355318.png,FALSE
2102,A18LPAFMK1B06K,boat,https://langcog.stanford.edu/expts/BLL/kiddraw-recognitionRatings/sketches/boat/boat_sketch_6_E1c_1510783818788.png,boat,boat_sketch_6_E1c_1510783818788.png,6,1510783818788.png,TRUE
2103,A18LPAFMK1B06K,flower,https://langcog.stanford.edu/expts/BLL/kiddraw-recognitionRatings/sketches/flower/flower_sketch_8_E1c_1510870628731.png,flower,flower_sketch_8_E1c_1510870628731.png,8,1510870628731.png,TRUE
2104,A18LPAFMK1B06K,boat,https://langcog.stanford.edu/expts/BLL/kiddraw-recognitionRatings/sketches/boat/boat_sketch_8_E1c_1510787010922.png,boat,boat_sketch_8_E1c_1510787010922.png,8,1510787010922.png,TRUE
2105,A18LPAFMK1B06K,ice cream,https://langcog.stanford.edu/expts/BLL/kiddraw-recognitionRatings/sketches/ice cream/ice cream_sketch_10_E1c_1510783638074.png,ice cream,ice cream_sketch_10_E1c_1510783638074.png,10,1510783638074.png,TRUE
2106,A18LPAFMK1B06K,boat,https://langcog.stanford.edu/expts/BLL/kiddraw-recognitionRatings/sketches/carrot/carrot_sketch_4_E1c_1510263067113.png,carrot,carrot_sketch_4_E1c_1510263067113.png,4,1510263067113.png,FALSE
2107,A18LPAFMK1B06K,cup,https://langcog.stanford.edu/expts/BLL/kiddraw-recognitionRatings/sketches/cup/cup_sketch_8_E1c_1510690264523.png,cup,cup_sketch_8_E1c_1510690264523.png,8,1510690264523.png,TRUE
2108,A18LPAFMK1B06K,carrot,https://langcog.stanford.edu/expts/BLL/kiddraw-recognitionRatings/sketches/carrot/carrot_sketch_9_E1c_1510689458884.png,carrot,carrot_sketch_9_E1c_1510689458884.png,9,1510689458884.png,TRUE
2109,A18LPAFMK1B06K,boat,https://langcog.stanford.edu/expts/BLL/kiddraw-recognitionRatings/sketches/boat/boat_sketch_8_E1c_1511300355318.png,boat,boat_sketch_8_E1c_1511300355318.png,8,1511300355318.png,TRUE
2110,A18LPAFMK1B06K,foot,https://langcog.stanford.edu/expts/BLL/kiddraw-recognitionRatings/sketches/shoe/shoe_sketch_5_E1c_1510256904834.png,shoe,shoe_sketch_5_E1c_1510256904834.png,5,1510256904834.png,FALSE
2111,A18LPAFMK1B06K,boat,https://langcog.stanford.edu/expts/BLL/kiddraw-recognitionRatings/sketches/phone/phone_sketch_7_E1c_1511301009480.png,phone,phone_sketch_7_E1c_1511301009480.png,7,1511301009480.png,FALSE
2112,A18LPAFMK1B06K,foot,https://langcog.stanford.edu/expts/BLL/kiddraw-recognitionRatings/sketches/shoe/shoe_sketch_6_E1c_1510695588717.png,shoe,shoe_sketch_6_E1c_1510695588717.png,6,1510695588717.png,FALSE
2113,A18LPAFMK1B06K,car,https://langcog.stanford.edu/expts/BLL/kiddraw-recognitionRatings/sketches/car/car_sketch_6_E1c_1510782034963.png,car,car_sketch_6_E1c_1510782034963.png,6,1510782034963.png,TRUE
2114,A18LPAFMK1B06K,cup,https://langcog.stanford.edu/expts/BLL/kiddraw-recognitionRatings/sketches/cup/cup_sketch_8_E1c_1510870628731.png,cup,cup_sketch_8_E1c_1510870628731.png,8,1510870628731.png,TRUE
2115,A18LPAFMK1B06K,carrot,https://langcog.stanford.edu/expts/BLL/kiddraw-recognitionRatings/sketches/carrot/carrot_sketch_7_E1c_1510263944688.png,carrot,carrot_sketch_7_E1c_1510263944688.png,7,1510263944688.png,TRUE
2116,A18LPAFMK1B06K,car,https://langcog.stanford.edu/expts/BLL/kiddraw-recognitionRatings/sketches/shoe/shoe_sketch_6_E1c_1511292286803.png,shoe,shoe_sketch_6_E1c_1511292286803.png,6,1511292286803.png,FALSE
2117,A18LPAFMK1B06K,car,https://langcog.stanford.edu/expts/BLL/kiddraw-recognitionRatings/sketches/carrot/carrot_sketch_5_E1c_1511301440421.png,carrot,carrot_sketch_5_E1c_1511301440421.png,5,1511301440421.png,FALSE
2118,A18LPAFMK1B06K,rabbit,https://langcog.stanford.edu/expts/BLL/kiddraw-recognitionRatings/sketches/rabbit/rabbit_sketch_7_E1c_1510870100423.png,rabbit,rabbit_sketch_7_E1c_1510870100423.png,7,1510870100423.png,TRUE
2119,A18LPAFMK1B06K,couch,https://langcog.stanford.edu/expts/BLL/kiddraw-recognitionRatings/sketches/couch/couch_sketch_6_E1c_1511293092153.png,couch,couch_sketch_6_E1c_1511293092153.png,6,1511293092153.png,TRUE
2120,A18LPAFMK1B06K,chair,https://langcog.stanford.edu/expts/BLL/kiddraw-recognitionRatings/sketches/couch/couch_sketch_8_E1c_1510870628731.png,couch,couch_sketch_8_E1c_1510870628731.png,8,1510870628731.png,FALSE
2121,A18LPAFMK1B06K,person,https://langcog.stanford.edu/expts/BLL/kiddraw-recognitionRatings/sketches/frog/frog_sketch_8_E1c_1510870628731.png,frog,frog_sketch_8_E1c_1510870628731.png,8,1510870628731.png,FALSE
2122,A18LPAFMK1B06K,cup,https://langcog.stanford.edu/expts/BLL/kiddraw-recognitionRatings/sketches/cup/cup_sketch_10_E1c_1511293452162.png,cup,cup_sketch_10_E1c_1511293452162.png,10,1511293452162.png,TRUE
2123,A18LPAFMK1B06K,carrot,https://langcog.stanford.edu/expts/BLL/kiddraw-recognitionRatings/sketches/carrot/carrot_sketch_7_E1c_1511301634355.png,carrot,carrot_sketch_7_E1c_1511301634355.png,7,1511301634355.png,TRUE
2124,A18LPAFMK1B06K,couch,https://langcog.stanford.edu/expts/BLL/kiddraw-recognitionRatings/sketches/couch/couch_sketch_10_E1c_1511301807087.png,couch,couch_sketch_10_E1c_1511301807087.png,10,1511301807087.png,TRUE
2125,A18LPAFMK1B06K,frog,https://langcog.stanford.edu/expts/BLL/kiddraw-recognitionRatings/sketches/frog/frog_sketch_8_E1c_1511293924452.png,frog,frog_sketch_8_E1c_1511293924452.png,8,1511293924452.png,TRUE
2126,A18LPAFMK1B06K,cup,https://langcog.stanford.edu/expts/BLL/kiddraw-recognitionRatings/sketches/cup/cup_sketch_7_E1c_1511301634355.png,cup,cup_sketch_7_E1c_1511301634355.png,7,1511301634355.png,TRUE
2127,A18LPAFMK1B06K,boat,https://langcog.stanford.edu/expts/BLL/kiddraw-recognitionRatings/sketches/boat/boat_sketch_8_E1c_1511292658766.png,boat,boat_sketch_8_E1c_1511292658766.png,8,1511292658766.png,TRUE
2128,A18LPAFMK1B06K,car,https://langcog.stanford.edu/expts/BLL/kiddraw-recognitionRatings/sketches/car/car_sketch_6_E1c_1511293092153.png,car,car_sketch_6_E1c_1511293092153.png,6,1511293092153.png,TRUE
2129,A18LPAFMK1B06K,train,https://langcog.stanford.edu/expts/BLL/kiddraw-recognitionRatings/sketches/couch/couch_sketch_7_E1c_1511301634355.png,couch,couch_sketch_7_E1c_1511301634355.png,7,1511301634355.png,FALSE
2130,A18LPAFMK1B06K,ice cream,https://langcog.stanford.edu/expts/BLL/kiddraw-recognitionRatings/sketches/ice cream/ice cream_sketch_5_E1c_1510870384576.png,ice cream,ice cream_sketch_5_E1c_1510870384576.png,5,1510870384576.png,TRUE
2131,A18LPAFMK1B06K,chair,https://langcog.stanford.edu/expts/BLL/kiddraw-recognitionRatings/sketches/cup/cup_sketch_8_E1c_1511300355318.png,cup,cup_sketch_8_E1c_1511300355318.png,8,1511300355318.png,FALSE
2132,A18LPAFMK1B06K,train,https://langcog.stanford.edu/expts/BLL/kiddraw-recognitionRatings/sketches/train/train_sketch_6_E1c_1510700570912.png,train,train_sketch_6_E1c_1510700570912.png,6,1510700570912.png,TRUE
2133,A18LPAFMK1B06K,train,https://langcog.stanford.edu/expts/BLL/kiddraw-recognitionRatings/sketches/train/train_sketch_8_E1c_1510870628731.png,train,train_sketch_8_E1c_1510870628731.png,8,1510870628731.png,TRUE
2134,A18LPAFMK1B06K,foot,https://langcog.stanford.edu/expts/BLL/kiddraw-recognitionRatings/sketches/foot/foot_sketch_8_E1c_1510262448790.png,foot,foot_sketch_8_E1c_1510262448790.png,8,1510262448790.png,TRUE
2135,A18LPAFMK1B06K,car,https://langcog.stanford.edu/expts/BLL/kiddraw-recognitionRatings/sketches/couch/couch_sketch_8_E1c_1511293754661.png,couch,couch_sketch_8_E1c_1511293754661.png,8,1511293754661.png,FALSE
2136,A18LPAFMK1B06K,rabbit,https://langcog.stanford.edu/expts/BLL/kiddraw-recognitionRatings/sketches/rabbit/rabbit_sketch_8_E1c_1511300355318.png,rabbit,rabbit_sketch_8_E1c_1511300355318.png,8,1511300355318.png,TRUE
2137,A18LPAFMK1B06K,rabbit,https://langcog.stanford.edu/expts/BLL/kiddraw-recognitionRatings/sketches/rabbit/rabbit_sketch_6_E1c_1511292286803.png,rabbit,rabbit_sketch_6_E1c_1511292286803.png,6,1511292286803.png,TRUE
2138,A18LPAFMK1B06K,cup,https://langcog.stanford.edu/expts/BLL/kiddraw-recognitionRatings/sketches/boat/boat_sketch_5_E1c_1510253748384.png,boat,boat_sketch_5_E1c_1510253748384.png,5,1510253748384.png,FALSE
2139,A18LPAFMK1B06K,frog,https://langcog.stanford.edu/expts/BLL/kiddraw-recognitionRatings/sketches/frog/frog_sketch_10_E1c_1511293452162.png,frog,frog_sketch_10_E1c_1511293452162.png,10,1511293452162.png,TRUE
2140,A18LPAFMK1B06K,flower,https://langcog.stanford.edu/expts/BLL/kiddraw-recognitionRatings/sketches/flower/flower_sketch_6_E1c_1510700570912.png,flower,flower_sketch_6_E1c_1510700570912.png,6,1510700570912.png,TRUE
2141,A18LPAFMK1B06K,boat,https://langcog.stanford.edu/expts/BLL/kiddraw-recognitionRatings/sketches/phone/phone_sketch_7_E1c_1510783353272.png,phone,phone_sketch_7_E1c_1510783353272.png,7,1510783353272.png,FALSE
2142,A18LPAFMK1B06K,couch,https://langcog.stanford.edu/expts/BLL/kiddraw-recognitionRatings/sketches/couch/couch_sketch_10_E1c_1510684833991.png,couch,couch_sketch_10_E1c_1510684833991.png,10,1510684833991.png,TRUE
2143,A18LPAFMK1B06K,cat,https://langcog.stanford.edu/expts/BLL/kiddraw-recognitionRatings/sketches/cat/cat_sketch_8_E1c_1511300850043.png,cat,cat_sketch_8_E1c_1511300850043.png,8,1511300850043.png,TRUE
2144,A18LPAFMK1B06K,cat,https://langcog.stanford.edu/expts/BLL/kiddraw-recognitionRatings/sketches/cat/cat_sketch_8_E1c_1510254933095.png,cat,cat_sketch_8_E1c_1510254933095.png,8,1510254933095.png,TRUE
2145,A18LPAFMK1B06K,frog,https://langcog.stanford.edu/expts/BLL/kiddraw-recognitionRatings/sketches/frog/frog_sketch_6_E1c_1511293092153.png,frog,frog_sketch_6_E1c_1511293092153.png,6,1511293092153.png,TRUE
2146,A18LPAFMK1B06K,ice cream,https://langcog.stanford.edu/expts/BLL/kiddraw-recognitionRatings/sketches/ice cream/ice cream_sketch_10_E1c_1510684833991.png,ice cream,ice cream_sketch_10_E1c_1510684833991.png,10,1510684833991.png,TRUE
2147,A18LPAFMK1B06K,bean,https://langcog.stanford.edu/expts/BLL/kiddraw-recognitionRatings/sketches/banana/banana_sketch_8_E1c_1510787010922.png,banana,banana_sketch_8_E1c_1510787010922.png,8,1510787010922.png,FALSE
2148,A18LPAFMK1B06K,chair,https://langcog.stanford.edu/expts/BLL/kiddraw-recognitionRatings/sketches/chair/chair_sketch_7_E1c_1510870100423.png,chair,chair_sketch_7_E1c_1510870100423.png,7,1510870100423.png,TRUE
2149,A18LPAFMK1B06K,carrot,https://langcog.stanford.edu/expts/BLL/kiddraw-recognitionRatings/sketches/carrot/carrot_sketch_6_E1c_1510695588717.png,carrot,carrot_sketch_6_E1c_1510695588717.png,6,1510695588717.png,TRUE
2150,A18LPAFMK1B06K,train,https://langcog.stanford.edu/expts/BLL/kiddraw-recognitionRatings/sketches/train/train_sketch_5_E1c_1510870384576.png,train,train_sketch_5_E1c_1510870384576.png,5,1510870384576.png,TRUE
2151,A18LPAFMK1B06K,carrot,https://langcog.stanford.edu/expts/BLL/kiddraw-recognitionRatings/sketches/carrot/carrot_sketch_7_E1c_1510870100423.png,carrot,carrot_sketch_7_E1c_1510870100423.png,7,1510870100423.png,TRUE
2152,A18LPAFMK1B06K,car,https://langcog.stanford.edu/expts/BLL/kiddraw-recognitionRatings/sketches/car/car_sketch_5_E1c_1511301440421.png,car,car_sketch_5_E1c_1511301440421.png,5,1511301440421.png,TRUE
2153,A18LPAFMK1B06K,car,https://langcog.stanford.edu/expts/BLL/kiddraw-recognitionRatings/sketches/car/car_sketch_10_E1c_1510783638074.png,car,car_sketch_10_E1c_1510783638074.png,10,1510783638074.png,TRUE
2154,A18LPAFMK1B06K,person,https://langcog.stanford.edu/expts/BLL/kiddraw-recognitionRatings/sketches/rabbit/rabbit_sketch_4_E1c_1510263067113.png,rabbit,rabbit_sketch_4_E1c_1510263067113.png,4,1510263067113.png,FALSE
2155,A18LPAFMK1B06K,train,https://langcog.stanford.edu/expts/BLL/kiddraw-recognitionRatings/sketches/train/train_sketch_9_E1c_1510689458884.png,train,train_sketch_9_E1c_1510689458884.png,9,1510689458884.png,TRUE
2156,A18LPAFMK1B06K,chair,https://langcog.stanford.edu/expts/BLL/kiddraw-recognitionRatings/sketches/chair/chair_sketch_8_E1c_1510690264523.png,chair,chair_sketch_8_E1c_1510690264523.png,8,1510690264523.png,TRUE
2157,A18LPAFMK1B06K,cat,https://langcog.stanford.edu/expts/BLL/kiddraw-recognitionRatings/sketches/cat/cat_sketch_10_E1c_1511293452162.png,cat,cat_sketch_10_E1c_1511293452162.png,10,1511293452162.png,TRUE
2158,A18LPAFMK1B06K,flower,https://langcog.stanford.edu/expts/BLL/kiddraw-recognitionRatings/sketches/flower/flower_sketch_8_E1c_1510787010922.png,flower,flower_sketch_8_E1c_1510787010922.png,8,1510787010922.png,TRUE
2159,A18LPAFMK1B06K,flower,https://langcog.stanford.edu/expts/BLL/kiddraw-recognitionRatings/sketches/flower/flower_sketch_7_E1c_1510783353272.png,flower,flower_sketch_7_E1c_1510783353272.png,7,1510783353272.png,TRUE
2160,A18LPAFMK1B06K,cat,https://langcog.stanford.edu/expts/BLL/kiddraw-recognitionRatings/sketches/rabbit/rabbit_sketch_5_E1c_1510786719020.png,rabbit,rabbit_sketch_5_E1c_1510786719020.png,5,1510786719020.png,FALSE
2161,A18LPAFMK1B06K,cat,https://langcog.stanford.edu/expts/BLL/kiddraw-recognitionRatings/sketches/cat/cat_sketch_8_E1c_1510690264523.png,cat,cat_sketch_8_E1c_1510690264523.png,8,1510690264523.png,TRUE
2162,A18LPAFMK1B06K,chair,https://langcog.stanford.edu/expts/BLL/kiddraw-recognitionRatings/sketches/chair/chair_sketch_7_E1c_1510783353272.png,chair,chair_sketch_7_E1c_1510783353272.png,7,1510783353272.png,TRUE
2163,A18LPAFMK1B06K,boat,https://langcog.stanford.edu/expts/BLL/kiddraw-recognitionRatings/sketches/boat/boat_sketch_10_E1c_1510684833991.png,boat,boat_sketch_10_E1c_1510684833991.png,10,1510684833991.png,TRUE
2164,A18LPAFMK1B06K,chair,https://langcog.stanford.edu/expts/BLL/kiddraw-recognitionRatings/sketches/train/train_sketch_4_E1c_1510268275436.png,train,train_sketch_4_E1c_1510268275436.png,4,1510268275436.png,FALSE
2165,A18LPAFMK1B06K,foot,https://langcog.stanford.edu/expts/BLL/kiddraw-recognitionRatings/sketches/shoe/shoe_sketch_10_E1c_1511301807087.png,shoe,shoe_sketch_10_E1c_1511301807087.png,10,1511301807087.png,FALSE
2166,A18LPAFMK1B06K,foot,https://langcog.stanford.edu/expts/BLL/kiddraw-recognitionRatings/sketches/foot/foot_sketch_10_E1c_1510783638074.png,foot,foot_sketch_10_E1c_1510783638074.png,10,1510783638074.png,TRUE
2167,A18LPAFMK1B06K,foot,https://langcog.stanford.edu/expts/BLL/kiddraw-recognitionRatings/sketches/shoe/shoe_sketch_10_E1c_1510255462419.png,shoe,shoe_sketch_10_E1c_1510255462419.png,10,1510255462419.png,FALSE
2168,A18LPAFMK1B06K,foot,https://langcog.stanford.edu/expts/BLL/kiddraw-recognitionRatings/sketches/shoe/shoe_sketch_6_E1c_1510700570912.png,shoe,shoe_sketch_6_E1c_1510700570912.png,6,1510700570912.png,FALSE
2169,A18LPAFMK1B06K,car,https://langcog.stanford.edu/expts/BLL/kiddraw-recognitionRatings/sketches/train/train_sketch_6_E1c_1511293092153.png,train,train_sketch_6_E1c_1511293092153.png,6,1511293092153.png,FALSE
2170,A18LPAFMK1B06K,foot,https://langcog.stanford.edu/expts/BLL/kiddraw-recognitionRatings/sketches/foot/foot_sketch_10_E1c_1510684833991.png,foot,foot_sketch_10_E1c_1510684833991.png,10,1510684833991.png,TRUE
2171,A18LPAFMK1B06K,train,https://langcog.stanford.edu/expts/BLL/kiddraw-recognitionRatings/sketches/train/train_sketch_10_E1c_1510684833991.png,train,train_sketch_10_E1c_1510684833991.png,10,1510684833991.png,TRUE
2172,A18LPAFMK1B06K,chair,https://langcog.stanford.edu/expts/BLL/kiddraw-recognitionRatings/sketches/chair/chair_sketch_6_E1c_1510690510319.png,chair,chair_sketch_6_E1c_1510690510319.png,6,1510690510319.png,TRUE
2173,A18LPAFMK1B06K,cat,https://langcog.stanford.edu/expts/BLL/kiddraw-recognitionRatings/sketches/phone/phone_sketch_5_E1c_1511301440421.png,phone,phone_sketch_5_E1c_1511301440421.png,5,1511301440421.png,FALSE
2174,A18LPAFMK1B06K,person,https://langcog.stanford.edu/expts/BLL/kiddraw-recognitionRatings/sketches/frog/frog_sketch_10_E1c_1510255462419.png,frog,frog_sketch_10_E1c_1510255462419.png,10,1510255462419.png,FALSE
2175,A18LPAFMK1B06K,couch,https://langcog.stanford.edu/expts/BLL/kiddraw-recognitionRatings/sketches/couch/couch_sketch_5_E1c_1510786719020.png,couch,couch_sketch_5_E1c_1510786719020.png,5,1510786719020.png,TRUE
2176,A18LPAFMK1B06K,train,https://langcog.stanford.edu/expts/BLL/kiddraw-recognitionRatings/sketches/train/train_sketch_6_E1c_1510690510319.png,train,train_sketch_6_E1c_1510690510319.png,6,1510690510319.png,TRUE
2177,A18LPAFMK1B06K,cat,https://langcog.stanford.edu/expts/BLL/kiddraw-recognitionRatings/sketches/rabbit/rabbit_sketch_8_E1c_1510254933095.png,rabbit,rabbit_sketch_8_E1c_1510254933095.png,8,1510254933095.png,FALSE
2178,A18LPAFMK1B06K,banana,https://langcog.stanford.edu/expts/BLL/kiddraw-recognitionRatings/sketches/banana/banana_sketch_8_E1c_1511292658766.png,banana,banana_sketch_8_E1c_1511292658766.png,8,1511292658766.png,TRUE
2179,A18LPAFMK1B06K,cat,https://langcog.stanford.edu/expts/BLL/kiddraw-recognitionRatings/sketches/rabbit/rabbit_sketch_10_E1c_1510684833991.png,rabbit,rabbit_sketch_10_E1c_1510684833991.png,10,1510684833991.png,FALSE
2180,A18LPAFMK1B06K,foot,https://langcog.stanford.edu/expts/BLL/kiddraw-recognitionRatings/sketches/foot/foot_sketch_8_E1c_1510690264523.png,foot,foot_sketch_8_E1c_1510690264523.png,8,1510690264523.png,TRUE
2181,A18LPAFMK1B06K,flower,https://langcog.stanford.edu/expts/BLL/kiddraw-recognitionRatings/sketches/flower/flower_sketch_5_E1c_1510253748384.png,flower,flower_sketch_5_E1c_1510253748384.png,5,1510253748384.png,TRUE
2182,A18LPAFMK1B06K,boat,https://langcog.stanford.edu/expts/BLL/kiddraw-recognitionRatings/sketches/couch/couch_sketch_6_E1c_1510695588717.png,couch,couch_sketch_6_E1c_1510695588717.png,6,1510695588717.png,FALSE
2183,A18LPAFMK1B06K,boat,https://langcog.stanford.edu/expts/BLL/kiddraw-recognitionRatings/sketches/phone/phone_sketch_8_E1c_1511293924452.png,phone,phone_sketch_8_E1c_1511293924452.png,8,1511293924452.png,FALSE
2184,A18LPAFMK1B06K,flower,https://langcog.stanford.edu/expts/BLL/kiddraw-recognitionRatings/sketches/flower/flower_sketch_8_E1c_1511293754661.png,flower,flower_sketch_8_E1c_1511293754661.png,8,1511293754661.png,TRUE
2185,A18LPAFMK1B06K,flower,https://langcog.stanford.edu/expts/BLL/kiddraw-recognitionRatings/sketches/flower/flower_sketch_8_E1c_1511293924452.png,flower,flower_sketch_8_E1c_1511293924452.png,8,1511293924452.png,TRUE
2186,A18LPAFMK1B06K,chair,https://langcog.stanford.edu/expts/BLL/kiddraw-recognitionRatings/sketches/chair/chair_sketch_6_E1c_1511292286803.png,chair,chair_sketch_6_E1c_1511292286803.png,6,1511292286803.png,TRUE
2187,A18LPAFMK1B06K,banana,https://langcog.stanford.edu/expts/BLL/kiddraw-recognitionRatings/sketches/banana/banana_sketch_10_E1c_1511293452162.png,banana,banana_sketch_10_E1c_1511293452162.png,10,1511293452162.png,TRUE
2188,A18LPAFMK1B06K,flower,https://langcog.stanford.edu/expts/BLL/kiddraw-recognitionRatings/sketches/frog/frog_sketch_7_E1c_1510263944688.png,frog,frog_sketch_7_E1c_1510263944688.png,7,1510263944688.png,FALSE
2189,A18LPAFMK1B06K,cat,https://langcog.stanford.edu/expts/BLL/kiddraw-recognitionRatings/sketches/cat/cat_sketch_6_E1c_1510700570912.png,cat,cat_sketch_6_E1c_1510700570912.png,6,1510700570912.png,TRUE
2190,A18LPAFMK1B06K,flower,https://langcog.stanford.edu/expts/BLL/kiddraw-recognitionRatings/sketches/flower/flower_sketch_5_E1c_1510786719020.png,flower,flower_sketch_5_E1c_1510786719020.png,5,1510786719020.png,TRUE
2191,A18LPAFMK1B06K,ice cream,https://langcog.stanford.edu/expts/BLL/kiddraw-recognitionRatings/sketches/carrot/carrot_sketch_9_E1c_1510686242527.png,carrot,carrot_sketch_9_E1c_1510686242527.png,9,1510686242527.png,FALSE
2192,A18LPAFMK1B06K,train,https://langcog.stanford.edu/expts/BLL/kiddraw-recognitionRatings/sketches/train/train_sketch_10_E1c_1511293452162.png,train,train_sketch_10_E1c_1511293452162.png,10,1511293452162.png,TRUE
2193,A18LPAFMK1B06K,cup,https://langcog.stanford.edu/expts/BLL/kiddraw-recognitionRatings/sketches/cup/cup_sketch_6_E1c_1510690510319.png,cup,cup_sketch_6_E1c_1510690510319.png,6,1510690510319.png,TRUE
2194,A18LPAFMK1B06K,foot,https://langcog.stanford.edu/expts/BLL/kiddraw-recognitionRatings/sketches/shoe/shoe_sketch_10_E1c_1511293452162.png,shoe,shoe_sketch_10_E1c_1511293452162.png,10,1511293452162.png,FALSE
2195,A18LPAFMK1B06K,bean,https://langcog.stanford.edu/expts/BLL/kiddraw-recognitionRatings/sketches/banana/banana_sketch_5_E1c_1511301440421.png,banana,banana_sketch_5_E1c_1511301440421.png,5,1511301440421.png,FALSE
2196,A18LPAFMK1B06K,flower,https://langcog.stanford.edu/expts/BLL/kiddraw-recognitionRatings/sketches/flower/flower_sketch_8_E1c_1511300850043.png,flower,flower_sketch_8_E1c_1511300850043.png,8,1511300850043.png,TRUE
2197,A18LPAFMK1B06K,person,https://langcog.stanford.edu/expts/BLL/kiddraw-recognitionRatings/sketches/frog/frog_sketch_8_E1c_1510787010922.png,frog,frog_sketch_8_E1c_1510787010922.png,8,1510787010922.png,FALSE
2198,A18LPAFMK1B06K,train,https://langcog.stanford.edu/expts/BLL/kiddraw-recognitionRatings/sketches/car/car_sketch_5_E1c_1510786719020.png,car,car_sketch_5_E1c_1510786719020.png,5,1510786719020.png,FALSE
2199,A18LPAFMK1B06K,foot,https://langcog.stanford.edu/expts/BLL/kiddraw-recognitionRatings/sketches/cup/cup_sketch_10_E1c_1510255462419.png,cup,cup_sketch_10_E1c_1510255462419.png,10,1510255462419.png,FALSE
2200,A18LPAFMK1B06K,cat,https://langcog.stanford.edu/expts/BLL/kiddraw-recognitionRatings/sketches/rabbit/rabbit_sketch_7_E1c_1511301009480.png,rabbit,rabbit_sketch_7_E1c_1511301009480.png,7,1511301009480.png,FALSE
2201,A18LPAFMK1B06K,boat,https://langcog.stanford.edu/expts/BLL/kiddraw-recognitionRatings/sketches/boat/boat_sketch_6_E1c_1510700570912.png,boat,boat_sketch_6_E1c_1510700570912.png,6,1510700570912.png,TRUE
2202,A18LPAFMK1B06K,ice cream,https://langcog.stanford.edu/expts/BLL/kiddraw-recognitionRatings/sketches/ice cream/ice cream_sketch_8_E1c_1511293754661.png,ice cream,ice cream_sketch_8_E1c_1511293754661.png,8,1511293754661.png,TRUE
2203,A18LPAFMK1B06K,ice cream,https://langcog.stanford.edu/expts/BLL/kiddraw-recognitionRatings/sketches/ice cream/ice cream_sketch_8_E1c_1510262448790.png,ice cream,ice cream_sketch_8_E1c_1510262448790.png,8,1510262448790.png,TRUE
2204,A18LPAFMK1B06K,car,https://langcog.stanford.edu/expts/BLL/kiddraw-recognitionRatings/sketches/car/car_sketch_8_E1c_1511293924452.png,car,car_sketch_8_E1c_1511293924452.png,8,1511293924452.png,TRUE
2205,A18LPAFMK1B06K,chair,https://langcog.stanford.edu/expts/BLL/kiddraw-recognitionRatings/sketches/shoe/shoe_sketch_8_E1c_1511300355318.png,shoe,shoe_sketch_8_E1c_1511300355318.png,8,1511300355318.png,FALSE
2206,A18LPAFMK1B06K,flower,https://langcog.stanford.edu/expts/BLL/kiddraw-recognitionRatings/sketches/foot/foot_sketch_5_E1c_1510258311547.png,foot,foot_sketch_5_E1c_1510258311547.png,5,1510258311547.png,FALSE
2207,A18LPAFMK1B06K,person,https://langcog.stanford.edu/expts/BLL/kiddraw-recognitionRatings/sketches/frog/frog_sketch_8_E1c_1510262448790.png,frog,frog_sketch_8_E1c_1510262448790.png,8,1510262448790.png,FALSE
2208,A18LPAFMK1B06K,ice cream,https://langcog.stanford.edu/expts/BLL/kiddraw-recognitionRatings/sketches/ice cream/ice cream_sketch_8_E1c_1510254933095.png,ice cream,ice cream_sketch_8_E1c_1510254933095.png,8,1510254933095.png,TRUE
2209,A18LPAFMK1B06K,car,https://langcog.stanford.edu/expts/BLL/kiddraw-recognitionRatings/sketches/car/car_sketch_6_E1c_1511292022297.png,car,car_sketch_6_E1c_1511292022297.png,6,1511292022297.png,TRUE
2210,A18LPAFMK1B06K,cat,https://langcog.stanford.edu/expts/BLL/kiddraw-recognitionRatings/sketches/cat/cat_sketch_8_E1c_1510787010922.png,cat,cat_sketch_8_E1c_1510787010922.png,8,1510787010922.png,TRUE
2211,A18LPAFMK1B06K,chair,https://langcog.stanford.edu/expts/BLL/kiddraw-recognitionRatings/sketches/chair/chair_sketch_8_E1c_1511293924452.png,chair,chair_sketch_8_E1c_1511293924452.png,8,1511293924452.png,TRUE
2212,A18LPAFMK1B06K,frog,https://langcog.stanford.edu/expts/BLL/kiddraw-recognitionRatings/sketches/frog/frog_sketch_10_E1c_1510684833991.png,frog,frog_sketch_10_E1c_1510684833991.png,10,1510684833991.png,TRUE
2213,A18LPAFMK1B06K,flower,https://langcog.stanford.edu/expts/BLL/kiddraw-recognitionRatings/sketches/cup/cup_sketch_5_E1c_1510258311547.png,cup,cup_sketch_5_E1c_1510258311547.png,5,1510258311547.png,FALSE
2214,A18LPAFMK1B06K,train,https://langcog.stanford.edu/expts/BLL/kiddraw-recognitionRatings/sketches/train/train_sketch_10_E1c_1511301807087.png,train,train_sketch_10_E1c_1511301807087.png,10,1511301807087.png,TRUE
2215,A18LPAFMK1B06K,frog,https://langcog.stanford.edu/expts/BLL/kiddraw-recognitionRatings/sketches/frog/frog_sketch_8_E1c_1510690264523.png,frog,frog_sketch_8_E1c_1510690264523.png,8,1510690264523.png,TRUE
2216,A18LPAFMK1B06K,frog,https://langcog.stanford.edu/expts/BLL/kiddraw-recognitionRatings/sketches/boat/boat_sketch_8_E1c_1510870628731.png,boat,boat_sketch_8_E1c_1510870628731.png,8,1510870628731.png,FALSE
2217,A18LPAFMK1B06K,carrot,https://langcog.stanford.edu/expts/BLL/kiddraw-recognitionRatings/sketches/frog/frog_sketch_5_E1c_1510258311547.png,frog,frog_sketch_5_E1c_1510258311547.png,5,1510258311547.png,FALSE
2218,A18LPAFMK1B06K,rabbit,https://langcog.stanford.edu/expts/BLL/kiddraw-recognitionRatings/sketches/rabbit/rabbit_sketch_8_E1c_1510870628731.png,rabbit,rabbit_sketch_8_E1c_1510870628731.png,8,1510870628731.png,TRUE
2219,A18LPAFMK1B06K,flower,https://langcog.stanford.edu/expts/BLL/kiddraw-recognitionRatings/sketches/flower/flower_sketch_10_E1c_1511293452162.png,flower,flower_sketch_10_E1c_1511293452162.png,10,1511293452162.png,TRUE
2220,A18LPAFMK1B06K,train,https://langcog.stanford.edu/expts/BLL/kiddraw-recognitionRatings/sketches/train/train_sketch_6_E1c_1510783818788.png,train,train_sketch_6_E1c_1510783818788.png,6,1510783818788.png,TRUE
2221,A18LPAFMK1B06K,car,https://langcog.stanford.edu/expts/BLL/kiddraw-recognitionRatings/sketches/car/car_sketch_8_E1c_1510787010922.png,car,car_sketch_8_E1c_1510787010922.png,8,1510787010922.png,TRUE
2222,A18LPAFMK1B06K,boat,https://langcog.stanford.edu/expts/BLL/kiddraw-recognitionRatings/sketches/train/train_sketch_8_E1c_1510787010922.png,train,train_sketch_8_E1c_1510787010922.png,8,1510787010922.png,FALSE
2223,A18LPAFMK1B06K,flower,https://langcog.stanford.edu/expts/BLL/kiddraw-recognitionRatings/sketches/flower/flower_sketch_10_E1c_1510783638074.png,flower,flower_sketch_10_E1c_1510783638074.png,10,1510783638074.png,TRUE
2224,A18LPAFMK1B06K,bean,https://langcog.stanford.edu/expts/BLL/kiddraw-recognitionRatings/sketches/shoe/shoe_sketch_8_E1c_1510787010922.png,shoe,shoe_sketch_8_E1c_1510787010922.png,8,1510787010922.png,FALSE
2225,A18LPAFMK1B06K,banana,https://langcog.stanford.edu/expts/BLL/kiddraw-recognitionRatings/sketches/banana/banana_sketch_6_E1c_1510782034963.png,banana,banana_sketch_6_E1c_1510782034963.png,6,1510782034963.png,TRUE
2226,A18LPAFMK1B06K,rabbit,https://langcog.stanford.edu/expts/BLL/kiddraw-recognitionRatings/sketches/shoe/shoe_sketch_5_E1c_1510870384576.png,shoe,shoe_sketch_5_E1c_1510870384576.png,5,1510870384576.png,FALSE
2227,A18LPAFMK1B06K,flower,https://langcog.stanford.edu/expts/BLL/kiddraw-recognitionRatings/sketches/foot/foot_sketch_4_E1c_1510252568116.png,foot,foot_sketch_4_E1c_1510252568116.png,4,1510252568116.png,FALSE
2228,A18LPAFMK1B06K,cup,https://langcog.stanford.edu/expts/BLL/kiddraw-recognitionRatings/sketches/cup/cup_sketch_6_E1c_1510695588717.png,cup,cup_sketch_6_E1c_1510695588717.png,6,1510695588717.png,TRUE
2229,A18LPAFMK1B06K,foot,https://langcog.stanford.edu/expts/BLL/kiddraw-recognitionRatings/sketches/shoe/shoe_sketch_8_E1c_1510870628731.png,shoe,shoe_sketch_8_E1c_1510870628731.png,8,1510870628731.png,FALSE
2230,A18LPAFMK1B06K,flower,https://langcog.stanford.edu/expts/BLL/kiddraw-recognitionRatings/sketches/flower/flower_sketch_7_E1c_1510870100423.png,flower,flower_sketch_7_E1c_1510870100423.png,7,1510870100423.png,TRUE
2231,A18LPAFMK1B06K,boat,https://langcog.stanford.edu/expts/BLL/kiddraw-recognitionRatings/sketches/boat/boat_sketch_10_E1c_1511293452162.png,boat,boat_sketch_10_E1c_1511293452162.png,10,1511293452162.png,TRUE
2232,A18LPAFMK1B06K,boat,https://langcog.stanford.edu/expts/BLL/kiddraw-recognitionRatings/sketches/train/train_sketch_5_E1c_1510258311547.png,train,train_sketch_5_E1c_1510258311547.png,5,1510258311547.png,FALSE
2233,A18LPAFMK1B06K,banana,https://langcog.stanford.edu/expts/BLL/kiddraw-recognitionRatings/sketches/banana/banana_sketch_10_E1c_1510684833991.png,banana,banana_sketch_10_E1c_1510684833991.png,10,1510684833991.png,TRUE
2234,A18LPAFMK1B06K,frog,https://langcog.stanford.edu/expts/BLL/kiddraw-recognitionRatings/sketches/frog/frog_sketch_6_E1c_1510782034963.png,frog,frog_sketch_6_E1c_1510782034963.png,6,1510782034963.png,TRUE
2235,A18LPAFMK1B06K,carrot,https://langcog.stanford.edu/expts/BLL/kiddraw-recognitionRatings/sketches/carrot/carrot_sketch_8_E1c_1510254933095.png,carrot,carrot_sketch_8_E1c_1510254933095.png,8,1510254933095.png,TRUE
2236,A18LPAFMK1B06K,rabbit,https://langcog.stanford.edu/expts/BLL/kiddraw-recognitionRatings/sketches/rabbit/rabbit_sketch_5_E1c_1510256904834.png,rabbit,rabbit_sketch_5_E1c_1510256904834.png,5,1510256904834.png,TRUE
2237,A18LPAFMK1B06K,flower,https://langcog.stanford.edu/expts/BLL/kiddraw-recognitionRatings/sketches/boat/boat_sketch_4_E1c_1510263067113.png,boat,boat_sketch_4_E1c_1510263067113.png,4,1510263067113.png,FALSE
2238,A18LPAFMK1B06K,banana,https://langcog.stanford.edu/expts/BLL/kiddraw-recognitionRatings/sketches/banana/banana_sketch_5_E1c_1510786719020.png,banana,banana_sketch_5_E1c_1510786719020.png,5,1510786719020.png,TRUE
2239,A18LPAFMK1B06K,boat,https://langcog.stanford.edu/expts/BLL/kiddraw-recognitionRatings/sketches/phone/phone_sketch_10_E1c_1511293452162.png,phone,phone_sketch_10_E1c_1511293452162.png,10,1511293452162.png,FALSE
2240,A18LPAFMK1B06K,foot,https://langcog.stanford.edu/expts/BLL/kiddraw-recognitionRatings/sketches/foot/foot_sketch_8_E1c_1510787010922.png,foot,foot_sketch_8_E1c_1510787010922.png,8,1510787010922.png,TRUE
2241,A18LPAFMK1B06K,ice cream,https://langcog.stanford.edu/expts/BLL/kiddraw-recognitionRatings/sketches/ice cream/ice cream_sketch_6_E1c_1510700570912.png,ice cream,ice cream_sketch_6_E1c_1510700570912.png,6,1510700570912.png,TRUE
2242,A18LPAFMK1B06K,boat,https://langcog.stanford.edu/expts/BLL/kiddraw-recognitionRatings/sketches/phone/phone_sketch_6_E1c_1510783818788.png,phone,phone_sketch_6_E1c_1510783818788.png,6,1510783818788.png,FALSE
2243,A18LPAFMK1B06K,carrot,https://langcog.stanford.edu/expts/BLL/kiddraw-recognitionRatings/sketches/carrot/carrot_sketch_8_E1c_1511300850043.png,carrot,carrot_sketch_8_E1c_1511300850043.png,8,1511300850043.png,TRUE
2244,A18LPAFMK1B06K,couch,https://langcog.stanford.edu/expts/BLL/kiddraw-recognitionRatings/sketches/shoe/shoe_sketch_8_E1c_1510254933095.png,shoe,shoe_sketch_8_E1c_1510254933095.png,8,1510254933095.png,FALSE
2245,A18LPAFMK1B06K,phone,https://langcog.stanford.edu/expts/BLL/kiddraw-recognitionRatings/sketches/phone/phone_sketch_10_E1c_1510783638074.png,phone,phone_sketch_10_E1c_1510783638074.png,10,1510783638074.png,TRUE
2246,A18LPAFMK1B06K,chair,https://langcog.stanford.edu/expts/BLL/kiddraw-recognitionRatings/sketches/chair/chair_sketch_8_E1c_1510254933095.png,chair,chair_sketch_8_E1c_1510254933095.png,8,1510254933095.png,TRUE
2247,A18LPAFMK1B06K,flower,https://langcog.stanford.edu/expts/BLL/kiddraw-recognitionRatings/sketches/flower/flower_sketch_8_E1c_1511300355318.png,flower,flower_sketch_8_E1c_1511300355318.png,8,1511300355318.png,TRUE
2248,A18LPAFMK1B06K,boat,https://langcog.stanford.edu/expts/BLL/kiddraw-recognitionRatings/sketches/car/car_sketch_4_E1c_1510263067113.png,car,car_sketch_4_E1c_1510263067113.png,4,1510263067113.png,FALSE
2249,A18LPAFMK1B06K,flower,https://langcog.stanford.edu/expts/BLL/kiddraw-recognitionRatings/sketches/flower/flower_sketch_9_E1c_1510689458884.png,flower,flower_sketch_9_E1c_1510689458884.png,9,1510689458884.png,TRUE
2250,A18LPAFMK1B06K,carrot,https://langcog.stanford.edu/expts/BLL/kiddraw-recognitionRatings/sketches/carrot/carrot_sketch_10_E1c_1510684833991.png,carrot,carrot_sketch_10_E1c_1510684833991.png,10,1510684833991.png,TRUE
2251,A18LPAFMK1B06K,banana,https://langcog.stanford.edu/expts/BLL/kiddraw-recognitionRatings/sketches/banana/banana_sketch_8_E1c_1510254933095.png,banana,banana_sketch_8_E1c_1510254933095.png,8,1510254933095.png,TRUE
2252,A18LPAFMK1B06K,carrot,https://langcog.stanford.edu/expts/BLL/kiddraw-recognitionRatings/sketches/ice cream/ice cream_sketch_4_E1c_1510691847400.png,ice cream,ice cream_sketch_4_E1c_1510691847400.png,4,1510691847400.png,FALSE
2253,A18LPAFMK1B06K,car,https://langcog.stanford.edu/expts/BLL/kiddraw-recognitionRatings/sketches/car/car_sketch_8_E1c_1511293754661.png,car,car_sketch_8_E1c_1511293754661.png,8,1511293754661.png,TRUE
2254,A18LPAFMK1B06K,cat,https://langcog.stanford.edu/expts/BLL/kiddraw-recognitionRatings/sketches/rabbit/rabbit_sketch_10_E1c_1511293452162.png,rabbit,rabbit_sketch_10_E1c_1511293452162.png,10,1511293452162.png,FALSE
2255,A18LPAFMK1B06K,car,https://langcog.stanford.edu/expts/BLL/kiddraw-recognitionRatings/sketches/car/car_sketch_8_E1c_1510254933095.png,car,car_sketch_8_E1c_1510254933095.png,8,1510254933095.png,TRUE
2256,A18LPAFMK1B06K,phone,https://langcog.stanford.edu/expts/BLL/kiddraw-recognitionRatings/sketches/phone/phone_sketch_8_E1c_1510690264523.png,phone,phone_sketch_8_E1c_1510690264523.png,8,1510690264523.png,TRUE
2257,A18LPAFMK1B06K,chair,https://langcog.stanford.edu/expts/BLL/kiddraw-recognitionRatings/sketches/chair/chair_sketch_6_E1c_1511293092153.png,chair,chair_sketch_6_E1c_1511293092153.png,6,1511293092153.png,TRUE
2258,A18LPAFMK1B06K,ice cream,https://langcog.stanford.edu/expts/BLL/kiddraw-recognitionRatings/sketches/chair/chair_sketch_4_E1c_1510268275436.png,chair,chair_sketch_4_E1c_1510268275436.png,4,1510268275436.png,FALSE
2259,A18LPAFMK1B06K,train,https://langcog.stanford.edu/expts/BLL/kiddraw-recognitionRatings/sketches/train/train_sketch_6_E1c_1510253415559.png,train,train_sketch_6_E1c_1510253415559.png,6,1510253415559.png,TRUE
2260,A18LPAFMK1B06K,chair,https://langcog.stanford.edu/expts/BLL/kiddraw-recognitionRatings/sketches/chair/chair_sketch_10_E1c_1510684833991.png,chair,chair_sketch_10_E1c_1510684833991.png,10,1510684833991.png,TRUE
2261,A18LPAFMK1B06K,ice cream,https://langcog.stanford.edu/expts/BLL/kiddraw-recognitionRatings/sketches/ice cream/ice cream_sketch_6_E1c_1510690510319.png,ice cream,ice cream_sketch_6_E1c_1510690510319.png,6,1510690510319.png,TRUE
2262,A18LPAFMK1B06K,cup,https://langcog.stanford.edu/expts/BLL/kiddraw-recognitionRatings/sketches/cup/cup_sketch_9_E1c_1510689458884.png,cup,cup_sketch_9_E1c_1510689458884.png,9,1510689458884.png,TRUE
2263,A18LPAFMK1B06K,bean,https://langcog.stanford.edu/expts/BLL/kiddraw-recognitionRatings/sketches/banana/banana_sketch_8_E1c_1511300355318.png,banana,banana_sketch_8_E1c_1511300355318.png,8,1511300355318.png,FALSE
2264,A18LPAFMK1B06K,phone,https://langcog.stanford.edu/expts/BLL/kiddraw-recognitionRatings/sketches/phone/phone_sketch_6_E1c_1510782034963.png,phone,phone_sketch_6_E1c_1510782034963.png,6,1510782034963.png,TRUE
2265,A18LPAFMK1B06K,ice cream,https://langcog.stanford.edu/expts/BLL/kiddraw-recognitionRatings/sketches/ice cream/ice cream_sketch_7_E1c_1511301634355.png,ice cream,ice cream_sketch_7_E1c_1511301634355.png,7,1511301634355.png,TRUE
2266,A18LPAFMK1B06K,boat,https://langcog.stanford.edu/expts/BLL/kiddraw-recognitionRatings/sketches/boat/boat_sketch_7_E1c_1511301009480.png,boat,boat_sketch_7_E1c_1511301009480.png,7,1511301009480.png,TRUE
2267,A18LPAFMK1B06K,flower,https://langcog.stanford.edu/expts/BLL/kiddraw-recognitionRatings/sketches/flower/flower_sketch_7_E1c_1511301009480.png,flower,flower_sketch_7_E1c_1511301009480.png,7,1511301009480.png,TRUE
2268,A18LPAFMK1B06K,car,https://langcog.stanford.edu/expts/BLL/kiddraw-recognitionRatings/sketches/car/car_sketch_6_E1c_1510690510319.png,car,car_sketch_6_E1c_1510690510319.png,6,1510690510319.png,TRUE
2269,A18LPAFMK1B06K,phone,https://langcog.stanford.edu/expts/BLL/kiddraw-recognitionRatings/sketches/phone/phone_sketch_7_E1c_1511301634355.png,phone,phone_sketch_7_E1c_1511301634355.png,7,1511301634355.png,TRUE
2270,A18LPAFMK1B06K,car,https://langcog.stanford.edu/expts/BLL/kiddraw-recognitionRatings/sketches/couch/couch_sketch_5_E1c_1510258311547.png,couch,couch_sketch_5_E1c_1510258311547.png,5,1510258311547.png,FALSE
2271,A18LPAFMK1B06K,cup,https://langcog.stanford.edu/expts/BLL/kiddraw-recognitionRatings/sketches/cup/cup_sketch_8_E1c_1510787010922.png,cup,cup_sketch_8_E1c_1510787010922.png,8,1510787010922.png,TRUE
2272,A18LPAFMK1B06K,boat,https://langcog.stanford.edu/expts/BLL/kiddraw-recognitionRatings/sketches/boat/boat_sketch_9_E1c_1510686242527.png,boat,boat_sketch_9_E1c_1510686242527.png,9,1510686242527.png,TRUE
2273,A18LPAFMK1B06K,person,https://langcog.stanford.edu/expts/BLL/kiddraw-recognitionRatings/sketches/ice cream/ice cream_sketch_8_E1c_1511300355318.png,ice cream,ice cream_sketch_8_E1c_1511300355318.png,8,1511300355318.png,FALSE
2274,A18LPAFMK1B06K,chair,https://langcog.stanford.edu/expts/BLL/kiddraw-recognitionRatings/sketches/chair/chair_sketch_5_E1c_1510870384576.png,chair,chair_sketch_5_E1c_1510870384576.png,5,1510870384576.png,TRUE
2275,A18LPAFMK1B06K,chair,https://langcog.stanford.edu/expts/BLL/kiddraw-recognitionRatings/sketches/chair/chair_sketch_5_E1c_1511301440421.png,chair,chair_sketch_5_E1c_1511301440421.png,5,1511301440421.png,TRUE
2276,A18LPAFMK1B06K,phone,https://langcog.stanford.edu/expts/BLL/kiddraw-recognitionRatings/sketches/phone/phone_sketch_10_E1c_1510684833991.png,phone,phone_sketch_10_E1c_1510684833991.png,10,1510684833991.png,TRUE
2277,A18LPAFMK1B06K,cat,https://langcog.stanford.edu/expts/BLL/kiddraw-recognitionRatings/sketches/rabbit/rabbit_sketch_6_E1c_1510783818788.png,rabbit,rabbit_sketch_6_E1c_1510783818788.png,6,1510783818788.png,FALSE
2278,A18LPAFMK1B06K,chair,https://langcog.stanford.edu/expts/BLL/kiddraw-recognitionRatings/sketches/chair/chair_sketch_6_E1c_1510783818788.png,chair,chair_sketch_6_E1c_1510783818788.png,6,1510783818788.png,TRUE
2279,A18LPAFMK1B06K,train,https://langcog.stanford.edu/expts/BLL/kiddraw-recognitionRatings/sketches/train/train_sketch_6_E1c_1511292286803.png,train,train_sketch_6_E1c_1511292286803.png,6,1511292286803.png,TRUE
2280,A18LPAFMK1B06K,phone,https://langcog.stanford.edu/expts/BLL/kiddraw-recognitionRatings/sketches/phone/phone_sketch_7_E1c_1510870100423.png,phone,phone_sketch_7_E1c_1510870100423.png,7,1510870100423.png,TRUE
2281,A18LPAFMK1B06K,cat,https://langcog.stanford.edu/expts/BLL/kiddraw-recognitionRatings/sketches/cat/cat_sketch_8_E1c_1511292658766.png,cat,cat_sketch_8_E1c_1511292658766.png,8,1511292658766.png,TRUE
2282,A18LPAFMK1B06K,carrot,https://langcog.stanford.edu/expts/BLL/kiddraw-recognitionRatings/sketches/carrot/carrot_sketch_10_E1c_1511293452162.png,carrot,carrot_sketch_10_E1c_1511293452162.png,10,1511293452162.png,TRUE
2283,A18LPAFMK1B06K,foot,https://langcog.stanford.edu/expts/BLL/kiddraw-recognitionRatings/sketches/shoe/shoe_sketch_7_E1c_1511301634355.png,shoe,shoe_sketch_7_E1c_1511301634355.png,7,1511301634355.png,FALSE
2284,A18LPAFMK1B06K,phone,https://langcog.stanford.edu/expts/BLL/kiddraw-recognitionRatings/sketches/couch/couch_sketch_6_E1c_1511292022297.png,couch,couch_sketch_6_E1c_1511292022297.png,6,1511292022297.png,FALSE
2285,A18LPAFMK1B06K,foot,https://langcog.stanford.edu/expts/BLL/kiddraw-recognitionRatings/sketches/foot/foot_sketch_8_E1c_1511293754661.png,foot,foot_sketch_8_E1c_1511293754661.png,8,1511293754661.png,TRUE
2286,A18LPAFMK1B06K,cat,https://langcog.stanford.edu/expts/BLL/kiddraw-recognitionRatings/sketches/boat/boat_sketch_5_E1c_1510258311547.png,boat,boat_sketch_5_E1c_1510258311547.png,5,1510258311547.png,FALSE
2287,A18LPAFMK1B06K,foot,https://langcog.stanford.edu/expts/BLL/kiddraw-recognitionRatings/sketches/shoe/shoe_sketch_8_E1c_1510262448790.png,shoe,shoe_sketch_8_E1c_1510262448790.png,8,1510262448790.png,FALSE
2288,A18LPAFMK1B06K,banana,https://langcog.stanford.edu/expts/BLL/kiddraw-recognitionRatings/sketches/cup/cup_sketch_8_E1c_1510254933095.png,cup,cup_sketch_8_E1c_1510254933095.png,8,1510254933095.png,FALSE
2289,A8TIL9U6YHG5,flower,https://langcog.stanford.edu/expts/BLL/kiddraw-recognitionRatings/sketches/flower/flower_sketch_8_E1c_1510262448790.png,flower,flower_sketch_8_E1c_1510262448790.png,8,1510262448790.png,TRUE
2290,A8TIL9U6YHG5,boat,https://langcog.stanford.edu/expts/BLL/kiddraw-recognitionRatings/sketches/boat/boat_sketch_10_E1c_1511293452162.png,boat,boat_sketch_10_E1c_1511293452162.png,10,1511293452162.png,TRUE
2291,A8TIL9U6YHG5,phone,https://langcog.stanford.edu/expts/BLL/kiddraw-recognitionRatings/sketches/carrot/carrot_sketch_10_E1c_1510684833991.png,carrot,carrot_sketch_10_E1c_1510684833991.png,10,1510684833991.png,FALSE
2292,A8TIL9U6YHG5,ice cream,https://langcog.stanford.edu/expts/BLL/kiddraw-recognitionRatings/sketches/carrot/carrot_sketch_10_E1c_1511301807087.png,carrot,carrot_sketch_10_E1c_1511301807087.png,10,1511301807087.png,FALSE
2293,A8TIL9U6YHG5,car,https://langcog.stanford.edu/expts/BLL/kiddraw-recognitionRatings/sketches/shoe/shoe_sketch_6_E1c_1510695588717.png,shoe,shoe_sketch_6_E1c_1510695588717.png,6,1510695588717.png,FALSE
2294,A8TIL9U6YHG5,flower,https://langcog.stanford.edu/expts/BLL/kiddraw-recognitionRatings/sketches/flower/flower_sketch_8_E1c_1511293754661.png,flower,flower_sketch_8_E1c_1511293754661.png,8,1511293754661.png,TRUE
2295,A8TIL9U6YHG5,cat,https://langcog.stanford.edu/expts/BLL/kiddraw-recognitionRatings/sketches/banana/banana_sketch_6_E1c_1511293092153.png,banana,banana_sketch_6_E1c_1511293092153.png,6,1511293092153.png,FALSE
2296,A8TIL9U6YHG5,frog,https://langcog.stanford.edu/expts/BLL/kiddraw-recognitionRatings/sketches/frog/frog_sketch_8_E1c_1510690264523.png,frog,frog_sketch_8_E1c_1510690264523.png,8,1510690264523.png,TRUE
2297,A8TIL9U6YHG5,chair,https://langcog.stanford.edu/expts/BLL/kiddraw-recognitionRatings/sketches/chair/chair_sketch_5_E1c_1510870384576.png,chair,chair_sketch_5_E1c_1510870384576.png,5,1510870384576.png,TRUE
2298,A8TIL9U6YHG5,boat,https://langcog.stanford.edu/expts/BLL/kiddraw-recognitionRatings/sketches/chair/chair_sketch_8_E1c_1510870628731.png,chair,chair_sketch_8_E1c_1510870628731.png,8,1510870628731.png,FALSE
2299,A8TIL9U6YHG5,ice cream,https://langcog.stanford.edu/expts/BLL/kiddraw-recognitionRatings/sketches/ice cream/ice cream_sketch_7_E1c_1510870100423.png,ice cream,ice cream_sketch_7_E1c_1510870100423.png,7,1510870100423.png,TRUE
2300,A8TIL9U6YHG5,ice cream,https://langcog.stanford.edu/expts/BLL/kiddraw-recognitionRatings/sketches/ice cream/ice cream_sketch_5_E1c_1510870384576.png,ice cream,ice cream_sketch_5_E1c_1510870384576.png,5,1510870384576.png,TRUE
2301,A8TIL9U6YHG5,boat,https://langcog.stanford.edu/expts/BLL/kiddraw-recognitionRatings/sketches/shoe/shoe_sketch_5_E1c_1510786719020.png,shoe,shoe_sketch_5_E1c_1510786719020.png,5,1510786719020.png,FALSE
2302,A8TIL9U6YHG5,chair,https://langcog.stanford.edu/expts/BLL/kiddraw-recognitionRatings/sketches/frog/frog_sketch_8_E1c_1511293924452.png,frog,frog_sketch_8_E1c_1511293924452.png,8,1511293924452.png,FALSE
2303,A8TIL9U6YHG5,car,https://langcog.stanford.edu/expts/BLL/kiddraw-recognitionRatings/sketches/car/car_sketch_8_E1c_1511293924452.png,car,car_sketch_8_E1c_1511293924452.png,8,1511293924452.png,TRUE
2304,A8TIL9U6YHG5,car,https://langcog.stanford.edu/expts/BLL/kiddraw-recognitionRatings/sketches/train/train_sketch_10_E1c_1511301807087.png,train,train_sketch_10_E1c_1511301807087.png,10,1511301807087.png,FALSE
2305,A8TIL9U6YHG5,car,https://langcog.stanford.edu/expts/BLL/kiddraw-recognitionRatings/sketches/train/train_sketch_7_E1c_1510783353272.png,train,train_sketch_7_E1c_1510783353272.png,7,1510783353272.png,FALSE
2306,A8TIL9U6YHG5,car,https://langcog.stanford.edu/expts/BLL/kiddraw-recognitionRatings/sketches/car/car_sketch_6_E1c_1510782034963.png,car,car_sketch_6_E1c_1510782034963.png,6,1510782034963.png,TRUE
2307,A8TIL9U6YHG5,ice cream,https://langcog.stanford.edu/expts/BLL/kiddraw-recognitionRatings/sketches/ice cream/ice cream_sketch_8_E1c_1511293754661.png,ice cream,ice cream_sketch_8_E1c_1511293754661.png,8,1511293754661.png,TRUE
2308,A8TIL9U6YHG5,chair,https://langcog.stanford.edu/expts/BLL/kiddraw-recognitionRatings/sketches/chair/chair_sketch_8_E1c_1510254933095.png,chair,chair_sketch_8_E1c_1510254933095.png,8,1510254933095.png,TRUE
2309,A8TIL9U6YHG5,cat,https://langcog.stanford.edu/expts/BLL/kiddraw-recognitionRatings/sketches/banana/banana_sketch_5_E1c_1510253748384.png,banana,banana_sketch_5_E1c_1510253748384.png,5,1510253748384.png,FALSE
2310,A8TIL9U6YHG5,ice cream,https://langcog.stanford.edu/expts/BLL/kiddraw-recognitionRatings/sketches/frog/frog_sketch_5_E1c_1510258311547.png,frog,frog_sketch_5_E1c_1510258311547.png,5,1510258311547.png,FALSE
2311,A8TIL9U6YHG5,phone,https://langcog.stanford.edu/expts/BLL/kiddraw-recognitionRatings/sketches/phone/phone_sketch_6_E1c_1510690510319.png,phone,phone_sketch_6_E1c_1510690510319.png,6,1510690510319.png,TRUE
2312,A8TIL9U6YHG5,ice cream,https://langcog.stanford.edu/expts/BLL/kiddraw-recognitionRatings/sketches/ice cream/ice cream_sketch_8_E1c_1510262448790.png,ice cream,ice cream_sketch_8_E1c_1510262448790.png,8,1510262448790.png,TRUE
2313,A8TIL9U6YHG5,chair,https://langcog.stanford.edu/expts/BLL/kiddraw-recognitionRatings/sketches/chair/chair_sketch_5_E1c_1510253748384.png,chair,chair_sketch_5_E1c_1510253748384.png,5,1510253748384.png,TRUE
2314,A8TIL9U6YHG5,chair,https://langcog.stanford.edu/expts/BLL/kiddraw-recognitionRatings/sketches/cup/cup_sketch_5_E1c_1510258311547.png,cup,cup_sketch_5_E1c_1510258311547.png,5,1510258311547.png,FALSE
2315,A8TIL9U6YHG5,chair,https://langcog.stanford.edu/expts/BLL/kiddraw-recognitionRatings/sketches/chair/chair_sketch_7_E1c_1510870100423.png,chair,chair_sketch_7_E1c_1510870100423.png,7,1510870100423.png,TRUE
2316,A8TIL9U6YHG5,flower,https://langcog.stanford.edu/expts/BLL/kiddraw-recognitionRatings/sketches/boat/boat_sketch_9_E1c_1510686242527.png,boat,boat_sketch_9_E1c_1510686242527.png,9,1510686242527.png,FALSE
2317,A8TIL9U6YHG5,bean,https://langcog.stanford.edu/expts/BLL/kiddraw-recognitionRatings/sketches/shoe/shoe_sketch_5_E1c_1510256904834.png,shoe,shoe_sketch_5_E1c_1510256904834.png,5,1510256904834.png,FALSE
2318,A8TIL9U6YHG5,car,https://langcog.stanford.edu/expts/BLL/kiddraw-recognitionRatings/sketches/car/car_sketch_10_E1c_1510783638074.png,car,car_sketch_10_E1c_1510783638074.png,10,1510783638074.png,TRUE
2319,A8TIL9U6YHG5,frog,https://langcog.stanford.edu/expts/BLL/kiddraw-recognitionRatings/sketches/foot/foot_sketch_8_E1c_1510254933095.png,foot,foot_sketch_8_E1c_1510254933095.png,8,1510254933095.png,FALSE
2320,A8TIL9U6YHG5,train,https://langcog.stanford.edu/expts/BLL/kiddraw-recognitionRatings/sketches/train/train_sketch_10_E1c_1511293452162.png,train,train_sketch_10_E1c_1511293452162.png,10,1511293452162.png,TRUE
2321,A8TIL9U6YHG5,boat,https://langcog.stanford.edu/expts/BLL/kiddraw-recognitionRatings/sketches/car/car_sketch_8_E1c_1510254933095.png,car,car_sketch_8_E1c_1510254933095.png,8,1510254933095.png,FALSE
2322,A8TIL9U6YHG5,ice cream,https://langcog.stanford.edu/expts/BLL/kiddraw-recognitionRatings/sketches/ice cream/ice cream_sketch_6_E1c_1510690510319.png,ice cream,ice cream_sketch_6_E1c_1510690510319.png,6,1510690510319.png,TRUE
2323,A8TIL9U6YHG5,arm,https://langcog.stanford.edu/expts/BLL/kiddraw-recognitionRatings/sketches/couch/couch_sketch_6_E1c_1510695588717.png,couch,couch_sketch_6_E1c_1510695588717.png,6,1510695588717.png,FALSE
2324,A8TIL9U6YHG5,ice cream,https://langcog.stanford.edu/expts/BLL/kiddraw-recognitionRatings/sketches/carrot/carrot_sketch_7_E1c_1511301634355.png,carrot,carrot_sketch_7_E1c_1511301634355.png,7,1511301634355.png,FALSE
2325,A8TIL9U6YHG5,flower,https://langcog.stanford.edu/expts/BLL/kiddraw-recognitionRatings/sketches/flower/flower_sketch_8_E1c_1511300355318.png,flower,flower_sketch_8_E1c_1511300355318.png,8,1511300355318.png,TRUE
2326,A8TIL9U6YHG5,rabbit,https://langcog.stanford.edu/expts/BLL/kiddraw-recognitionRatings/sketches/rabbit/rabbit_sketch_7_E1c_1510870100423.png,rabbit,rabbit_sketch_7_E1c_1510870100423.png,7,1510870100423.png,TRUE
2327,A8TIL9U6YHG5,phone,https://langcog.stanford.edu/expts/BLL/kiddraw-recognitionRatings/sketches/phone/phone_sketch_7_E1c_1511301009480.png,phone,phone_sketch_7_E1c_1511301009480.png,7,1511301009480.png,TRUE
2328,A8TIL9U6YHG5,flower,https://langcog.stanford.edu/expts/BLL/kiddraw-recognitionRatings/sketches/foot/foot_sketch_8_E1c_1510262448790.png,foot,foot_sketch_8_E1c_1510262448790.png,8,1510262448790.png,FALSE
2329,A8TIL9U6YHG5,flower,https://langcog.stanford.edu/expts/BLL/kiddraw-recognitionRatings/sketches/flower/flower_sketch_7_E1c_1510783353272.png,flower,flower_sketch_7_E1c_1510783353272.png,7,1510783353272.png,TRUE
2330,A8TIL9U6YHG5,ice cream,https://langcog.stanford.edu/expts/BLL/kiddraw-recognitionRatings/sketches/carrot/carrot_sketch_8_E1c_1511300850043.png,carrot,carrot_sketch_8_E1c_1511300850043.png,8,1511300850043.png,FALSE
2331,A8TIL9U6YHG5,ice cream,https://langcog.stanford.edu/expts/BLL/kiddraw-recognitionRatings/sketches/ice cream/ice cream_sketch_5_E1c_1510253748384.png,ice cream,ice cream_sketch_5_E1c_1510253748384.png,5,1510253748384.png,TRUE
2332,A8TIL9U6YHG5,flower,https://langcog.stanford.edu/expts/BLL/kiddraw-recognitionRatings/sketches/shoe/shoe_sketch_10_E1c_1510255462419.png,shoe,shoe_sketch_10_E1c_1510255462419.png,10,1510255462419.png,FALSE
2333,A8TIL9U6YHG5,person,https://langcog.stanford.edu/expts/BLL/kiddraw-recognitionRatings/sketches/chair/chair_sketch_8_E1c_1510787010922.png,chair,chair_sketch_8_E1c_1510787010922.png,8,1510787010922.png,FALSE
2334,A8TIL9U6YHG5,flower,https://langcog.stanford.edu/expts/BLL/kiddraw-recognitionRatings/sketches/foot/foot_sketch_10_E1c_1510684833991.png,foot,foot_sketch_10_E1c_1510684833991.png,10,1510684833991.png,FALSE
2335,A8TIL9U6YHG5,ice cream,https://langcog.stanford.edu/expts/BLL/kiddraw-recognitionRatings/sketches/ice cream/ice cream_sketch_5_E1c_1511301440421.png,ice cream,ice cream_sketch_5_E1c_1511301440421.png,5,1511301440421.png,TRUE
2336,A8TIL9U6YHG5,person,https://langcog.stanford.edu/expts/BLL/kiddraw-recognitionRatings/sketches/frog/frog_sketch_10_E1c_1510255462419.png,frog,frog_sketch_10_E1c_1510255462419.png,10,1510255462419.png,FALSE
2337,A8TIL9U6YHG5,ice cream,https://langcog.stanford.edu/expts/BLL/kiddraw-recognitionRatings/sketches/ice cream/ice cream_sketch_8_E1c_1510787010922.png,ice cream,ice cream_sketch_8_E1c_1510787010922.png,8,1510787010922.png,TRUE
2338,A8TIL9U6YHG5,boat,https://langcog.stanford.edu/expts/BLL/kiddraw-recognitionRatings/sketches/couch/couch_sketch_5_E1c_1510258311547.png,couch,couch_sketch_5_E1c_1510258311547.png,5,1510258311547.png,FALSE
2339,A8TIL9U6YHG5,cat,https://langcog.stanford.edu/expts/BLL/kiddraw-recognitionRatings/sketches/rabbit/rabbit_sketch_10_E1c_1511293452162.png,rabbit,rabbit_sketch_10_E1c_1511293452162.png,10,1511293452162.png,FALSE
2340,A8TIL9U6YHG5,boat,https://langcog.stanford.edu/expts/BLL/kiddraw-recognitionRatings/sketches/car/car_sketch_4_E1c_1510263067113.png,car,car_sketch_4_E1c_1510263067113.png,4,1510263067113.png,FALSE
2341,A8TIL9U6YHG5,train,https://langcog.stanford.edu/expts/BLL/kiddraw-recognitionRatings/sketches/train/train_sketch_8_E1c_1510870628731.png,train,train_sketch_8_E1c_1510870628731.png,8,1510870628731.png,TRUE
2342,A8TIL9U6YHG5,flower,https://langcog.stanford.edu/expts/BLL/kiddraw-recognitionRatings/sketches/shoe/shoe_sketch_6_E1c_1511292022297.png,shoe,shoe_sketch_6_E1c_1511292022297.png,6,1511292022297.png,FALSE
2343,A8TIL9U6YHG5,cat,https://langcog.stanford.edu/expts/BLL/kiddraw-recognitionRatings/sketches/rabbit/rabbit_sketch_6_E1c_1511292286803.png,rabbit,rabbit_sketch_6_E1c_1511292286803.png,6,1511292286803.png,FALSE
2344,A8TIL9U6YHG5,cat,https://langcog.stanford.edu/expts/BLL/kiddraw-recognitionRatings/sketches/rabbit/rabbit_sketch_8_E1c_1511300850043.png,rabbit,rabbit_sketch_8_E1c_1511300850043.png,8,1511300850043.png,FALSE
2345,A8TIL9U6YHG5,ice cream,https://langcog.stanford.edu/expts/BLL/kiddraw-recognitionRatings/sketches/ice cream/ice cream_sketch_10_E1c_1510783638074.png,ice cream,ice cream_sketch_10_E1c_1510783638074.png,10,1510783638074.png,TRUE
2346,A8TIL9U6YHG5,person,https://langcog.stanford.edu/expts/BLL/kiddraw-recognitionRatings/sketches/rabbit/rabbit_sketch_8_E1c_1511293924452.png,rabbit,rabbit_sketch_8_E1c_1511293924452.png,8,1511293924452.png,FALSE
2347,A8TIL9U6YHG5,carrot,https://langcog.stanford.edu/expts/BLL/kiddraw-recognitionRatings/sketches/carrot/carrot_sketch_6_E1c_1510695588717.png,carrot,carrot_sketch_6_E1c_1510695588717.png,6,1510695588717.png,TRUE
2348,A8TIL9U6YHG5,bean,https://langcog.stanford.edu/expts/BLL/kiddraw-recognitionRatings/sketches/rabbit/rabbit_sketch_6_E1c_1511292022297.png,rabbit,rabbit_sketch_6_E1c_1511292022297.png,6,1511292022297.png,FALSE
2349,A8TIL9U6YHG5,boat,https://langcog.stanford.edu/expts/BLL/kiddraw-recognitionRatings/sketches/boat/boat_sketch_10_E1c_1511301807087.png,boat,boat_sketch_10_E1c_1511301807087.png,10,1511301807087.png,TRUE
2350,A8TIL9U6YHG5,boat,https://langcog.stanford.edu/expts/BLL/kiddraw-recognitionRatings/sketches/boat/boat_sketch_7_E1c_1511301009480.png,boat,boat_sketch_7_E1c_1511301009480.png,7,1511301009480.png,TRUE
2351,A8TIL9U6YHG5,flower,https://langcog.stanford.edu/expts/BLL/kiddraw-recognitionRatings/sketches/flower/flower_sketch_6_E1c_1510700570912.png,flower,flower_sketch_6_E1c_1510700570912.png,6,1510700570912.png,TRUE
2352,A8TIL9U6YHG5,boat,https://langcog.stanford.edu/expts/BLL/kiddraw-recognitionRatings/sketches/boat/boat_sketch_5_E1c_1510258311547.png,boat,boat_sketch_5_E1c_1510258311547.png,5,1510258311547.png,TRUE
2353,A8TIL9U6YHG5,boat,https://langcog.stanford.edu/expts/BLL/kiddraw-recognitionRatings/sketches/train/train_sketch_5_E1c_1510258311547.png,train,train_sketch_5_E1c_1510258311547.png,5,1510258311547.png,FALSE
2354,A8TIL9U6YHG5,arm,https://langcog.stanford.edu/expts/BLL/kiddraw-recognitionRatings/sketches/banana/banana_sketch_8_E1c_1510870628731.png,banana,banana_sketch_8_E1c_1510870628731.png,8,1510870628731.png,FALSE
2355,A8TIL9U6YHG5,flower,https://langcog.stanford.edu/expts/BLL/kiddraw-recognitionRatings/sketches/boat/boat_sketch_4_E1c_1510263067113.png,boat,boat_sketch_4_E1c_1510263067113.png,4,1510263067113.png,FALSE
2356,A8TIL9U6YHG5,rabbit,https://langcog.stanford.edu/expts/BLL/kiddraw-recognitionRatings/sketches/rabbit/rabbit_sketch_8_E1c_1510870628731.png,rabbit,rabbit_sketch_8_E1c_1510870628731.png,8,1510870628731.png,TRUE
2357,A8TIL9U6YHG5,chair,https://langcog.stanford.edu/expts/BLL/kiddraw-recognitionRatings/sketches/couch/couch_sketch_6_E1c_1510783818788.png,couch,couch_sketch_6_E1c_1510783818788.png,6,1510783818788.png,FALSE
2358,A8TIL9U6YHG5,phone,https://langcog.stanford.edu/expts/BLL/kiddraw-recognitionRatings/sketches/phone/phone_sketch_7_E1c_1510870100423.png,phone,phone_sketch_7_E1c_1510870100423.png,7,1510870100423.png,TRUE
2359,A8TIL9U6YHG5,cup,https://langcog.stanford.edu/expts/BLL/kiddraw-recognitionRatings/sketches/cup/cup_sketch_8_E1c_1510690264523.png,cup,cup_sketch_8_E1c_1510690264523.png,8,1510690264523.png,TRUE
2360,A8TIL9U6YHG5,cat,https://langcog.stanford.edu/expts/BLL/kiddraw-recognitionRatings/sketches/cat/cat_sketch_10_E1c_1510783638074.png,cat,cat_sketch_10_E1c_1510783638074.png,10,1510783638074.png,TRUE
2361,A8TIL9U6YHG5,cat,https://langcog.stanford.edu/expts/BLL/kiddraw-recognitionRatings/sketches/rabbit/rabbit_sketch_5_E1c_1510786719020.png,rabbit,rabbit_sketch_5_E1c_1510786719020.png,5,1510786719020.png,FALSE
2362,A8TIL9U6YHG5,phone,https://langcog.stanford.edu/expts/BLL/kiddraw-recognitionRatings/sketches/phone/phone_sketch_7_E1c_1510783353272.png,phone,phone_sketch_7_E1c_1510783353272.png,7,1510783353272.png,TRUE
2363,A8TIL9U6YHG5,car,https://langcog.stanford.edu/expts/BLL/kiddraw-recognitionRatings/sketches/banana/banana_sketch_6_E1c_1511292286803.png,banana,banana_sketch_6_E1c_1511292286803.png,6,1511292286803.png,FALSE
2364,A8TIL9U6YHG5,chair,https://langcog.stanford.edu/expts/BLL/kiddraw-recognitionRatings/sketches/chair/chair_sketch_5_E1c_1511301440421.png,chair,chair_sketch_5_E1c_1511301440421.png,5,1511301440421.png,TRUE
2365,A8TIL9U6YHG5,cup,https://langcog.stanford.edu/expts/BLL/kiddraw-recognitionRatings/sketches/cup/cup_sketch_8_E1c_1510870628731.png,cup,cup_sketch_8_E1c_1510870628731.png,8,1510870628731.png,TRUE
2366,A8TIL9U6YHG5,phone,https://langcog.stanford.edu/expts/BLL/kiddraw-recognitionRatings/sketches/cup/cup_sketch_6_E1c_1510690510319.png,cup,cup_sketch_6_E1c_1510690510319.png,6,1510690510319.png,FALSE
2367,A8TIL9U6YHG5,ice cream,https://langcog.stanford.edu/expts/BLL/kiddraw-recognitionRatings/sketches/carrot/carrot_sketch_5_E1c_1510786719020.png,carrot,carrot_sketch_5_E1c_1510786719020.png,5,1510786719020.png,FALSE
2368,A8TIL9U6YHG5,train,https://langcog.stanford.edu/expts/BLL/kiddraw-recognitionRatings/sketches/train/train_sketch_6_E1c_1510690510319.png,train,train_sketch_6_E1c_1510690510319.png,6,1510690510319.png,TRUE
2369,A8TIL9U6YHG5,flower,https://langcog.stanford.edu/expts/BLL/kiddraw-recognitionRatings/sketches/flower/flower_sketch_10_E1c_1510783638074.png,flower,flower_sketch_10_E1c_1510783638074.png,10,1510783638074.png,TRUE
2370,A8TIL9U6YHG5,ice cream,https://langcog.stanford.edu/expts/BLL/kiddraw-recognitionRatings/sketches/carrot/carrot_sketch_9_E1c_1510686242527.png,carrot,carrot_sketch_9_E1c_1510686242527.png,9,1510686242527.png,FALSE
2371,A8TIL9U6YHG5,cat,https://langcog.stanford.edu/expts/BLL/kiddraw-recognitionRatings/sketches/cat/cat_sketch_10_E1c_1511293452162.png,cat,cat_sketch_10_E1c_1511293452162.png,10,1511293452162.png,TRUE
2372,A8TIL9U6YHG5,carrot,https://langcog.stanford.edu/expts/BLL/kiddraw-recognitionRatings/sketches/carrot/carrot_sketch_10_E1c_1511293452162.png,carrot,carrot_sketch_10_E1c_1511293452162.png,10,1511293452162.png,TRUE
2373,A8TIL9U6YHG5,phone,https://langcog.stanford.edu/expts/BLL/kiddraw-recognitionRatings/sketches/phone/phone_sketch_6_E1c_1510783818788.png,phone,phone_sketch_6_E1c_1510783818788.png,6,1510783818788.png,TRUE
2374,A8TIL9U6YHG5,phone,https://langcog.stanford.edu/expts/BLL/kiddraw-recognitionRatings/sketches/phone/phone_sketch_8_E1c_1510690264523.png,phone,phone_sketch_8_E1c_1510690264523.png,8,1510690264523.png,TRUE
2375,A8TIL9U6YHG5,cat,https://langcog.stanford.edu/expts/BLL/kiddraw-recognitionRatings/sketches/carrot/carrot_sketch_4_E1c_1510263067113.png,carrot,carrot_sketch_4_E1c_1510263067113.png,4,1510263067113.png,FALSE
2376,A8TIL9U6YHG5,phone,https://langcog.stanford.edu/expts/BLL/kiddraw-recognitionRatings/sketches/phone/phone_sketch_7_E1c_1510263944688.png,phone,phone_sketch_7_E1c_1510263944688.png,7,1510263944688.png,TRUE
2377,A8TIL9U6YHG5,cup,https://langcog.stanford.edu/expts/BLL/kiddraw-recognitionRatings/sketches/cup/cup_sketch_9_E1c_1510689458884.png,cup,cup_sketch_9_E1c_1510689458884.png,9,1510689458884.png,TRUE
2378,A8TIL9U6YHG5,cup,https://langcog.stanford.edu/expts/BLL/kiddraw-recognitionRatings/sketches/cup/cup_sketch_6_E1c_1510695588717.png,cup,cup_sketch_6_E1c_1510695588717.png,6,1510695588717.png,TRUE
2379,A8TIL9U6YHG5,chair,https://langcog.stanford.edu/expts/BLL/kiddraw-recognitionRatings/sketches/rabbit/rabbit_sketch_5_E1c_1510256904834.png,rabbit,rabbit_sketch_5_E1c_1510256904834.png,5,1510256904834.png,FALSE
2380,A8TIL9U6YHG5,phone,https://langcog.stanford.edu/expts/BLL/kiddraw-recognitionRatings/sketches/phone/phone_sketch_8_E1c_1510254933095.png,phone,phone_sketch_8_E1c_1510254933095.png,8,1510254933095.png,TRUE
2381,A8TIL9U6YHG5,ice cream,https://langcog.stanford.edu/expts/BLL/kiddraw-recognitionRatings/sketches/carrot/carrot_sketch_8_E1c_1511293754661.png,carrot,carrot_sketch_8_E1c_1511293754661.png,8,1511293754661.png,FALSE
2382,A8TIL9U6YHG5,banana,https://langcog.stanford.edu/expts/BLL/kiddraw-recognitionRatings/sketches/shoe/shoe_sketch_7_E1c_1510263944688.png,shoe,shoe_sketch_7_E1c_1510263944688.png,7,1510263944688.png,FALSE
2383,A8TIL9U6YHG5,chair,https://langcog.stanford.edu/expts/BLL/kiddraw-recognitionRatings/sketches/chair/chair_sketch_10_E1c_1510684833991.png,chair,chair_sketch_10_E1c_1510684833991.png,10,1510684833991.png,TRUE
2384,A8TIL9U6YHG5,cat,https://langcog.stanford.edu/expts/BLL/kiddraw-recognitionRatings/sketches/cat/cat_sketch_10_E1c_1510684833991.png,cat,cat_sketch_10_E1c_1510684833991.png,10,1510684833991.png,TRUE
2385,A8TIL9U6YHG5,car,https://langcog.stanford.edu/expts/BLL/kiddraw-recognitionRatings/sketches/car/car_sketch_6_E1c_1510253415559.png,car,car_sketch_6_E1c_1510253415559.png,6,1510253415559.png,TRUE
2386,A8TIL9U6YHG5,banana,https://langcog.stanford.edu/expts/BLL/kiddraw-recognitionRatings/sketches/banana/banana_sketch_8_E1c_1510254933095.png,banana,banana_sketch_8_E1c_1510254933095.png,8,1510254933095.png,TRUE
2387,A8TIL9U6YHG5,flower,https://langcog.stanford.edu/expts/BLL/kiddraw-recognitionRatings/sketches/flower/flower_sketch_8_E1c_1511293924452.png,flower,flower_sketch_8_E1c_1511293924452.png,8,1511293924452.png,TRUE
2388,A8TIL9U6YHG5,shoe,https://langcog.stanford.edu/expts/BLL/kiddraw-recognitionRatings/sketches/carrot/carrot_sketch_5_E1c_1511301440421.png,carrot,carrot_sketch_5_E1c_1511301440421.png,5,1511301440421.png,FALSE
2389,A8TIL9U6YHG5,flower,https://langcog.stanford.edu/expts/BLL/kiddraw-recognitionRatings/sketches/flower/flower_sketch_7_E1c_1510870100423.png,flower,flower_sketch_7_E1c_1510870100423.png,7,1510870100423.png,TRUE
2390,A8TIL9U6YHG5,car,https://langcog.stanford.edu/expts/BLL/kiddraw-recognitionRatings/sketches/car/car_sketch_5_E1c_1510870384576.png,car,car_sketch_5_E1c_1510870384576.png,5,1510870384576.png,TRUE
2391,A8TIL9U6YHG5,banana,https://langcog.stanford.edu/expts/BLL/kiddraw-recognitionRatings/sketches/frog/frog_sketch_8_E1c_1510787010922.png,frog,frog_sketch_8_E1c_1510787010922.png,8,1510787010922.png,FALSE
2392,A8TIL9U6YHG5,cat,https://langcog.stanford.edu/expts/BLL/kiddraw-recognitionRatings/sketches/cat/cat_sketch_8_E1c_1511300850043.png,cat,cat_sketch_8_E1c_1511300850043.png,8,1511300850043.png,TRUE
2393,A8TIL9U6YHG5,flower,https://langcog.stanford.edu/expts/BLL/kiddraw-recognitionRatings/sketches/frog/frog_sketch_8_E1c_1511293754661.png,frog,frog_sketch_8_E1c_1511293754661.png,8,1511293754661.png,FALSE
2394,A8TIL9U6YHG5,train,https://langcog.stanford.edu/expts/BLL/kiddraw-recognitionRatings/sketches/train/train_sketch_6_E1c_1511293092153.png,train,train_sketch_6_E1c_1511293092153.png,6,1511293092153.png,TRUE
2395,A8TIL9U6YHG5,cat,https://langcog.stanford.edu/expts/BLL/kiddraw-recognitionRatings/sketches/cat/cat_sketch_8_E1c_1510254933095.png,cat,cat_sketch_8_E1c_1510254933095.png,8,1510254933095.png,TRUE
2396,A8TIL9U6YHG5,chair,https://langcog.stanford.edu/expts/BLL/kiddraw-recognitionRatings/sketches/chair/chair_sketch_6_E1c_1510783818788.png,chair,chair_sketch_6_E1c_1510783818788.png,6,1510783818788.png,TRUE
2397,A8TIL9U6YHG5,arm,https://langcog.stanford.edu/expts/BLL/kiddraw-recognitionRatings/sketches/flower/flower_sketch_7_E1c_1511301009480.png,flower,flower_sketch_7_E1c_1511301009480.png,7,1511301009480.png,FALSE
2398,A8TIL9U6YHG5,cup,https://langcog.stanford.edu/expts/BLL/kiddraw-recognitionRatings/sketches/cup/cup_sketch_8_E1c_1511300355318.png,cup,cup_sketch_8_E1c_1511300355318.png,8,1511300355318.png,TRUE
2399,A8TIL9U6YHG5,boat,https://langcog.stanford.edu/expts/BLL/kiddraw-recognitionRatings/sketches/boat/boat_sketch_6_E1c_1510695588717.png,boat,boat_sketch_6_E1c_1510695588717.png,6,1510695588717.png,TRUE
2400,A8TIL9U6YHG5,shoe,https://langcog.stanford.edu/expts/BLL/kiddraw-recognitionRatings/sketches/foot/foot_sketch_6_E1c_1511292286803.png,foot,foot_sketch_6_E1c_1511292286803.png,6,1511292286803.png,FALSE
2401,A8TIL9U6YHG5,person,https://langcog.stanford.edu/expts/BLL/kiddraw-recognitionRatings/sketches/carrot/carrot_sketch_4_E1c_1510268275436.png,carrot,carrot_sketch_4_E1c_1510268275436.png,4,1510268275436.png,FALSE
2402,A8TIL9U6YHG5,cannott tell at all,https://langcog.stanford.edu/expts/BLL/kiddraw-recognitionRatings/sketches/chair/chair_sketch_5_E1c_1510786719020.png,chair,chair_sketch_5_E1c_1510786719020.png,5,1510786719020.png,FALSE
2403,A8TIL9U6YHG5,cat,https://langcog.stanford.edu/expts/BLL/kiddraw-recognitionRatings/sketches/cat/cat_sketch_8_E1c_1510870628731.png,cat,cat_sketch_8_E1c_1510870628731.png,8,1510870628731.png,TRUE
2404,A8TIL9U6YHG5,cannott tell at all,https://langcog.stanford.edu/expts/BLL/kiddraw-recognitionRatings/sketches/frog/frog_sketch_7_E1c_1510263944688.png,frog,frog_sketch_7_E1c_1510263944688.png,7,1510263944688.png,FALSE
2405,A8TIL9U6YHG5,ice cream,https://langcog.stanford.edu/expts/BLL/kiddraw-recognitionRatings/sketches/carrot/carrot_sketch_10_E1c_1510255462419.png,carrot,carrot_sketch_10_E1c_1510255462419.png,10,1510255462419.png,FALSE
2406,A8TIL9U6YHG5,ice cream,https://langcog.stanford.edu/expts/BLL/kiddraw-recognitionRatings/sketches/ice cream/ice cream_sketch_10_E1c_1510684833991.png,ice cream,ice cream_sketch_10_E1c_1510684833991.png,10,1510684833991.png,TRUE
2407,A8TIL9U6YHG5,ice cream,https://langcog.stanford.edu/expts/BLL/kiddraw-recognitionRatings/sketches/ice cream/ice cream_sketch_7_E1c_1511301634355.png,ice cream,ice cream_sketch_7_E1c_1511301634355.png,7,1511301634355.png,TRUE
2408,A8TIL9U6YHG5,train,https://langcog.stanford.edu/expts/BLL/kiddraw-recognitionRatings/sketches/banana/banana_sketch_4_E1c_1510691847400.png,banana,banana_sketch_4_E1c_1510691847400.png,4,1510691847400.png,FALSE
2409,A8TIL9U6YHG5,phone,https://langcog.stanford.edu/expts/BLL/kiddraw-recognitionRatings/sketches/phone/phone_sketch_6_E1c_1510782034963.png,phone,phone_sketch_6_E1c_1510782034963.png,6,1510782034963.png,TRUE
2410,A8TIL9U6YHG5,car,https://langcog.stanford.edu/expts/BLL/kiddraw-recognitionRatings/sketches/car/car_sketch_6_E1c_1511292022297.png,car,car_sketch_6_E1c_1511292022297.png,6,1511292022297.png,TRUE
2411,A8TIL9U6YHG5,chair,https://langcog.stanford.edu/expts/BLL/kiddraw-recognitionRatings/sketches/chair/chair_sketch_7_E1c_1510783353272.png,chair,chair_sketch_7_E1c_1510783353272.png,7,1510783353272.png,TRUE
2412,A8TIL9U6YHG5,carrot,https://langcog.stanford.edu/expts/BLL/kiddraw-recognitionRatings/sketches/carrot/carrot_sketch_9_E1c_1510689458884.png,carrot,carrot_sketch_9_E1c_1510689458884.png,9,1510689458884.png,TRUE
2413,A8TIL9U6YHG5,cannott tell at all,https://langcog.stanford.edu/expts/BLL/kiddraw-recognitionRatings/sketches/couch/couch_sketch_8_E1c_1510870628731.png,couch,couch_sketch_8_E1c_1510870628731.png,8,1510870628731.png,FALSE
2414,A8TIL9U6YHG5,flower,https://langcog.stanford.edu/expts/BLL/kiddraw-recognitionRatings/sketches/carrot/carrot_sketch_7_E1c_1510870100423.png,carrot,carrot_sketch_7_E1c_1510870100423.png,7,1510870100423.png,FALSE
2415,A8TIL9U6YHG5,phone,https://langcog.stanford.edu/expts/BLL/kiddraw-recognitionRatings/sketches/train/train_sketch_4_E1c_1510268275436.png,train,train_sketch_4_E1c_1510268275436.png,4,1510268275436.png,FALSE
2416,A8TIL9U6YHG5,cat,https://langcog.stanford.edu/expts/BLL/kiddraw-recognitionRatings/sketches/rabbit/rabbit_sketch_6_E1c_1510253415559.png,rabbit,rabbit_sketch_6_E1c_1510253415559.png,6,1510253415559.png,FALSE
2417,A8TIL9U6YHG5,phone,https://langcog.stanford.edu/expts/BLL/kiddraw-recognitionRatings/sketches/phone/phone_sketch_7_E1c_1511301634355.png,phone,phone_sketch_7_E1c_1511301634355.png,7,1511301634355.png,TRUE
2418,A8TIL9U6YHG5,phone,https://langcog.stanford.edu/expts/BLL/kiddraw-recognitionRatings/sketches/phone/phone_sketch_8_E1c_1511293924452.png,phone,phone_sketch_8_E1c_1511293924452.png,8,1511293924452.png,TRUE
2419,A8TIL9U6YHG5,train,https://langcog.stanford.edu/expts/BLL/kiddraw-recognitionRatings/sketches/train/train_sketch_6_E1c_1510700570912.png,train,train_sketch_6_E1c_1510700570912.png,6,1510700570912.png,TRUE
2420,A8TIL9U6YHG5,chair,https://langcog.stanford.edu/expts/BLL/kiddraw-recognitionRatings/sketches/frog/frog_sketch_5_E1c_1510256904834.png,frog,frog_sketch_5_E1c_1510256904834.png,5,1510256904834.png,FALSE
2421,A8TIL9U6YHG5,flower,https://langcog.stanford.edu/expts/BLL/kiddraw-recognitionRatings/sketches/rabbit/rabbit_sketch_4_E1c_1510263067113.png,rabbit,rabbit_sketch_4_E1c_1510263067113.png,4,1510263067113.png,FALSE
2422,A8TIL9U6YHG5,cannott tell at all,https://langcog.stanford.edu/expts/BLL/kiddraw-recognitionRatings/sketches/couch/couch_sketch_4_E1c_1510268275436.png,couch,couch_sketch_4_E1c_1510268275436.png,4,1510268275436.png,FALSE
2423,A8TIL9U6YHG5,train,https://langcog.stanford.edu/expts/BLL/kiddraw-recognitionRatings/sketches/train/train_sketch_10_E1c_1510684833991.png,train,train_sketch_10_E1c_1510684833991.png,10,1510684833991.png,TRUE
2424,A8TIL9U6YHG5,cannott tell at all,https://langcog.stanford.edu/expts/BLL/kiddraw-recognitionRatings/sketches/foot/foot_sketch_4_E1c_1510252568116.png,foot,foot_sketch_4_E1c_1510252568116.png,4,1510252568116.png,FALSE
2425,A8TIL9U6YHG5,cannott tell at all,https://langcog.stanford.edu/expts/BLL/kiddraw-recognitionRatings/sketches/couch/couch_sketch_6_E1c_1511292022297.png,couch,couch_sketch_6_E1c_1511292022297.png,6,1511292022297.png,FALSE
2426,A8TIL9U6YHG5,cannott tell at all,https://langcog.stanford.edu/expts/BLL/kiddraw-recognitionRatings/sketches/shoe/shoe_sketch_8_E1c_1511300355318.png,shoe,shoe_sketch_8_E1c_1511300355318.png,8,1511300355318.png,FALSE
2427,A8TIL9U6YHG5,cat,https://langcog.stanford.edu/expts/BLL/kiddraw-recognitionRatings/sketches/rabbit/rabbit_sketch_9_E1c_1510686242527.png,rabbit,rabbit_sketch_9_E1c_1510686242527.png,9,1510686242527.png,FALSE
2428,A8TIL9U6YHG5,phone,https://langcog.stanford.edu/expts/BLL/kiddraw-recognitionRatings/sketches/phone/phone_sketch_10_E1c_1511293452162.png,phone,phone_sketch_10_E1c_1511293452162.png,10,1511293452162.png,TRUE
2429,A8TIL9U6YHG5,cat,https://langcog.stanford.edu/expts/BLL/kiddraw-recognitionRatings/sketches/cat/cat_sketch_8_E1c_1510787010922.png,cat,cat_sketch_8_E1c_1510787010922.png,8,1510787010922.png,TRUE
2430,A8TIL9U6YHG5,ice cream,https://langcog.stanford.edu/expts/BLL/kiddraw-recognitionRatings/sketches/ice cream/ice cream_sketch_8_E1c_1510254933095.png,ice cream,ice cream_sketch_8_E1c_1510254933095.png,8,1510254933095.png,TRUE
2431,A8TIL9U6YHG5,flower,https://langcog.stanford.edu/expts/BLL/kiddraw-recognitionRatings/sketches/flower/flower_sketch_9_E1c_1510689458884.png,flower,flower_sketch_9_E1c_1510689458884.png,9,1510689458884.png,TRUE
2432,A8TIL9U6YHG5,banana,https://langcog.stanford.edu/expts/BLL/kiddraw-recognitionRatings/sketches/banana/banana_sketch_8_E1c_1511292658766.png,banana,banana_sketch_8_E1c_1511292658766.png,8,1511292658766.png,TRUE
2433,A8TIL9U6YHG5,person,https://langcog.stanford.edu/expts/BLL/kiddraw-recognitionRatings/sketches/frog/frog_sketch_6_E1c_1510700570912.png,frog,frog_sketch_6_E1c_1510700570912.png,6,1510700570912.png,FALSE
2434,A8TIL9U6YHG5,boat,https://langcog.stanford.edu/expts/BLL/kiddraw-recognitionRatings/sketches/boat/boat_sketch_6_E1c_1510700570912.png,boat,boat_sketch_6_E1c_1510700570912.png,6,1510700570912.png,TRUE
2435,A8TIL9U6YHG5,cannott tell at all,https://langcog.stanford.edu/expts/BLL/kiddraw-recognitionRatings/sketches/phone/phone_sketch_8_E1c_1510870628731.png,phone,phone_sketch_8_E1c_1510870628731.png,8,1510870628731.png,FALSE
2436,A8TIL9U6YHG5,flower,https://langcog.stanford.edu/expts/BLL/kiddraw-recognitionRatings/sketches/flower/flower_sketch_10_E1c_1511293452162.png,flower,flower_sketch_10_E1c_1511293452162.png,10,1511293452162.png,TRUE
2437,A8TIL9U6YHG5,chair,https://langcog.stanford.edu/expts/BLL/kiddraw-recognitionRatings/sketches/chair/chair_sketch_8_E1c_1511293924452.png,chair,chair_sketch_8_E1c_1511293924452.png,8,1511293924452.png,TRUE
2438,A8TIL9U6YHG5,banana,https://langcog.stanford.edu/expts/BLL/kiddraw-recognitionRatings/sketches/banana/banana_sketch_6_E1c_1510782034963.png,banana,banana_sketch_6_E1c_1510782034963.png,6,1510782034963.png,TRUE
2439,A8TIL9U6YHG5,flower,https://langcog.stanford.edu/expts/BLL/kiddraw-recognitionRatings/sketches/shoe/shoe_sketch_6_E1c_1511292286803.png,shoe,shoe_sketch_6_E1c_1511292286803.png,6,1511292286803.png,FALSE
2440,A8TIL9U6YHG5,shoe,https://langcog.stanford.edu/expts/BLL/kiddraw-recognitionRatings/sketches/foot/foot_sketch_8_E1c_1511293754661.png,foot,foot_sketch_8_E1c_1511293754661.png,8,1511293754661.png,FALSE
2441,A8TIL9U6YHG5,person,https://langcog.stanford.edu/expts/BLL/kiddraw-recognitionRatings/sketches/rabbit/rabbit_sketch_8_E1c_1510787010922.png,rabbit,rabbit_sketch_8_E1c_1510787010922.png,8,1510787010922.png,FALSE
2442,A8TIL9U6YHG5,person,https://langcog.stanford.edu/expts/BLL/kiddraw-recognitionRatings/sketches/frog/frog_sketch_8_E1c_1510870628731.png,frog,frog_sketch_8_E1c_1510870628731.png,8,1510870628731.png,FALSE
2443,A8TIL9U6YHG5,car,https://langcog.stanford.edu/expts/BLL/kiddraw-recognitionRatings/sketches/car/car_sketch_7_E1c_1510783353272.png,car,car_sketch_7_E1c_1510783353272.png,7,1510783353272.png,TRUE
2444,A8TIL9U6YHG5,shoe,https://langcog.stanford.edu/expts/BLL/kiddraw-recognitionRatings/sketches/shoe/shoe_sketch_10_E1c_1511293452162.png,shoe,shoe_sketch_10_E1c_1511293452162.png,10,1511293452162.png,TRUE
2445,A8TIL9U6YHG5,cat,https://langcog.stanford.edu/expts/BLL/kiddraw-recognitionRatings/sketches/cat/cat_sketch_8_E1c_1511300355318.png,cat,cat_sketch_8_E1c_1511300355318.png,8,1511300355318.png,TRUE
2446,A8TIL9U6YHG5,cat,https://langcog.stanford.edu/expts/BLL/kiddraw-recognitionRatings/sketches/rabbit/rabbit_sketch_6_E1c_1510783818788.png,rabbit,rabbit_sketch_6_E1c_1510783818788.png,6,1510783818788.png,FALSE
2447,A8TIL9U6YHG5,train,https://langcog.stanford.edu/expts/BLL/kiddraw-recognitionRatings/sketches/car/car_sketch_8_E1c_1511293754661.png,car,car_sketch_8_E1c_1511293754661.png,8,1511293754661.png,FALSE
2448,A8TIL9U6YHG5,shoe,https://langcog.stanford.edu/expts/BLL/kiddraw-recognitionRatings/sketches/foot/foot_sketch_10_E1c_1510783638074.png,foot,foot_sketch_10_E1c_1510783638074.png,10,1510783638074.png,FALSE
2449,A8TIL9U6YHG5,cat,https://langcog.stanford.edu/expts/BLL/kiddraw-recognitionRatings/sketches/cat/cat_sketch_8_E1c_1511293924452.png,cat,cat_sketch_8_E1c_1511293924452.png,8,1511293924452.png,TRUE
2450,A8TIL9U6YHG5,train,https://langcog.stanford.edu/expts/BLL/kiddraw-recognitionRatings/sketches/boat/boat_sketch_6_E1c_1510783818788.png,boat,boat_sketch_6_E1c_1510783818788.png,6,1510783818788.png,FALSE
2451,A8TIL9U6YHG5,cannott tell at all,https://langcog.stanford.edu/expts/BLL/kiddraw-recognitionRatings/sketches/boat/boat_sketch_5_E1c_1510786719020.png,boat,boat_sketch_5_E1c_1510786719020.png,5,1510786719020.png,FALSE
2452,A8TIL9U6YHG5,person,https://langcog.stanford.edu/expts/BLL/kiddraw-recognitionRatings/sketches/foot/foot_sketch_6_E1c_1510782034963.png,foot,foot_sketch_6_E1c_1510782034963.png,6,1510782034963.png,FALSE
2453,A8TIL9U6YHG5,train,https://langcog.stanford.edu/expts/BLL/kiddraw-recognitionRatings/sketches/car/car_sketch_6_E1c_1511293092153.png,car,car_sketch_6_E1c_1511293092153.png,6,1511293092153.png,FALSE
2454,A8TIL9U6YHG5,cannott tell at all,https://langcog.stanford.edu/expts/BLL/kiddraw-recognitionRatings/sketches/couch/couch_sketch_7_E1c_1511301634355.png,couch,couch_sketch_7_E1c_1511301634355.png,7,1511301634355.png,FALSE
2455,A8TIL9U6YHG5,couch,https://langcog.stanford.edu/expts/BLL/kiddraw-recognitionRatings/sketches/couch/couch_sketch_10_E1c_1511301807087.png,couch,couch_sketch_10_E1c_1511301807087.png,10,1511301807087.png,TRUE
2456,A8TIL9U6YHG5,shoe,https://langcog.stanford.edu/expts/BLL/kiddraw-recognitionRatings/sketches/foot/foot_sketch_6_E1c_1511292022297.png,foot,foot_sketch_6_E1c_1511292022297.png,6,1511292022297.png,FALSE
2457,A8TIL9U6YHG5,cup,https://langcog.stanford.edu/expts/BLL/kiddraw-recognitionRatings/sketches/cup/cup_sketch_7_E1c_1511301634355.png,cup,cup_sketch_7_E1c_1511301634355.png,7,1511301634355.png,TRUE
2458,A8TIL9U6YHG5,cat,https://langcog.stanford.edu/expts/BLL/kiddraw-recognitionRatings/sketches/rabbit/rabbit_sketch_4_E1c_1510691847400.png,rabbit,rabbit_sketch_4_E1c_1510691847400.png,4,1510691847400.png,FALSE
2459,A8TIL9U6YHG5,cup,https://langcog.stanford.edu/expts/BLL/kiddraw-recognitionRatings/sketches/cup/cup_sketch_10_E1c_1511293452162.png,cup,cup_sketch_10_E1c_1511293452162.png,10,1511293452162.png,TRUE
2460,A8TIL9U6YHG5,couch,https://langcog.stanford.edu/expts/BLL/kiddraw-recognitionRatings/sketches/couch/couch_sketch_5_E1c_1510786719020.png,couch,couch_sketch_5_E1c_1510786719020.png,5,1510786719020.png,TRUE
2461,A8TIL9U6YHG5,cup,https://langcog.stanford.edu/expts/BLL/kiddraw-recognitionRatings/sketches/cup/cup_sketch_10_E1c_1510255462419.png,cup,cup_sketch_10_E1c_1510255462419.png,10,1510255462419.png,TRUE
2462,A8TIL9U6YHG5,cat,https://langcog.stanford.edu/expts/BLL/kiddraw-recognitionRatings/sketches/phone/phone_sketch_5_E1c_1511301440421.png,phone,phone_sketch_5_E1c_1511301440421.png,5,1511301440421.png,FALSE
2463,A8TIL9U6YHG5,train,https://langcog.stanford.edu/expts/BLL/kiddraw-recognitionRatings/sketches/shoe/shoe_sketch_8_E1c_1510254933095.png,shoe,shoe_sketch_8_E1c_1510254933095.png,8,1510254933095.png,FALSE
2464,A8TIL9U6YHG5,banana,https://langcog.stanford.edu/expts/BLL/kiddraw-recognitionRatings/sketches/banana/banana_sketch_10_E1c_1510684833991.png,banana,banana_sketch_10_E1c_1510684833991.png,10,1510684833991.png,TRUE
2465,A8TIL9U6YHG5,cat,https://langcog.stanford.edu/expts/BLL/kiddraw-recognitionRatings/sketches/cat/cat_sketch_7_E1c_1511301634355.png,cat,cat_sketch_7_E1c_1511301634355.png,7,1511301634355.png,TRUE
2466,A8TIL9U6YHG5,person,https://langcog.stanford.edu/expts/BLL/kiddraw-recognitionRatings/sketches/frog/frog_sketch_6_E1c_1510782034963.png,frog,frog_sketch_6_E1c_1510782034963.png,6,1510782034963.png,FALSE
2467,A8TIL9U6YHG5,train,https://langcog.stanford.edu/expts/BLL/kiddraw-recognitionRatings/sketches/train/train_sketch_5_E1c_1510786719020.png,train,train_sketch_5_E1c_1510786719020.png,5,1510786719020.png,TRUE
2468,A8TIL9U6YHG5,cat,https://langcog.stanford.edu/expts/BLL/kiddraw-recognitionRatings/sketches/cat/cat_sketch_7_E1c_1510263944688.png,cat,cat_sketch_7_E1c_1510263944688.png,7,1510263944688.png,TRUE
2469,A8TIL9U6YHG5,couch,https://langcog.stanford.edu/expts/BLL/kiddraw-recognitionRatings/sketches/chair/chair_sketch_10_E1c_1511293452162.png,chair,chair_sketch_10_E1c_1511293452162.png,10,1511293452162.png,FALSE
2470,A8TIL9U6YHG5,shoe,https://langcog.stanford.edu/expts/BLL/kiddraw-recognitionRatings/sketches/shoe/shoe_sketch_8_E1c_1510262448790.png,shoe,shoe_sketch_8_E1c_1510262448790.png,8,1510262448790.png,TRUE
2471,A8TIL9U6YHG5,cannott tell at all,https://langcog.stanford.edu/expts/BLL/kiddraw-recognitionRatings/sketches/car/car_sketch_5_E1c_1510786719020.png,car,car_sketch_5_E1c_1510786719020.png,5,1510786719020.png,FALSE
2472,A8TIL9U6YHG5,chair,https://langcog.stanford.edu/expts/BLL/kiddraw-recognitionRatings/sketches/chair/chair_sketch_10_E1c_1511301807087.png,chair,chair_sketch_10_E1c_1511301807087.png,10,1511301807087.png,TRUE
2473,A8TIL9U6YHG5,cannott tell at all,https://langcog.stanford.edu/expts/BLL/kiddraw-recognitionRatings/sketches/chair/chair_sketch_4_E1c_1510268275436.png,chair,chair_sketch_4_E1c_1510268275436.png,4,1510268275436.png,FALSE
2474,A8TIL9U6YHG5,banana,https://langcog.stanford.edu/expts/BLL/kiddraw-recognitionRatings/sketches/banana/banana_sketch_8_E1c_1510787010922.png,banana,banana_sketch_8_E1c_1510787010922.png,8,1510787010922.png,TRUE
2475,A8TIL9U6YHG5,flower,https://langcog.stanford.edu/expts/BLL/kiddraw-recognitionRatings/sketches/flower/flower_sketch_5_E1c_1510786719020.png,flower,flower_sketch_5_E1c_1510786719020.png,5,1510786719020.png,TRUE
2476,A8TIL9U6YHG5,train,https://langcog.stanford.edu/expts/BLL/kiddraw-recognitionRatings/sketches/train/train_sketch_6_E1c_1510253415559.png,train,train_sketch_6_E1c_1510253415559.png,6,1510253415559.png,TRUE
2477,A8TIL9U6YHG5,cup,https://langcog.stanford.edu/expts/BLL/kiddraw-recognitionRatings/sketches/cup/cup_sketch_10_E1c_1510684833991.png,cup,cup_sketch_10_E1c_1510684833991.png,10,1510684833991.png,TRUE
2478,A8TIL9U6YHG5,train,https://langcog.stanford.edu/expts/BLL/kiddraw-recognitionRatings/sketches/car/car_sketch_6_E1c_1510690510319.png,car,car_sketch_6_E1c_1510690510319.png,6,1510690510319.png,FALSE
2479,A8TIL9U6YHG5,train,https://langcog.stanford.edu/expts/BLL/kiddraw-recognitionRatings/sketches/couch/couch_sketch_8_E1c_1511293754661.png,couch,couch_sketch_8_E1c_1511293754661.png,8,1511293754661.png,FALSE
2480,A8TIL9U6YHG5,cat,https://langcog.stanford.edu/expts/BLL/kiddraw-recognitionRatings/sketches/rabbit/rabbit_sketch_8_E1c_1511300355318.png,rabbit,rabbit_sketch_8_E1c_1511300355318.png,8,1511300355318.png,FALSE
2481,A8TIL9U6YHG5,cat,https://langcog.stanford.edu/expts/BLL/kiddraw-recognitionRatings/sketches/frog/frog_sketch_10_E1c_1511293452162.png,frog,frog_sketch_10_E1c_1511293452162.png,10,1511293452162.png,FALSE
2482,A8TIL9U6YHG5,chair,https://langcog.stanford.edu/expts/BLL/kiddraw-recognitionRatings/sketches/chair/chair_sketch_8_E1c_1510690264523.png,chair,chair_sketch_8_E1c_1510690264523.png,8,1510690264523.png,TRUE
2483,A8TIL9U6YHG5,cannott tell at all,https://langcog.stanford.edu/expts/BLL/kiddraw-recognitionRatings/sketches/chair/chair_sketch_4_E1c_1510252568116.png,chair,chair_sketch_4_E1c_1510252568116.png,4,1510252568116.png,FALSE
2484,A8TIL9U6YHG5,cannott tell at all,https://langcog.stanford.edu/expts/BLL/kiddraw-recognitionRatings/sketches/train/train_sketch_8_E1c_1511300355318.png,train,train_sketch_8_E1c_1511300355318.png,8,1511300355318.png,FALSE
2485,A8TIL9U6YHG5,cannott tell at all,https://langcog.stanford.edu/expts/BLL/kiddraw-recognitionRatings/sketches/ice cream/ice cream_sketch_6_E1c_1511292286803.png,ice cream,ice cream_sketch_6_E1c_1511292286803.png,6,1511292286803.png,FALSE
2486,A8TIL9U6YHG5,cat,https://langcog.stanford.edu/expts/BLL/kiddraw-recognitionRatings/sketches/cat/cat_sketch_7_E1c_1510870100423.png,cat,cat_sketch_7_E1c_1510870100423.png,7,1510870100423.png,TRUE
2487,A8TIL9U6YHG5,cannott tell at all,https://langcog.stanford.edu/expts/BLL/kiddraw-recognitionRatings/sketches/train/train_sketch_7_E1c_1510870100423.png,train,train_sketch_7_E1c_1510870100423.png,7,1510870100423.png,FALSE
2488,A8TIL9U6YHG5,cannott tell at all,https://langcog.stanford.edu/expts/BLL/kiddraw-recognitionRatings/sketches/foot/foot_sketch_8_E1c_1510690264523.png,foot,foot_sketch_8_E1c_1510690264523.png,8,1510690264523.png,FALSE
2489,A8TIL9U6YHG5,cup,https://langcog.stanford.edu/expts/BLL/kiddraw-recognitionRatings/sketches/cup/cup_sketch_10_E1c_1511301807087.png,cup,cup_sketch_10_E1c_1511301807087.png,10,1511301807087.png,TRUE
2490,A8TIL9U6YHG5,cannott tell at all,https://langcog.stanford.edu/expts/BLL/kiddraw-recognitionRatings/sketches/train/train_sketch_5_E1c_1510253748384.png,train,train_sketch_5_E1c_1510253748384.png,5,1510253748384.png,FALSE
2491,A8TIL9U6YHG5,cannott tell at all,https://langcog.stanford.edu/expts/BLL/kiddraw-recognitionRatings/sketches/flower/flower_sketch_8_E1c_1511292658766.png,flower,flower_sketch_8_E1c_1511292658766.png,8,1511292658766.png,FALSE
2492,A8TIL9U6YHG5,cannott tell at all,https://langcog.stanford.edu/expts/BLL/kiddraw-recognitionRatings/sketches/ice cream/ice cream_sketch_4_E1c_1510691847400.png,ice cream,ice cream_sketch_4_E1c_1510691847400.png,4,1510691847400.png,FALSE
2493,A8TIL9U6YHG5,cannott tell at all,https://langcog.stanford.edu/expts/BLL/kiddraw-recognitionRatings/sketches/couch/couch_sketch_5_E1c_1510256904834.png,couch,couch_sketch_5_E1c_1510256904834.png,5,1510256904834.png,FALSE
2494,A8TIL9U6YHG5,car,https://langcog.stanford.edu/expts/BLL/kiddraw-recognitionRatings/sketches/cat/cat_sketch_6_E1c_1510700570912.png,cat,cat_sketch_6_E1c_1510700570912.png,6,1510700570912.png,FALSE
2495,A8TIL9U6YHG5,cat,https://langcog.stanford.edu/expts/BLL/kiddraw-recognitionRatings/sketches/cat/cat_sketch_8_E1c_1511292658766.png,cat,cat_sketch_8_E1c_1511292658766.png,8,1511292658766.png,TRUE
2496,A8TIL9U6YHG5,cannott tell at all,https://langcog.stanford.edu/expts/BLL/kiddraw-recognitionRatings/sketches/boat/boat_sketch_5_E1c_1510253748384.png,boat,boat_sketch_5_E1c_1510253748384.png,5,1510253748384.png,FALSE
2497,A8TIL9U6YHG5,cannott tell at all,https://langcog.stanford.edu/expts/BLL/kiddraw-recognitionRatings/sketches/cup/cup_sketch_8_E1c_1511293924452.png,cup,cup_sketch_8_E1c_1511293924452.png,8,1511293924452.png,FALSE
2498,A8TIL9U6YHG5,cannott tell at all,https://langcog.stanford.edu/expts/BLL/kiddraw-recognitionRatings/sketches/banana/banana_sketch_7_E1c_1511301009480.png,banana,banana_sketch_7_E1c_1511301009480.png,7,1511301009480.png,FALSE
2499,A8TIL9U6YHG5,cannott tell at all,https://langcog.stanford.edu/expts/BLL/kiddraw-recognitionRatings/sketches/cup/cup_sketch_4_E1c_1510691847400.png,cup,cup_sketch_4_E1c_1510691847400.png,4,1510691847400.png,FALSE
2500,A8TIL9U6YHG5,cannott tell at all,https://langcog.stanford.edu/expts/BLL/kiddraw-recognitionRatings/sketches/ice cream/ice cream_sketch_6_E1c_1510700570912.png,ice cream,ice cream_sketch_6_E1c_1510700570912.png,6,1510700570912.png,FALSE
2501,A8TIL9U6YHG5,cannott tell at all,https://langcog.stanford.edu/expts/BLL/kiddraw-recognitionRatings/sketches/boat/boat_sketch_10_E1c_1510684833991.png,boat,boat_sketch_10_E1c_1510684833991.png,10,1510684833991.png,FALSE
2502,A8TIL9U6YHG5,carrot,https://langcog.stanford.edu/expts/BLL/kiddraw-recognitionRatings/sketches/phone/phone_sketch_10_E1c_1510684833991.png,phone,phone_sketch_10_E1c_1510684833991.png,10,1510684833991.png,FALSE
2503,A8TIL9U6YHG5,car,https://langcog.stanford.edu/expts/BLL/kiddraw-recognitionRatings/sketches/couch/couch_sketch_10_E1c_1510684833991.png,couch,couch_sketch_10_E1c_1510684833991.png,10,1510684833991.png,FALSE
2504,A8TIL9U6YHG5,car,https://langcog.stanford.edu/expts/BLL/kiddraw-recognitionRatings/sketches/train/train_sketch_6_E1c_1511292022297.png,train,train_sketch_6_E1c_1511292022297.png,6,1511292022297.png,FALSE
2505,A8TIL9U6YHG5,cannott tell at all,https://langcog.stanford.edu/expts/BLL/kiddraw-recognitionRatings/sketches/boat/boat_sketch_8_E1c_1511292658766.png,boat,boat_sketch_8_E1c_1511292658766.png,8,1511292658766.png,FALSE
2506,A8TIL9U6YHG5,cat,https://langcog.stanford.edu/expts/BLL/kiddraw-recognitionRatings/sketches/rabbit/rabbit_sketch_6_E1c_1511293092153.png,rabbit,rabbit_sketch_6_E1c_1511293092153.png,6,1511293092153.png,FALSE
2507,A8TIL9U6YHG5,cannott tell at all,https://langcog.stanford.edu/expts/BLL/kiddraw-recognitionRatings/sketches/banana/banana_sketch_8_E1c_1511300355318.png,banana,banana_sketch_8_E1c_1511300355318.png,8,1511300355318.png,FALSE
2508,A8TIL9U6YHG5,carrot,https://langcog.stanford.edu/expts/BLL/kiddraw-recognitionRatings/sketches/flower/flower_sketch_8_E1c_1511300850043.png,flower,flower_sketch_8_E1c_1511300850043.png,8,1511300850043.png,FALSE
2509,A8TIL9U6YHG5,cannott tell at all,https://langcog.stanford.edu/expts/BLL/kiddraw-recognitionRatings/sketches/rabbit/rabbit_sketch_8_E1c_1510254933095.png,rabbit,rabbit_sketch_8_E1c_1510254933095.png,8,1510254933095.png,FALSE
2510,A8TIL9U6YHG5,car,https://langcog.stanford.edu/expts/BLL/kiddraw-recognitionRatings/sketches/couch/couch_sketch_8_E1c_1511300355318.png,couch,couch_sketch_8_E1c_1511300355318.png,8,1511300355318.png,FALSE
2511,A8TIL9U6YHG5,cannott tell at all,https://langcog.stanford.edu/expts/BLL/kiddraw-recognitionRatings/sketches/phone/phone_sketch_8_E1c_1511300850043.png,phone,phone_sketch_8_E1c_1511300850043.png,8,1511300850043.png,FALSE
2512,A8TIL9U6YHG5,cannott tell at all,https://langcog.stanford.edu/expts/BLL/kiddraw-recognitionRatings/sketches/chair/chair_sketch_6_E1c_1510690510319.png,chair,chair_sketch_6_E1c_1510690510319.png,6,1510690510319.png,FALSE
2513,A8TIL9U6YHG5,car,https://langcog.stanford.edu/expts/BLL/kiddraw-recognitionRatings/sketches/train/train_sketch_7_E1c_1510263944688.png,train,train_sketch_7_E1c_1510263944688.png,7,1510263944688.png,FALSE
2514,A8TIL9U6YHG5,cannott tell at all,https://langcog.stanford.edu/expts/BLL/kiddraw-recognitionRatings/sketches/train/train_sketch_6_E1c_1511292286803.png,train,train_sketch_6_E1c_1511292286803.png,6,1511292286803.png,FALSE
2515,A8TIL9U6YHG5,carrot,https://langcog.stanford.edu/expts/BLL/kiddraw-recognitionRatings/sketches/carrot/carrot_sketch_8_E1c_1510254933095.png,carrot,carrot_sketch_8_E1c_1510254933095.png,8,1510254933095.png,TRUE
2516,A8TIL9U6YHG5,cannott tell at all,https://langcog.stanford.edu/expts/BLL/kiddraw-recognitionRatings/sketches/flower/flower_sketch_4_E1c_1510691847400.png,flower,flower_sketch_4_E1c_1510691847400.png,4,1510691847400.png,FALSE
2517,A8TIL9U6YHG5,cannott tell at all,https://langcog.stanford.edu/expts/BLL/kiddraw-recognitionRatings/sketches/train/train_sketch_6_E1c_1510783818788.png,train,train_sketch_6_E1c_1510783818788.png,6,1510783818788.png,FALSE
2518,A8TIL9U6YHG5,cat,https://langcog.stanford.edu/expts/BLL/kiddraw-recognitionRatings/sketches/banana/banana_sketch_5_E1c_1511301440421.png,banana,banana_sketch_5_E1c_1511301440421.png,5,1511301440421.png,FALSE
2519,A8TIL9U6YHG5,cannott tell at all,https://langcog.stanford.edu/expts/BLL/kiddraw-recognitionRatings/sketches/frog/frog_sketch_8_E1c_1510262448790.png,frog,frog_sketch_8_E1c_1510262448790.png,8,1510262448790.png,FALSE
2520,A8TIL9U6YHG5,cannott tell at all,https://langcog.stanford.edu/expts/BLL/kiddraw-recognitionRatings/sketches/car/car_sketch_10_E1c_1510684833991.png,car,car_sketch_10_E1c_1510684833991.png,10,1510684833991.png,FALSE
2521,A8TIL9U6YHG5,car,https://langcog.stanford.edu/expts/BLL/kiddraw-recognitionRatings/sketches/foot/foot_sketch_5_E1c_1510786719020.png,foot,foot_sketch_5_E1c_1510786719020.png,5,1510786719020.png,FALSE
2522,A8TIL9U6YHG5,cannott tell at all,https://langcog.stanford.edu/expts/BLL/kiddraw-recognitionRatings/sketches/flower/flower_sketch_10_E1c_1510684833991.png,flower,flower_sketch_10_E1c_1510684833991.png,10,1510684833991.png,FALSE
2523,A8TIL9U6YHG5,cannott tell at all,https://langcog.stanford.edu/expts/BLL/kiddraw-recognitionRatings/sketches/foot/foot_sketch_5_E1c_1510258311547.png,foot,foot_sketch_5_E1c_1510258311547.png,5,1510258311547.png,FALSE
2524,A8TIL9U6YHG5,cannott tell at all,https://langcog.stanford.edu/expts/BLL/kiddraw-recognitionRatings/sketches/foot/foot_sketch_5_E1c_1510256904834.png,foot,foot_sketch_5_E1c_1510256904834.png,5,1510256904834.png,FALSE
2525,A8TIL9U6YHG5,cannott tell at all,https://langcog.stanford.edu/expts/BLL/kiddraw-recognitionRatings/sketches/banana/banana_sketch_9_E1c_1510686242527.png,banana,banana_sketch_9_E1c_1510686242527.png,9,1510686242527.png,FALSE
2526,A8TIL9U6YHG5,cannott tell at all,https://langcog.stanford.edu/expts/BLL/kiddraw-recognitionRatings/sketches/boat/boat_sketch_8_E1c_1510870628731.png,boat,boat_sketch_8_E1c_1510870628731.png,8,1510870628731.png,FALSE
2527,A8TIL9U6YHG5,cannott tell at all,https://langcog.stanford.edu/expts/BLL/kiddraw-recognitionRatings/sketches/car/car_sketch_5_E1c_1511301440421.png,car,car_sketch_5_E1c_1511301440421.png,5,1511301440421.png,FALSE
2528,A8TIL9U6YHG5,cannott tell at all,https://langcog.stanford.edu/expts/BLL/kiddraw-recognitionRatings/sketches/rabbit/rabbit_sketch_7_E1c_1511301009480.png,rabbit,rabbit_sketch_7_E1c_1511301009480.png,7,1511301009480.png,FALSE
2529,A8TIL9U6YHG5,cannott tell at all,https://langcog.stanford.edu/expts/BLL/kiddraw-recognitionRatings/sketches/shoe/shoe_sketch_10_E1c_1511301807087.png,shoe,shoe_sketch_10_E1c_1511301807087.png,10,1511301807087.png,FALSE
2530,A8TIL9U6YHG5,cannott tell at all,https://langcog.stanford.edu/expts/BLL/kiddraw-recognitionRatings/sketches/boat/boat_sketch_8_E1c_1511300355318.png,boat,boat_sketch_8_E1c_1511300355318.png,8,1511300355318.png,FALSE
2531,A8TIL9U6YHG5,cannott tell at all,https://langcog.stanford.edu/expts/BLL/kiddraw-recognitionRatings/sketches/rabbit/rabbit_sketch_8_E1c_1510690264523.png,rabbit,rabbit_sketch_8_E1c_1510690264523.png,8,1510690264523.png,FALSE
2532,A8TIL9U6YHG5,cannott tell at all,https://langcog.stanford.edu/expts/BLL/kiddraw-recognitionRatings/sketches/cup/cup_sketch_5_E1c_1510870384576.png,cup,cup_sketch_5_E1c_1510870384576.png,5,1510870384576.png,FALSE
2533,A8TIL9U6YHG5,cannott tell at all,https://langcog.stanford.edu/expts/BLL/kiddraw-recognitionRatings/sketches/flower/flower_sketch_8_E1c_1510870628731.png,flower,flower_sketch_8_E1c_1510870628731.png,8,1510870628731.png,FALSE
2534,A8TIL9U6YHG5,cannott tell at all,https://langcog.stanford.edu/expts/BLL/kiddraw-recognitionRatings/sketches/frog/frog_sketch_6_E1c_1511293092153.png,frog,frog_sketch_6_E1c_1511293092153.png,6,1511293092153.png,FALSE
2535,A8TIL9U6YHG5,cat,https://langcog.stanford.edu/expts/BLL/kiddraw-recognitionRatings/sketches/banana/banana_sketch_6_E1c_1511292022297.png,banana,banana_sketch_6_E1c_1511292022297.png,6,1511292022297.png,FALSE
2536,A8TIL9U6YHG5,cannott tell at all,https://langcog.stanford.edu/expts/BLL/kiddraw-recognitionRatings/sketches/shoe/shoe_sketch_7_E1c_1511301634355.png,shoe,shoe_sketch_7_E1c_1511301634355.png,7,1511301634355.png,FALSE
2537,A8TIL9U6YHG5,carrot,https://langcog.stanford.edu/expts/BLL/kiddraw-recognitionRatings/sketches/car/car_sketch_7_E1c_1511301009480.png,car,car_sketch_7_E1c_1511301009480.png,7,1511301009480.png,FALSE
2538,A8TIL9U6YHG5,carrot,https://langcog.stanford.edu/expts/BLL/kiddraw-recognitionRatings/sketches/flower/flower_sketch_8_E1c_1510254933095.png,flower,flower_sketch_8_E1c_1510254933095.png,8,1510254933095.png,FALSE
2539,A8TIL9U6YHG5,cannott tell at all,https://langcog.stanford.edu/expts/BLL/kiddraw-recognitionRatings/sketches/chair/chair_sketch_6_E1c_1511292286803.png,chair,chair_sketch_6_E1c_1511292286803.png,6,1511292286803.png,FALSE
2540,A8TIL9U6YHG5,cannott tell at all,https://langcog.stanford.edu/expts/BLL/kiddraw-recognitionRatings/sketches/phone/phone_sketch_10_E1c_1510783638074.png,phone,phone_sketch_10_E1c_1510783638074.png,10,1510783638074.png,FALSE
2541,A8TIL9U6YHG5,cannott tell at all,https://langcog.stanford.edu/expts/BLL/kiddraw-recognitionRatings/sketches/foot/foot_sketch_5_E1c_1511301440421.png,foot,foot_sketch_5_E1c_1511301440421.png,5,1511301440421.png,FALSE
2542,A8TIL9U6YHG5,carrot,https://langcog.stanford.edu/expts/BLL/kiddraw-recognitionRatings/sketches/train/train_sketch_9_E1c_1510689458884.png,train,train_sketch_9_E1c_1510689458884.png,9,1510689458884.png,FALSE
2543,A8TIL9U6YHG5,cannott tell at all,https://langcog.stanford.edu/expts/BLL/kiddraw-recognitionRatings/sketches/cup/cup_sketch_8_E1c_1510787010922.png,cup,cup_sketch_8_E1c_1510787010922.png,8,1510787010922.png,FALSE
2544,A8TIL9U6YHG5,cannott tell at all,https://langcog.stanford.edu/expts/BLL/kiddraw-recognitionRatings/sketches/shoe/shoe_sketch_5_E1c_1510870384576.png,shoe,shoe_sketch_5_E1c_1510870384576.png,5,1510870384576.png,FALSE
2545,A8TIL9U6YHG5,car,https://langcog.stanford.edu/expts/BLL/kiddraw-recognitionRatings/sketches/frog/frog_sketch_10_E1c_1510684833991.png,frog,frog_sketch_10_E1c_1510684833991.png,10,1510684833991.png,FALSE
2546,A8TIL9U6YHG5,car,https://langcog.stanford.edu/expts/BLL/kiddraw-recognitionRatings/sketches/cup/cup_sketch_8_E1c_1510254933095.png,cup,cup_sketch_8_E1c_1510254933095.png,8,1510254933095.png,FALSE
2547,A8TIL9U6YHG5,car,https://langcog.stanford.edu/expts/BLL/kiddraw-recognitionRatings/sketches/carrot/carrot_sketch_7_E1c_1510263944688.png,carrot,carrot_sketch_7_E1c_1510263944688.png,7,1510263944688.png,FALSE
2548,A8TIL9U6YHG5,cannott tell at all,https://langcog.stanford.edu/expts/BLL/kiddraw-recognitionRatings/sketches/couch/couch_sketch_8_E1c_1510787010922.png,couch,couch_sketch_8_E1c_1510787010922.png,8,1510787010922.png,FALSE
2549,A8TIL9U6YHG5,cannott tell at all,https://langcog.stanford.edu/expts/BLL/kiddraw-recognitionRatings/sketches/boat/boat_sketch_6_E1c_1511292286803.png,boat,boat_sketch_6_E1c_1511292286803.png,6,1511292286803.png,FALSE
2550,A8TIL9U6YHG5,cannott tell at all,https://langcog.stanford.edu/expts/BLL/kiddraw-recognitionRatings/sketches/ice cream/ice cream_sketch_8_E1c_1511300850043.png,ice cream,ice cream_sketch_8_E1c_1511300850043.png,8,1511300850043.png,FALSE
2551,A8TIL9U6YHG5,cannott tell at all,https://langcog.stanford.edu/expts/BLL/kiddraw-recognitionRatings/sketches/foot/foot_sketch_8_E1c_1510787010922.png,foot,foot_sketch_8_E1c_1510787010922.png,8,1510787010922.png,FALSE
2552,A8TIL9U6YHG5,cannott tell at all,https://langcog.stanford.edu/expts/BLL/kiddraw-recognitionRatings/sketches/shoe/shoe_sketch_6_E1c_1510700570912.png,shoe,shoe_sketch_6_E1c_1510700570912.png,6,1510700570912.png,FALSE
2553,A8TIL9U6YHG5,cat,https://langcog.stanford.edu/expts/BLL/kiddraw-recognitionRatings/sketches/boat/boat_sketch_8_E1c_1511293924452.png,boat,boat_sketch_8_E1c_1511293924452.png,8,1511293924452.png,FALSE
2554,A8TIL9U6YHG5,cannott tell at all,https://langcog.stanford.edu/expts/BLL/kiddraw-recognitionRatings/sketches/shoe/shoe_sketch_8_E1c_1510870628731.png,shoe,shoe_sketch_8_E1c_1510870628731.png,8,1510870628731.png,FALSE
2555,A8TIL9U6YHG5,cannott tell at all,https://langcog.stanford.edu/expts/BLL/kiddraw-recognitionRatings/sketches/train/train_sketch_8_E1c_1510787010922.png,train,train_sketch_8_E1c_1510787010922.png,8,1510787010922.png,FALSE
2556,A8TIL9U6YHG5,cannott tell at all,https://langcog.stanford.edu/expts/BLL/kiddraw-recognitionRatings/sketches/ice cream/ice cream_sketch_8_E1c_1511300355318.png,ice cream,ice cream_sketch_8_E1c_1511300355318.png,8,1511300355318.png,FALSE
2557,A8TIL9U6YHG5,cannott tell at all,https://langcog.stanford.edu/expts/BLL/kiddraw-recognitionRatings/sketches/couch/couch_sketch_8_E1c_1510254933095.png,couch,couch_sketch_8_E1c_1510254933095.png,8,1510254933095.png,FALSE
2558,A8TIL9U6YHG5,cannott tell at all,https://langcog.stanford.edu/expts/BLL/kiddraw-recognitionRatings/sketches/chair/chair_sketch_6_E1c_1511293092153.png,chair,chair_sketch_6_E1c_1511293092153.png,6,1511293092153.png,FALSE
2559,A8TIL9U6YHG5,cannott tell at all,https://langcog.stanford.edu/expts/BLL/kiddraw-recognitionRatings/sketches/train/train_sketch_5_E1c_1510870384576.png,train,train_sketch_5_E1c_1510870384576.png,5,1510870384576.png,FALSE
2560,A8TIL9U6YHG5,cannott tell at all,https://langcog.stanford.edu/expts/BLL/kiddraw-recognitionRatings/sketches/boat/boat_sketch_8_E1c_1510787010922.png,boat,boat_sketch_8_E1c_1510787010922.png,8,1510787010922.png,FALSE
2561,A8TIL9U6YHG5,cannott tell at all,https://langcog.stanford.edu/expts/BLL/kiddraw-recognitionRatings/sketches/cat/cat_sketch_5_E1c_1510786719020.png,cat,cat_sketch_5_E1c_1510786719020.png,5,1510786719020.png,FALSE
2562,A8TIL9U6YHG5,cannott tell at all,https://langcog.stanford.edu/expts/BLL/kiddraw-recognitionRatings/sketches/banana/banana_sketch_5_E1c_1510786719020.png,banana,banana_sketch_5_E1c_1510786719020.png,5,1510786719020.png,FALSE
2563,A8TIL9U6YHG5,cannott tell at all,https://langcog.stanford.edu/expts/BLL/kiddraw-recognitionRatings/sketches/phone/phone_sketch_4_E1c_1510252568116.png,phone,phone_sketch_4_E1c_1510252568116.png,4,1510252568116.png,FALSE
2564,A8TIL9U6YHG5,cannott tell at all,https://langcog.stanford.edu/expts/BLL/kiddraw-recognitionRatings/sketches/banana/banana_sketch_10_E1c_1511293452162.png,banana,banana_sketch_10_E1c_1511293452162.png,10,1511293452162.png,FALSE
2565,A8TIL9U6YHG5,cannott tell at all,https://langcog.stanford.edu/expts/BLL/kiddraw-recognitionRatings/sketches/couch/couch_sketch_6_E1c_1511293092153.png,couch,couch_sketch_6_E1c_1511293092153.png,6,1511293092153.png,FALSE
2566,A8TIL9U6YHG5,cannott tell at all,https://langcog.stanford.edu/expts/BLL/kiddraw-recognitionRatings/sketches/car/car_sketch_8_E1c_1510787010922.png,car,car_sketch_8_E1c_1510787010922.png,8,1510787010922.png,FALSE
2567,A8TIL9U6YHG5,cannott tell at all,https://langcog.stanford.edu/expts/BLL/kiddraw-recognitionRatings/sketches/car/car_sketch_6_E1c_1510695588717.png,car,car_sketch_6_E1c_1510695588717.png,6,1510695588717.png,FALSE
2568,A8TIL9U6YHG5,cannott tell at all,https://langcog.stanford.edu/expts/BLL/kiddraw-recognitionRatings/sketches/shoe/shoe_sketch_8_E1c_1510787010922.png,shoe,shoe_sketch_8_E1c_1510787010922.png,8,1510787010922.png,FALSE
2569,A8TIL9U6YHG5,cannott tell at all,https://langcog.stanford.edu/expts/BLL/kiddraw-recognitionRatings/sketches/flower/flower_sketch_5_E1c_1510253748384.png,flower,flower_sketch_5_E1c_1510253748384.png,5,1510253748384.png,FALSE
2570,A8TIL9U6YHG5,cannott tell at all,https://langcog.stanford.edu/expts/BLL/kiddraw-recognitionRatings/sketches/flower/flower_sketch_8_E1c_1510787010922.png,flower,flower_sketch_8_E1c_1510787010922.png,8,1510787010922.png,FALSE
2571,A8TIL9U6YHG5,cannott tell at all,https://langcog.stanford.edu/expts/BLL/kiddraw-recognitionRatings/sketches/cat/cat_sketch_8_E1c_1510690264523.png,cat,cat_sketch_8_E1c_1510690264523.png,8,1510690264523.png,FALSE
2572,A8TIL9U6YHG5,cannott tell at all,https://langcog.stanford.edu/expts/BLL/kiddraw-recognitionRatings/sketches/foot/foot_sketch_4_E1c_1510691847400.png,foot,foot_sketch_4_E1c_1510691847400.png,4,1510691847400.png,FALSE
2573,A8TIL9U6YHG5,cannott tell at all,https://langcog.stanford.edu/expts/BLL/kiddraw-recognitionRatings/sketches/rabbit/rabbit_sketch_10_E1c_1510684833991.png,rabbit,rabbit_sketch_10_E1c_1510684833991.png,10,1510684833991.png,FALSE
2574,A8TIL9U6YHG5,cannott tell at all,https://langcog.stanford.edu/expts/BLL/kiddraw-recognitionRatings/sketches/train/train_sketch_6_E1c_1510782034963.png,train,train_sketch_6_E1c_1510782034963.png,6,1510782034963.png,FALSE
2575,A2O7H7VXLFN6BP,chair,https://langcog.stanford.edu/expts/BLL/kiddraw-recognitionRatings/sketches/chair/chair_sketch_5_E1c_1510870384576.png,chair,chair_sketch_5_E1c_1510870384576.png,5,1510870384576.png,TRUE
2576,A2O7H7VXLFN6BP,carrot,https://langcog.stanford.edu/expts/BLL/kiddraw-recognitionRatings/sketches/chair/chair_sketch_4_E1c_1510252568116.png,chair,chair_sketch_4_E1c_1510252568116.png,4,1510252568116.png,FALSE
2577,A2O7H7VXLFN6BP,chair,https://langcog.stanford.edu/expts/BLL/kiddraw-recognitionRatings/sketches/chair/chair_sketch_10_E1c_1511293452162.png,chair,chair_sketch_10_E1c_1511293452162.png,10,1511293452162.png,TRUE
2578,A2O7H7VXLFN6BP,rabbit,https://langcog.stanford.edu/expts/BLL/kiddraw-recognitionRatings/sketches/boat/boat_sketch_5_E1c_1510258311547.png,boat,boat_sketch_5_E1c_1510258311547.png,5,1510258311547.png,FALSE
2579,A2O7H7VXLFN6BP,cup,https://langcog.stanford.edu/expts/BLL/kiddraw-recognitionRatings/sketches/cup/cup_sketch_8_E1c_1510870628731.png,cup,cup_sketch_8_E1c_1510870628731.png,8,1510870628731.png,TRUE
2580,A2O7H7VXLFN6BP,cannott tell at all,https://langcog.stanford.edu/expts/BLL/kiddraw-recognitionRatings/sketches/shoe/shoe_sketch_8_E1c_1511300355318.png,shoe,shoe_sketch_8_E1c_1511300355318.png,8,1511300355318.png,FALSE
2581,A2O7H7VXLFN6BP,rabbit,https://langcog.stanford.edu/expts/BLL/kiddraw-recognitionRatings/sketches/frog/frog_sketch_8_E1c_1510690264523.png,frog,frog_sketch_8_E1c_1510690264523.png,8,1510690264523.png,FALSE
2582,A2O7H7VXLFN6BP,phone,https://langcog.stanford.edu/expts/BLL/kiddraw-recognitionRatings/sketches/phone/phone_sketch_8_E1c_1511300850043.png,phone,phone_sketch_8_E1c_1511300850043.png,8,1511300850043.png,TRUE
2583,A2O7H7VXLFN6BP,boat,https://langcog.stanford.edu/expts/BLL/kiddraw-recognitionRatings/sketches/phone/phone_sketch_10_E1c_1511293452162.png,phone,phone_sketch_10_E1c_1511293452162.png,10,1511293452162.png,FALSE
2584,A2O7H7VXLFN6BP,chair,https://langcog.stanford.edu/expts/BLL/kiddraw-recognitionRatings/sketches/chair/chair_sketch_6_E1c_1510783818788.png,chair,chair_sketch_6_E1c_1510783818788.png,6,1510783818788.png,TRUE
2585,A2O7H7VXLFN6BP,carrot,https://langcog.stanford.edu/expts/BLL/kiddraw-recognitionRatings/sketches/carrot/carrot_sketch_7_E1c_1511301634355.png,carrot,carrot_sketch_7_E1c_1511301634355.png,7,1511301634355.png,TRUE
2586,A2O7H7VXLFN6BP,train,https://langcog.stanford.edu/expts/BLL/kiddraw-recognitionRatings/sketches/train/train_sketch_5_E1c_1510870384576.png,train,train_sketch_5_E1c_1510870384576.png,5,1510870384576.png,TRUE
2587,A2O7H7VXLFN6BP,train,https://langcog.stanford.edu/expts/BLL/kiddraw-recognitionRatings/sketches/train/train_sketch_8_E1c_1510870628731.png,train,train_sketch_8_E1c_1510870628731.png,8,1510870628731.png,TRUE
2588,A2O7H7VXLFN6BP,ice cream,https://langcog.stanford.edu/expts/BLL/kiddraw-recognitionRatings/sketches/ice cream/ice cream_sketch_8_E1c_1511300850043.png,ice cream,ice cream_sketch_8_E1c_1511300850043.png,8,1511300850043.png,TRUE
2589,A2O7H7VXLFN6BP,person,https://langcog.stanford.edu/expts/BLL/kiddraw-recognitionRatings/sketches/frog/frog_sketch_10_E1c_1510255462419.png,frog,frog_sketch_10_E1c_1510255462419.png,10,1510255462419.png,FALSE
2590,A2O7H7VXLFN6BP,cat,https://langcog.stanford.edu/expts/BLL/kiddraw-recognitionRatings/sketches/cat/cat_sketch_10_E1c_1511293452162.png,cat,cat_sketch_10_E1c_1511293452162.png,10,1511293452162.png,TRUE
2591,A2O7H7VXLFN6BP,foot,https://langcog.stanford.edu/expts/BLL/kiddraw-recognitionRatings/sketches/foot/foot_sketch_8_E1c_1510690264523.png,foot,foot_sketch_8_E1c_1510690264523.png,8,1510690264523.png,TRUE
2592,A2O7H7VXLFN6BP,cannott tell at all,https://langcog.stanford.edu/expts/BLL/kiddraw-recognitionRatings/sketches/banana/banana_sketch_8_E1c_1510870628731.png,banana,banana_sketch_8_E1c_1510870628731.png,8,1510870628731.png,FALSE
2593,A2O7H7VXLFN6BP,rock,https://langcog.stanford.edu/expts/BLL/kiddraw-recognitionRatings/sketches/shoe/shoe_sketch_8_E1c_1510787010922.png,shoe,shoe_sketch_8_E1c_1510787010922.png,8,1510787010922.png,FALSE
2594,A2O7H7VXLFN6BP,rabbit,https://langcog.stanford.edu/expts/BLL/kiddraw-recognitionRatings/sketches/shoe/shoe_sketch_5_E1c_1510870384576.png,shoe,shoe_sketch_5_E1c_1510870384576.png,5,1510870384576.png,FALSE
2595,A2O7H7VXLFN6BP,foot,https://langcog.stanford.edu/expts/BLL/kiddraw-recognitionRatings/sketches/shoe/shoe_sketch_6_E1c_1511292022297.png,shoe,shoe_sketch_6_E1c_1511292022297.png,6,1511292022297.png,FALSE
2596,A2O7H7VXLFN6BP,flower,https://langcog.stanford.edu/expts/BLL/kiddraw-recognitionRatings/sketches/flower/flower_sketch_10_E1c_1511293452162.png,flower,flower_sketch_10_E1c_1511293452162.png,10,1511293452162.png,TRUE
2597,A2O7H7VXLFN6BP,chair,https://langcog.stanford.edu/expts/BLL/kiddraw-recognitionRatings/sketches/couch/couch_sketch_8_E1c_1511300355318.png,couch,couch_sketch_8_E1c_1511300355318.png,8,1511300355318.png,FALSE
2598,A2O7H7VXLFN6BP,cannott tell at all,https://langcog.stanford.edu/expts/BLL/kiddraw-recognitionRatings/sketches/cup/cup_sketch_8_E1c_1511300355318.png,cup,cup_sketch_8_E1c_1511300355318.png,8,1511300355318.png,FALSE
2599,A2O7H7VXLFN6BP,shoe,https://langcog.stanford.edu/expts/BLL/kiddraw-recognitionRatings/sketches/shoe/shoe_sketch_8_E1c_1510262448790.png,shoe,shoe_sketch_8_E1c_1510262448790.png,8,1510262448790.png,TRUE
2600,A2O7H7VXLFN6BP,cat,https://langcog.stanford.edu/expts/BLL/kiddraw-recognitionRatings/sketches/cat/cat_sketch_10_E1c_1510684833991.png,cat,cat_sketch_10_E1c_1510684833991.png,10,1510684833991.png,TRUE
2601,A2O7H7VXLFN6BP,cat,https://langcog.stanford.edu/expts/BLL/kiddraw-recognitionRatings/sketches/cat/cat_sketch_8_E1c_1510690264523.png,cat,cat_sketch_8_E1c_1510690264523.png,8,1510690264523.png,TRUE
2602,A2O7H7VXLFN6BP,cup,https://langcog.stanford.edu/expts/BLL/kiddraw-recognitionRatings/sketches/cup/cup_sketch_9_E1c_1510689458884.png,cup,cup_sketch_9_E1c_1510689458884.png,9,1510689458884.png,TRUE
2603,A2O7H7VXLFN6BP,couch,https://langcog.stanford.edu/expts/BLL/kiddraw-recognitionRatings/sketches/couch/couch_sketch_7_E1c_1511301634355.png,couch,couch_sketch_7_E1c_1511301634355.png,7,1511301634355.png,TRUE
2604,A2O7H7VXLFN6BP,cat,https://langcog.stanford.edu/expts/BLL/kiddraw-recognitionRatings/sketches/cat/cat_sketch_8_E1c_1510254933095.png,cat,cat_sketch_8_E1c_1510254933095.png,8,1510254933095.png,TRUE
2605,A2O7H7VXLFN6BP,chair,https://langcog.stanford.edu/expts/BLL/kiddraw-recognitionRatings/sketches/couch/couch_sketch_5_E1c_1510786719020.png,couch,couch_sketch_5_E1c_1510786719020.png,5,1510786719020.png,FALSE
2606,A2O7H7VXLFN6BP,phone,https://langcog.stanford.edu/expts/BLL/kiddraw-recognitionRatings/sketches/phone/phone_sketch_6_E1c_1510783818788.png,phone,phone_sketch_6_E1c_1510783818788.png,6,1510783818788.png,TRUE
2607,A2O7H7VXLFN6BP,cannott tell at all,https://langcog.stanford.edu/expts/BLL/kiddraw-recognitionRatings/sketches/ice cream/ice cream_sketch_8_E1c_1511300355318.png,ice cream,ice cream_sketch_8_E1c_1511300355318.png,8,1511300355318.png,FALSE
2608,A2O7H7VXLFN6BP,cat,https://langcog.stanford.edu/expts/BLL/kiddraw-recognitionRatings/sketches/cat/cat_sketch_10_E1c_1510783638074.png,cat,cat_sketch_10_E1c_1510783638074.png,10,1510783638074.png,TRUE
2609,A2O7H7VXLFN6BP,carrot,https://langcog.stanford.edu/expts/BLL/kiddraw-recognitionRatings/sketches/carrot/carrot_sketch_9_E1c_1510686242527.png,carrot,carrot_sketch_9_E1c_1510686242527.png,9,1510686242527.png,TRUE
2610,A2O7H7VXLFN6BP,rabbit,https://langcog.stanford.edu/expts/BLL/kiddraw-recognitionRatings/sketches/rabbit/rabbit_sketch_10_E1c_1511293452162.png,rabbit,rabbit_sketch_10_E1c_1511293452162.png,10,1511293452162.png,TRUE
2611,A2O7H7VXLFN6BP,cannott tell at all,https://langcog.stanford.edu/expts/BLL/kiddraw-recognitionRatings/sketches/banana/banana_sketch_4_E1c_1510691847400.png,banana,banana_sketch_4_E1c_1510691847400.png,4,1510691847400.png,FALSE
2612,A2O7H7VXLFN6BP,car,https://langcog.stanford.edu/expts/BLL/kiddraw-recognitionRatings/sketches/train/train_sketch_7_E1c_1510783353272.png,train,train_sketch_7_E1c_1510783353272.png,7,1510783353272.png,FALSE
2613,A2O7H7VXLFN6BP,shoe,https://langcog.stanford.edu/expts/BLL/kiddraw-recognitionRatings/sketches/couch/couch_sketch_5_E1c_1510258311547.png,couch,couch_sketch_5_E1c_1510258311547.png,5,1510258311547.png,FALSE
2614,A2O7H7VXLFN6BP,foot,https://langcog.stanford.edu/expts/BLL/kiddraw-recognitionRatings/sketches/foot/foot_sketch_6_E1c_1510782034963.png,foot,foot_sketch_6_E1c_1510782034963.png,6,1510782034963.png,TRUE
2615,A2O7H7VXLFN6BP,boat,https://langcog.stanford.edu/expts/BLL/kiddraw-recognitionRatings/sketches/boat/boat_sketch_10_E1c_1510684833991.png,boat,boat_sketch_10_E1c_1510684833991.png,10,1510684833991.png,TRUE
2616,A2O7H7VXLFN6BP,chair,https://langcog.stanford.edu/expts/BLL/kiddraw-recognitionRatings/sketches/chair/chair_sketch_5_E1c_1510786719020.png,chair,chair_sketch_5_E1c_1510786719020.png,5,1510786719020.png,TRUE
2617,A2O7H7VXLFN6BP,car,https://langcog.stanford.edu/expts/BLL/kiddraw-recognitionRatings/sketches/car/car_sketch_10_E1c_1510783638074.png,car,car_sketch_10_E1c_1510783638074.png,10,1510783638074.png,TRUE
2618,A2O7H7VXLFN6BP,cannott tell at all,https://langcog.stanford.edu/expts/BLL/kiddraw-recognitionRatings/sketches/carrot/carrot_sketch_4_E1c_1510263067113.png,carrot,carrot_sketch_4_E1c_1510263067113.png,4,1510263067113.png,FALSE
2619,A2O7H7VXLFN6BP,cannott tell at all,https://langcog.stanford.edu/expts/BLL/kiddraw-recognitionRatings/sketches/foot/foot_sketch_4_E1c_1510691847400.png,foot,foot_sketch_4_E1c_1510691847400.png,4,1510691847400.png,FALSE
2620,A2O7H7VXLFN6BP,phone,https://langcog.stanford.edu/expts/BLL/kiddraw-recognitionRatings/sketches/phone/phone_sketch_7_E1c_1510783353272.png,phone,phone_sketch_7_E1c_1510783353272.png,7,1510783353272.png,TRUE
2621,A2O7H7VXLFN6BP,flower,https://langcog.stanford.edu/expts/BLL/kiddraw-recognitionRatings/sketches/flower/flower_sketch_8_E1c_1511293924452.png,flower,flower_sketch_8_E1c_1511293924452.png,8,1511293924452.png,TRUE
2622,A2O7H7VXLFN6BP,cannott tell at all,https://langcog.stanford.edu/expts/BLL/kiddraw-recognitionRatings/sketches/frog/frog_sketch_8_E1c_1510262448790.png,frog,frog_sketch_8_E1c_1510262448790.png,8,1510262448790.png,FALSE
2623,A2O7H7VXLFN6BP,boat,https://langcog.stanford.edu/expts/BLL/kiddraw-recognitionRatings/sketches/boat/boat_sketch_6_E1c_1511292286803.png,boat,boat_sketch_6_E1c_1511292286803.png,6,1511292286803.png,TRUE
2624,A2O7H7VXLFN6BP,cannott tell at all,https://langcog.stanford.edu/expts/BLL/kiddraw-recognitionRatings/sketches/cup/cup_sketch_5_E1c_1510870384576.png,cup,cup_sketch_5_E1c_1510870384576.png,5,1510870384576.png,FALSE
2625,A2O7H7VXLFN6BP,car,https://langcog.stanford.edu/expts/BLL/kiddraw-recognitionRatings/sketches/car/car_sketch_8_E1c_1510254933095.png,car,car_sketch_8_E1c_1510254933095.png,8,1510254933095.png,TRUE
2626,A2O7H7VXLFN6BP,cup,https://langcog.stanford.edu/expts/BLL/kiddraw-recognitionRatings/sketches/cup/cup_sketch_7_E1c_1511301634355.png,cup,cup_sketch_7_E1c_1511301634355.png,7,1511301634355.png,TRUE
2627,A2O7H7VXLFN6BP,phone,https://langcog.stanford.edu/expts/BLL/kiddraw-recognitionRatings/sketches/phone/phone_sketch_6_E1c_1510690510319.png,phone,phone_sketch_6_E1c_1510690510319.png,6,1510690510319.png,TRUE
2628,A2O7H7VXLFN6BP,ice cream,https://langcog.stanford.edu/expts/BLL/kiddraw-recognitionRatings/sketches/ice cream/ice cream_sketch_6_E1c_1510690510319.png,ice cream,ice cream_sketch_6_E1c_1510690510319.png,6,1510690510319.png,TRUE
2629,A2O7H7VXLFN6BP,flower,https://langcog.stanford.edu/expts/BLL/kiddraw-recognitionRatings/sketches/foot/foot_sketch_8_E1c_1510787010922.png,foot,foot_sketch_8_E1c_1510787010922.png,8,1510787010922.png,FALSE
2630,A2O7H7VXLFN6BP,boat,https://langcog.stanford.edu/expts/BLL/kiddraw-recognitionRatings/sketches/couch/couch_sketch_6_E1c_1510695588717.png,couch,couch_sketch_6_E1c_1510695588717.png,6,1510695588717.png,FALSE
2631,A2O7H7VXLFN6BP,shoe,https://langcog.stanford.edu/expts/BLL/kiddraw-recognitionRatings/sketches/shoe/shoe_sketch_8_E1c_1510254933095.png,shoe,shoe_sketch_8_E1c_1510254933095.png,8,1510254933095.png,TRUE
2632,A2O7H7VXLFN6BP,carrot,https://langcog.stanford.edu/expts/BLL/kiddraw-recognitionRatings/sketches/carrot/carrot_sketch_8_E1c_1510254933095.png,carrot,carrot_sketch_8_E1c_1510254933095.png,8,1510254933095.png,TRUE
2633,A2O7H7VXLFN6BP,ice cream,https://langcog.stanford.edu/expts/BLL/kiddraw-recognitionRatings/sketches/ice cream/ice cream_sketch_4_E1c_1510691847400.png,ice cream,ice cream_sketch_4_E1c_1510691847400.png,4,1510691847400.png,TRUE
2634,A2O7H7VXLFN6BP,train,https://langcog.stanford.edu/expts/BLL/kiddraw-recognitionRatings/sketches/train/train_sketch_6_E1c_1510783818788.png,train,train_sketch_6_E1c_1510783818788.png,6,1510783818788.png,TRUE
2635,A2O7H7VXLFN6BP,ice cream,https://langcog.stanford.edu/expts/BLL/kiddraw-recognitionRatings/sketches/ice cream/ice cream_sketch_10_E1c_1510684833991.png,ice cream,ice cream_sketch_10_E1c_1510684833991.png,10,1510684833991.png,TRUE
2636,A2O7H7VXLFN6BP,shoe,https://langcog.stanford.edu/expts/BLL/kiddraw-recognitionRatings/sketches/train/train_sketch_8_E1c_1510787010922.png,train,train_sketch_8_E1c_1510787010922.png,8,1510787010922.png,FALSE
2637,A2O7H7VXLFN6BP,couch,https://langcog.stanford.edu/expts/BLL/kiddraw-recognitionRatings/sketches/couch/couch_sketch_6_E1c_1511293092153.png,couch,couch_sketch_6_E1c_1511293092153.png,6,1511293092153.png,TRUE
2638,A2O7H7VXLFN6BP,boat,https://langcog.stanford.edu/expts/BLL/kiddraw-recognitionRatings/sketches/boat/boat_sketch_6_E1c_1510700570912.png,boat,boat_sketch_6_E1c_1510700570912.png,6,1510700570912.png,TRUE
2639,A2O7H7VXLFN6BP,flower,https://langcog.stanford.edu/expts/BLL/kiddraw-recognitionRatings/sketches/flower/flower_sketch_5_E1c_1510253748384.png,flower,flower_sketch_5_E1c_1510253748384.png,5,1510253748384.png,TRUE
2640,A2O7H7VXLFN6BP,flower,https://langcog.stanford.edu/expts/BLL/kiddraw-recognitionRatings/sketches/flower/flower_sketch_6_E1c_1510700570912.png,flower,flower_sketch_6_E1c_1510700570912.png,6,1510700570912.png,TRUE
2641,A2O7H7VXLFN6BP,person,https://langcog.stanford.edu/expts/BLL/kiddraw-recognitionRatings/sketches/shoe/shoe_sketch_7_E1c_1511301634355.png,shoe,shoe_sketch_7_E1c_1511301634355.png,7,1511301634355.png,FALSE
2642,A2O7H7VXLFN6BP,couch,https://langcog.stanford.edu/expts/BLL/kiddraw-recognitionRatings/sketches/couch/couch_sketch_6_E1c_1510783818788.png,couch,couch_sketch_6_E1c_1510783818788.png,6,1510783818788.png,TRUE
2643,A2O7H7VXLFN6BP,train,https://langcog.stanford.edu/expts/BLL/kiddraw-recognitionRatings/sketches/train/train_sketch_6_E1c_1511293092153.png,train,train_sketch_6_E1c_1511293092153.png,6,1511293092153.png,TRUE
2644,A2O7H7VXLFN6BP,ice cream,https://langcog.stanford.edu/expts/BLL/kiddraw-recognitionRatings/sketches/cup/cup_sketch_10_E1c_1510684833991.png,cup,cup_sketch_10_E1c_1510684833991.png,10,1510684833991.png,FALSE
2645,A2O7H7VXLFN6BP,person,https://langcog.stanford.edu/expts/BLL/kiddraw-recognitionRatings/sketches/chair/chair_sketch_4_E1c_1510268275436.png,chair,chair_sketch_4_E1c_1510268275436.png,4,1510268275436.png,FALSE
2646,A2O7H7VXLFN6BP,cat,https://langcog.stanford.edu/expts/BLL/kiddraw-recognitionRatings/sketches/rabbit/rabbit_sketch_4_E1c_1510691847400.png,rabbit,rabbit_sketch_4_E1c_1510691847400.png,4,1510691847400.png,FALSE
2647,A2O7H7VXLFN6BP,train,https://langcog.stanford.edu/expts/BLL/kiddraw-recognitionRatings/sketches/car/car_sketch_6_E1c_1510690510319.png,car,car_sketch_6_E1c_1510690510319.png,6,1510690510319.png,FALSE
2648,A2O7H7VXLFN6BP,carrot,https://langcog.stanford.edu/expts/BLL/kiddraw-recognitionRatings/sketches/carrot/carrot_sketch_9_E1c_1510689458884.png,carrot,carrot_sketch_9_E1c_1510689458884.png,9,1510689458884.png,TRUE
2649,A2O7H7VXLFN6BP,train,https://langcog.stanford.edu/expts/BLL/kiddraw-recognitionRatings/sketches/train/train_sketch_6_E1c_1510782034963.png,train,train_sketch_6_E1c_1510782034963.png,6,1510782034963.png,TRUE
2650,A2O7H7VXLFN6BP,flower,https://langcog.stanford.edu/expts/BLL/kiddraw-recognitionRatings/sketches/flower/flower_sketch_8_E1c_1511300355318.png,flower,flower_sketch_8_E1c_1511300355318.png,8,1511300355318.png,TRUE
2651,A2O7H7VXLFN6BP,cannott tell at all,https://langcog.stanford.edu/expts/BLL/kiddraw-recognitionRatings/sketches/boat/boat_sketch_5_E1c_1510786719020.png,boat,boat_sketch_5_E1c_1510786719020.png,5,1510786719020.png,FALSE
2652,A2O7H7VXLFN6BP,car,https://langcog.stanford.edu/expts/BLL/kiddraw-recognitionRatings/sketches/train/train_sketch_6_E1c_1511292022297.png,train,train_sketch_6_E1c_1511292022297.png,6,1511292022297.png,FALSE
2653,A2O7H7VXLFN6BP,ice cream,https://langcog.stanford.edu/expts/BLL/kiddraw-recognitionRatings/sketches/boat/boat_sketch_4_E1c_1510263067113.png,boat,boat_sketch_4_E1c_1510263067113.png,4,1510263067113.png,FALSE
2654,A2O7H7VXLFN6BP,person,https://langcog.stanford.edu/expts/BLL/kiddraw-recognitionRatings/sketches/rabbit/rabbit_sketch_5_E1c_1510786719020.png,rabbit,rabbit_sketch_5_E1c_1510786719020.png,5,1510786719020.png,FALSE
2655,A2O7H7VXLFN6BP,foot,https://langcog.stanford.edu/expts/BLL/kiddraw-recognitionRatings/sketches/shoe/shoe_sketch_5_E1c_1510256904834.png,shoe,shoe_sketch_5_E1c_1510256904834.png,5,1510256904834.png,FALSE
2656,A2O7H7VXLFN6BP,phone,https://langcog.stanford.edu/expts/BLL/kiddraw-recognitionRatings/sketches/phone/phone_sketch_8_E1c_1510690264523.png,phone,phone_sketch_8_E1c_1510690264523.png,8,1510690264523.png,TRUE
2657,A2O7H7VXLFN6BP,banana,https://langcog.stanford.edu/expts/BLL/kiddraw-recognitionRatings/sketches/cup/cup_sketch_8_E1c_1510254933095.png,cup,cup_sketch_8_E1c_1510254933095.png,8,1510254933095.png,FALSE
2658,A2O7H7VXLFN6BP,ice cream,https://langcog.stanford.edu/expts/BLL/kiddraw-recognitionRatings/sketches/ice cream/ice cream_sketch_6_E1c_1510700570912.png,ice cream,ice cream_sketch_6_E1c_1510700570912.png,6,1510700570912.png,TRUE
2659,A2O7H7VXLFN6BP,rabbit,https://langcog.stanford.edu/expts/BLL/kiddraw-recognitionRatings/sketches/rabbit/rabbit_sketch_6_E1c_1510783818788.png,rabbit,rabbit_sketch_6_E1c_1510783818788.png,6,1510783818788.png,TRUE
2660,A2O7H7VXLFN6BP,phone,https://langcog.stanford.edu/expts/BLL/kiddraw-recognitionRatings/sketches/phone/phone_sketch_7_E1c_1510263944688.png,phone,phone_sketch_7_E1c_1510263944688.png,7,1510263944688.png,TRUE
2661,A2O7H7VXLFN6BP,flower,https://langcog.stanford.edu/expts/BLL/kiddraw-recognitionRatings/sketches/flower/flower_sketch_7_E1c_1510783353272.png,flower,flower_sketch_7_E1c_1510783353272.png,7,1510783353272.png,TRUE
2662,A2O7H7VXLFN6BP,car,https://langcog.stanford.edu/expts/BLL/kiddraw-recognitionRatings/sketches/car/car_sketch_5_E1c_1511301440421.png,car,car_sketch_5_E1c_1511301440421.png,5,1511301440421.png,TRUE
2663,A2O7H7VXLFN6BP,frog,https://langcog.stanford.edu/expts/BLL/kiddraw-recognitionRatings/sketches/frog/frog_sketch_6_E1c_1511293092153.png,frog,frog_sketch_6_E1c_1511293092153.png,6,1511293092153.png,TRUE
2664,A2O7H7VXLFN6BP,cat,https://langcog.stanford.edu/expts/BLL/kiddraw-recognitionRatings/sketches/rabbit/rabbit_sketch_10_E1c_1510684833991.png,rabbit,rabbit_sketch_10_E1c_1510684833991.png,10,1510684833991.png,FALSE
2665,A2O7H7VXLFN6BP,car,https://langcog.stanford.edu/expts/BLL/kiddraw-recognitionRatings/sketches/car/car_sketch_7_E1c_1510783353272.png,car,car_sketch_7_E1c_1510783353272.png,7,1510783353272.png,TRUE
2666,A2O7H7VXLFN6BP,shoe,https://langcog.stanford.edu/expts/BLL/kiddraw-recognitionRatings/sketches/train/train_sketch_5_E1c_1510258311547.png,train,train_sketch_5_E1c_1510258311547.png,5,1510258311547.png,FALSE
2667,A2O7H7VXLFN6BP,phone,https://langcog.stanford.edu/expts/BLL/kiddraw-recognitionRatings/sketches/phone/phone_sketch_7_E1c_1511301009480.png,phone,phone_sketch_7_E1c_1511301009480.png,7,1511301009480.png,TRUE
2668,A2O7H7VXLFN6BP,cup,https://langcog.stanford.edu/expts/BLL/kiddraw-recognitionRatings/sketches/cup/cup_sketch_10_E1c_1511301807087.png,cup,cup_sketch_10_E1c_1511301807087.png,10,1511301807087.png,TRUE
2669,A2O7H7VXLFN6BP,banana,https://langcog.stanford.edu/expts/BLL/kiddraw-recognitionRatings/sketches/banana/banana_sketch_10_E1c_1510684833991.png,banana,banana_sketch_10_E1c_1510684833991.png,10,1510684833991.png,TRUE
2670,A2O7H7VXLFN6BP,carrot,https://langcog.stanford.edu/expts/BLL/kiddraw-recognitionRatings/sketches/carrot/carrot_sketch_10_E1c_1511293452162.png,carrot,carrot_sketch_10_E1c_1511293452162.png,10,1511293452162.png,TRUE
2671,A2O7H7VXLFN6BP,shoe,https://langcog.stanford.edu/expts/BLL/kiddraw-recognitionRatings/sketches/shoe/shoe_sketch_10_E1c_1511301807087.png,shoe,shoe_sketch_10_E1c_1511301807087.png,10,1511301807087.png,TRUE
2672,A2O7H7VXLFN6BP,cannott tell at all,https://langcog.stanford.edu/expts/BLL/kiddraw-recognitionRatings/sketches/cup/cup_sketch_8_E1c_1510787010922.png,cup,cup_sketch_8_E1c_1510787010922.png,8,1510787010922.png,FALSE
2673,A2O7H7VXLFN6BP,cannott tell at all,https://langcog.stanford.edu/expts/BLL/kiddraw-recognitionRatings/sketches/couch/couch_sketch_5_E1c_1510256904834.png,couch,couch_sketch_5_E1c_1510256904834.png,5,1510256904834.png,FALSE
2674,A2O7H7VXLFN6BP,banana,https://langcog.stanford.edu/expts/BLL/kiddraw-recognitionRatings/sketches/banana/banana_sketch_9_E1c_1510686242527.png,banana,banana_sketch_9_E1c_1510686242527.png,9,1510686242527.png,TRUE
2675,A2O7H7VXLFN6BP,boat,https://langcog.stanford.edu/expts/BLL/kiddraw-recognitionRatings/sketches/boat/boat_sketch_6_E1c_1510783818788.png,boat,boat_sketch_6_E1c_1510783818788.png,6,1510783818788.png,TRUE
2676,A2O7H7VXLFN6BP,flower,https://langcog.stanford.edu/expts/BLL/kiddraw-recognitionRatings/sketches/flower/flower_sketch_8_E1c_1511293754661.png,flower,flower_sketch_8_E1c_1511293754661.png,8,1511293754661.png,TRUE
2677,A2O7H7VXLFN6BP,rabbit,https://langcog.stanford.edu/expts/BLL/kiddraw-recognitionRatings/sketches/rabbit/rabbit_sketch_6_E1c_1511293092153.png,rabbit,rabbit_sketch_6_E1c_1511293092153.png,6,1511293092153.png,TRUE
2678,A2O7H7VXLFN6BP,cat,https://langcog.stanford.edu/expts/BLL/kiddraw-recognitionRatings/sketches/rabbit/rabbit_sketch_7_E1c_1511301009480.png,rabbit,rabbit_sketch_7_E1c_1511301009480.png,7,1511301009480.png,FALSE
2679,A2O7H7VXLFN6BP,flower,https://langcog.stanford.edu/expts/BLL/kiddraw-recognitionRatings/sketches/flower/flower_sketch_7_E1c_1510870100423.png,flower,flower_sketch_7_E1c_1510870100423.png,7,1510870100423.png,TRUE
2680,A2O7H7VXLFN6BP,banana,https://langcog.stanford.edu/expts/BLL/kiddraw-recognitionRatings/sketches/banana/banana_sketch_10_E1c_1511293452162.png,banana,banana_sketch_10_E1c_1511293452162.png,10,1511293452162.png,TRUE
2681,A2O7H7VXLFN6BP,carrot,https://langcog.stanford.edu/expts/BLL/kiddraw-recognitionRatings/sketches/carrot/carrot_sketch_10_E1c_1510255462419.png,carrot,carrot_sketch_10_E1c_1510255462419.png,10,1510255462419.png,TRUE
2682,A2O7H7VXLFN6BP,flower,https://langcog.stanford.edu/expts/BLL/kiddraw-recognitionRatings/sketches/rabbit/rabbit_sketch_4_E1c_1510263067113.png,rabbit,rabbit_sketch_4_E1c_1510263067113.png,4,1510263067113.png,FALSE
2683,A2O7H7VXLFN6BP,boat,https://langcog.stanford.edu/expts/BLL/kiddraw-recognitionRatings/sketches/boat/boat_sketch_6_E1c_1510695588717.png,boat,boat_sketch_6_E1c_1510695588717.png,6,1510695588717.png,TRUE
2684,A2O7H7VXLFN6BP,shoe,https://langcog.stanford.edu/expts/BLL/kiddraw-recognitionRatings/sketches/banana/banana_sketch_8_E1c_1511300355318.png,banana,banana_sketch_8_E1c_1511300355318.png,8,1511300355318.png,FALSE
2685,A2O7H7VXLFN6BP,cannott tell at all,https://langcog.stanford.edu/expts/BLL/kiddraw-recognitionRatings/sketches/chair/chair_sketch_6_E1c_1510690510319.png,chair,chair_sketch_6_E1c_1510690510319.png,6,1510690510319.png,FALSE
2686,A2O7H7VXLFN6BP,phone,https://langcog.stanford.edu/expts/BLL/kiddraw-recognitionRatings/sketches/phone/phone_sketch_10_E1c_1510684833991.png,phone,phone_sketch_10_E1c_1510684833991.png,10,1510684833991.png,TRUE
2687,A2O7H7VXLFN6BP,cat,https://langcog.stanford.edu/expts/BLL/kiddraw-recognitionRatings/sketches/cat/cat_sketch_7_E1c_1510263944688.png,cat,cat_sketch_7_E1c_1510263944688.png,7,1510263944688.png,TRUE
2688,A2O7H7VXLFN6BP,rabbit,https://langcog.stanford.edu/expts/BLL/kiddraw-recognitionRatings/sketches/rabbit/rabbit_sketch_8_E1c_1511293924452.png,rabbit,rabbit_sketch_8_E1c_1511293924452.png,8,1511293924452.png,TRUE
2689,A2O7H7VXLFN6BP,car,https://langcog.stanford.edu/expts/BLL/kiddraw-recognitionRatings/sketches/train/train_sketch_8_E1c_1511300355318.png,train,train_sketch_8_E1c_1511300355318.png,8,1511300355318.png,FALSE
2690,A2O7H7VXLFN6BP,ice cream,https://langcog.stanford.edu/expts/BLL/kiddraw-recognitionRatings/sketches/carrot/carrot_sketch_5_E1c_1510786719020.png,carrot,carrot_sketch_5_E1c_1510786719020.png,5,1510786719020.png,FALSE
2691,A2O7H7VXLFN6BP,shoe,https://langcog.stanford.edu/expts/BLL/kiddraw-recognitionRatings/sketches/shoe/shoe_sketch_5_E1c_1510786719020.png,shoe,shoe_sketch_5_E1c_1510786719020.png,5,1510786719020.png,TRUE
2692,A2O7H7VXLFN6BP,foot,https://langcog.stanford.edu/expts/BLL/kiddraw-recognitionRatings/sketches/foot/foot_sketch_8_E1c_1510262448790.png,foot,foot_sketch_8_E1c_1510262448790.png,8,1510262448790.png,TRUE
2693,A2O7H7VXLFN6BP,flower,https://langcog.stanford.edu/expts/BLL/kiddraw-recognitionRatings/sketches/flower/flower_sketch_9_E1c_1510689458884.png,flower,flower_sketch_9_E1c_1510689458884.png,9,1510689458884.png,TRUE
2694,A2O7H7VXLFN6BP,banana,https://langcog.stanford.edu/expts/BLL/kiddraw-recognitionRatings/sketches/banana/banana_sketch_6_E1c_1510782034963.png,banana,banana_sketch_6_E1c_1510782034963.png,6,1510782034963.png,TRUE
2695,A2O7H7VXLFN6BP,foot,https://langcog.stanford.edu/expts/BLL/kiddraw-recognitionRatings/sketches/shoe/shoe_sketch_8_E1c_1510870628731.png,shoe,shoe_sketch_8_E1c_1510870628731.png,8,1510870628731.png,FALSE
2696,A2O7H7VXLFN6BP,flower,https://langcog.stanford.edu/expts/BLL/kiddraw-recognitionRatings/sketches/flower/flower_sketch_8_E1c_1510870628731.png,flower,flower_sketch_8_E1c_1510870628731.png,8,1510870628731.png,TRUE
2697,A2O7H7VXLFN6BP,cat,https://langcog.stanford.edu/expts/BLL/kiddraw-recognitionRatings/sketches/rabbit/rabbit_sketch_9_E1c_1510686242527.png,rabbit,rabbit_sketch_9_E1c_1510686242527.png,9,1510686242527.png,FALSE
2698,A2O7H7VXLFN6BP,rabbit,https://langcog.stanford.edu/expts/BLL/kiddraw-recognitionRatings/sketches/rabbit/rabbit_sketch_6_E1c_1511292286803.png,rabbit,rabbit_sketch_6_E1c_1511292286803.png,6,1511292286803.png,TRUE
2699,A2O7H7VXLFN6BP,boat,https://langcog.stanford.edu/expts/BLL/kiddraw-recognitionRatings/sketches/couch/couch_sketch_8_E1c_1510787010922.png,couch,couch_sketch_8_E1c_1510787010922.png,8,1510787010922.png,FALSE
2700,A2O7H7VXLFN6BP,boat,https://langcog.stanford.edu/expts/BLL/kiddraw-recognitionRatings/sketches/boat/boat_sketch_10_E1c_1511301807087.png,boat,boat_sketch_10_E1c_1511301807087.png,10,1511301807087.png,TRUE
2701,A2O7H7VXLFN6BP,car,https://langcog.stanford.edu/expts/BLL/kiddraw-recognitionRatings/sketches/car/car_sketch_8_E1c_1511293754661.png,car,car_sketch_8_E1c_1511293754661.png,8,1511293754661.png,TRUE
2702,A2O7H7VXLFN6BP,car,https://langcog.stanford.edu/expts/BLL/kiddraw-recognitionRatings/sketches/car/car_sketch_5_E1c_1510786719020.png,car,car_sketch_5_E1c_1510786719020.png,5,1510786719020.png,TRUE
2703,A2O7H7VXLFN6BP,boat,https://langcog.stanford.edu/expts/BLL/kiddraw-recognitionRatings/sketches/boat/boat_sketch_7_E1c_1511301009480.png,boat,boat_sketch_7_E1c_1511301009480.png,7,1511301009480.png,TRUE
2704,A2O7H7VXLFN6BP,cat,https://langcog.stanford.edu/expts/BLL/kiddraw-recognitionRatings/sketches/cat/cat_sketch_8_E1c_1511293924452.png,cat,cat_sketch_8_E1c_1511293924452.png,8,1511293924452.png,TRUE
2705,A2O7H7VXLFN6BP,train,https://langcog.stanford.edu/expts/BLL/kiddraw-recognitionRatings/sketches/train/train_sketch_10_E1c_1511301807087.png,train,train_sketch_10_E1c_1511301807087.png,10,1511301807087.png,TRUE
2706,A2O7H7VXLFN6BP,cup,https://langcog.stanford.edu/expts/BLL/kiddraw-recognitionRatings/sketches/cup/cup_sketch_10_E1c_1510255462419.png,cup,cup_sketch_10_E1c_1510255462419.png,10,1510255462419.png,TRUE
2707,A2O7H7VXLFN6BP,person,https://langcog.stanford.edu/expts/BLL/kiddraw-recognitionRatings/sketches/boat/boat_sketch_8_E1c_1510870628731.png,boat,boat_sketch_8_E1c_1510870628731.png,8,1510870628731.png,FALSE
2708,A2O7H7VXLFN6BP,flower,https://langcog.stanford.edu/expts/BLL/kiddraw-recognitionRatings/sketches/foot/foot_sketch_5_E1c_1510258311547.png,foot,foot_sketch_5_E1c_1510258311547.png,5,1510258311547.png,FALSE
2709,A2O7H7VXLFN6BP,car,https://langcog.stanford.edu/expts/BLL/kiddraw-recognitionRatings/sketches/car/car_sketch_7_E1c_1511301009480.png,car,car_sketch_7_E1c_1511301009480.png,7,1511301009480.png,TRUE
2710,A2O7H7VXLFN6BP,train,https://langcog.stanford.edu/expts/BLL/kiddraw-recognitionRatings/sketches/train/train_sketch_6_E1c_1510700570912.png,train,train_sketch_6_E1c_1510700570912.png,6,1510700570912.png,TRUE
2711,A2O7H7VXLFN6BP,train,https://langcog.stanford.edu/expts/BLL/kiddraw-recognitionRatings/sketches/train/train_sketch_6_E1c_1511292286803.png,train,train_sketch_6_E1c_1511292286803.png,6,1511292286803.png,TRUE
2712,A2O7H7VXLFN6BP,shoe,https://langcog.stanford.edu/expts/BLL/kiddraw-recognitionRatings/sketches/shoe/shoe_sketch_10_E1c_1510255462419.png,shoe,shoe_sketch_10_E1c_1510255462419.png,10,1510255462419.png,TRUE
2713,A2O7H7VXLFN6BP,phone,https://langcog.stanford.edu/expts/BLL/kiddraw-recognitionRatings/sketches/phone/phone_sketch_7_E1c_1511301634355.png,phone,phone_sketch_7_E1c_1511301634355.png,7,1511301634355.png,TRUE
2714,A2O7H7VXLFN6BP,bean,https://langcog.stanford.edu/expts/BLL/kiddraw-recognitionRatings/sketches/shoe/shoe_sketch_6_E1c_1511292286803.png,shoe,shoe_sketch_6_E1c_1511292286803.png,6,1511292286803.png,FALSE
2715,A2O7H7VXLFN6BP,car,https://langcog.stanford.edu/expts/BLL/kiddraw-recognitionRatings/sketches/car/car_sketch_8_E1c_1510787010922.png,car,car_sketch_8_E1c_1510787010922.png,8,1510787010922.png,TRUE
2716,A2O7H7VXLFN6BP,flower,https://langcog.stanford.edu/expts/BLL/kiddraw-recognitionRatings/sketches/flower/flower_sketch_10_E1c_1510684833991.png,flower,flower_sketch_10_E1c_1510684833991.png,10,1510684833991.png,TRUE
2717,A2O7H7VXLFN6BP,banana,https://langcog.stanford.edu/expts/BLL/kiddraw-recognitionRatings/sketches/banana/banana_sketch_8_E1c_1510254933095.png,banana,banana_sketch_8_E1c_1510254933095.png,8,1510254933095.png,TRUE
2718,A2O7H7VXLFN6BP,cat,https://langcog.stanford.edu/expts/BLL/kiddraw-recognitionRatings/sketches/cat/cat_sketch_5_E1c_1510786719020.png,cat,cat_sketch_5_E1c_1510786719020.png,5,1510786719020.png,TRUE
2719,A2O7H7VXLFN6BP,ice cream,https://langcog.stanford.edu/expts/BLL/kiddraw-recognitionRatings/sketches/ice cream/ice cream_sketch_10_E1c_1510783638074.png,ice cream,ice cream_sketch_10_E1c_1510783638074.png,10,1510783638074.png,TRUE
2720,A2O7H7VXLFN6BP,cannott tell at all,https://langcog.stanford.edu/expts/BLL/kiddraw-recognitionRatings/sketches/train/train_sketch_4_E1c_1510268275436.png,train,train_sketch_4_E1c_1510268275436.png,4,1510268275436.png,FALSE
2721,A2O7H7VXLFN6BP,cat,https://langcog.stanford.edu/expts/BLL/kiddraw-recognitionRatings/sketches/cat/cat_sketch_7_E1c_1510870100423.png,cat,cat_sketch_7_E1c_1510870100423.png,7,1510870100423.png,TRUE
2722,A2O7H7VXLFN6BP,flower,https://langcog.stanford.edu/expts/BLL/kiddraw-recognitionRatings/sketches/flower/flower_sketch_4_E1c_1510691847400.png,flower,flower_sketch_4_E1c_1510691847400.png,4,1510691847400.png,TRUE
2723,A2O7H7VXLFN6BP,ice cream,https://langcog.stanford.edu/expts/BLL/kiddraw-recognitionRatings/sketches/carrot/carrot_sketch_10_E1c_1511301807087.png,carrot,carrot_sketch_10_E1c_1511301807087.png,10,1511301807087.png,FALSE
2724,A2O7H7VXLFN6BP,cannott tell at all,https://langcog.stanford.edu/expts/BLL/kiddraw-recognitionRatings/sketches/carrot/carrot_sketch_5_E1c_1511301440421.png,carrot,carrot_sketch_5_E1c_1511301440421.png,5,1511301440421.png,FALSE
2725,A2O7H7VXLFN6BP,flower,https://langcog.stanford.edu/expts/BLL/kiddraw-recognitionRatings/sketches/flower/flower_sketch_8_E1c_1511300850043.png,flower,flower_sketch_8_E1c_1511300850043.png,8,1511300850043.png,TRUE
2726,A2O7H7VXLFN6BP,phone,https://langcog.stanford.edu/expts/BLL/kiddraw-recognitionRatings/sketches/banana/banana_sketch_5_E1c_1511301440421.png,banana,banana_sketch_5_E1c_1511301440421.png,5,1511301440421.png,FALSE
2727,A2O7H7VXLFN6BP,cannott tell at all,https://langcog.stanford.edu/expts/BLL/kiddraw-recognitionRatings/sketches/frog/frog_sketch_8_E1c_1510870628731.png,frog,frog_sketch_8_E1c_1510870628731.png,8,1510870628731.png,FALSE
2728,A2O7H7VXLFN6BP,cannott tell at all,https://langcog.stanford.edu/expts/BLL/kiddraw-recognitionRatings/sketches/phone/phone_sketch_4_E1c_1510252568116.png,phone,phone_sketch_4_E1c_1510252568116.png,4,1510252568116.png,FALSE
2729,A2O7H7VXLFN6BP,chair,https://langcog.stanford.edu/expts/BLL/kiddraw-recognitionRatings/sketches/chair/chair_sketch_5_E1c_1510253748384.png,chair,chair_sketch_5_E1c_1510253748384.png,5,1510253748384.png,TRUE
2730,A2O7H7VXLFN6BP,train,https://langcog.stanford.edu/expts/BLL/kiddraw-recognitionRatings/sketches/train/train_sketch_6_E1c_1510690510319.png,train,train_sketch_6_E1c_1510690510319.png,6,1510690510319.png,TRUE
2731,A2O7H7VXLFN6BP,phone,https://langcog.stanford.edu/expts/BLL/kiddraw-recognitionRatings/sketches/phone/phone_sketch_8_E1c_1510254933095.png,phone,phone_sketch_8_E1c_1510254933095.png,8,1510254933095.png,TRUE
2732,A2O7H7VXLFN6BP,phone,https://langcog.stanford.edu/expts/BLL/kiddraw-recognitionRatings/sketches/phone/phone_sketch_6_E1c_1510782034963.png,phone,phone_sketch_6_E1c_1510782034963.png,6,1510782034963.png,TRUE
2733,A2O7H7VXLFN6BP,shoe,https://langcog.stanford.edu/expts/BLL/kiddraw-recognitionRatings/sketches/shoe/shoe_sketch_10_E1c_1511293452162.png,shoe,shoe_sketch_10_E1c_1511293452162.png,10,1511293452162.png,TRUE
2734,A2O7H7VXLFN6BP,cup,https://langcog.stanford.edu/expts/BLL/kiddraw-recognitionRatings/sketches/cup/cup_sketch_8_E1c_1510690264523.png,cup,cup_sketch_8_E1c_1510690264523.png,8,1510690264523.png,TRUE
2735,A2O7H7VXLFN6BP,chair,https://langcog.stanford.edu/expts/BLL/kiddraw-recognitionRatings/sketches/shoe/shoe_sketch_7_E1c_1510263944688.png,shoe,shoe_sketch_7_E1c_1510263944688.png,7,1510263944688.png,FALSE
2736,A2O7H7VXLFN6BP,foot,https://langcog.stanford.edu/expts/BLL/kiddraw-recognitionRatings/sketches/foot/foot_sketch_5_E1c_1510786719020.png,foot,foot_sketch_5_E1c_1510786719020.png,5,1510786719020.png,TRUE
2737,A2O7H7VXLFN6BP,flower,https://langcog.stanford.edu/expts/BLL/kiddraw-recognitionRatings/sketches/flower/flower_sketch_8_E1c_1510787010922.png,flower,flower_sketch_8_E1c_1510787010922.png,8,1510787010922.png,TRUE
2738,A2O7H7VXLFN6BP,ice cream,https://langcog.stanford.edu/expts/BLL/kiddraw-recognitionRatings/sketches/ice cream/ice cream_sketch_8_E1c_1510254933095.png,ice cream,ice cream_sketch_8_E1c_1510254933095.png,8,1510254933095.png,TRUE
2739,A2O7H7VXLFN6BP,banana,https://langcog.stanford.edu/expts/BLL/kiddraw-recognitionRatings/sketches/banana/banana_sketch_5_E1c_1510786719020.png,banana,banana_sketch_5_E1c_1510786719020.png,5,1510786719020.png,TRUE
2740,A2O7H7VXLFN6BP,train,https://langcog.stanford.edu/expts/BLL/kiddraw-recognitionRatings/sketches/train/train_sketch_9_E1c_1510689458884.png,train,train_sketch_9_E1c_1510689458884.png,9,1510689458884.png,TRUE
2741,A2O7H7VXLFN6BP,cannott tell at all,https://langcog.stanford.edu/expts/BLL/kiddraw-recognitionRatings/sketches/ice cream/ice cream_sketch_5_E1c_1510253748384.png,ice cream,ice cream_sketch_5_E1c_1510253748384.png,5,1510253748384.png,FALSE
2742,A2O7H7VXLFN6BP,cannott tell at all,https://langcog.stanford.edu/expts/BLL/kiddraw-recognitionRatings/sketches/cup/cup_sketch_6_E1c_1510695588717.png,cup,cup_sketch_6_E1c_1510695588717.png,6,1510695588717.png,FALSE
2743,A2O7H7VXLFN6BP,flower,https://langcog.stanford.edu/expts/BLL/kiddraw-recognitionRatings/sketches/cup/cup_sketch_5_E1c_1510258311547.png,cup,cup_sketch_5_E1c_1510258311547.png,5,1510258311547.png,FALSE
2744,A2O7H7VXLFN6BP,banana,https://langcog.stanford.edu/expts/BLL/kiddraw-recognitionRatings/sketches/banana/banana_sketch_8_E1c_1511292658766.png,banana,banana_sketch_8_E1c_1511292658766.png,8,1511292658766.png,TRUE
2745,A2O7H7VXLFN6BP,foot,https://langcog.stanford.edu/expts/BLL/kiddraw-recognitionRatings/sketches/foot/foot_sketch_8_E1c_1511293754661.png,foot,foot_sketch_8_E1c_1511293754661.png,8,1511293754661.png,TRUE
2746,A2O7H7VXLFN6BP,person,https://langcog.stanford.edu/expts/BLL/kiddraw-recognitionRatings/sketches/frog/frog_sketch_10_E1c_1510684833991.png,frog,frog_sketch_10_E1c_1510684833991.png,10,1510684833991.png,FALSE
2747,A2O7H7VXLFN6BP,cat,https://langcog.stanford.edu/expts/BLL/kiddraw-recognitionRatings/sketches/cat/cat_sketch_8_E1c_1511300850043.png,cat,cat_sketch_8_E1c_1511300850043.png,8,1511300850043.png,TRUE
2748,A2O7H7VXLFN6BP,bean,https://langcog.stanford.edu/expts/BLL/kiddraw-recognitionRatings/sketches/phone/phone_sketch_8_E1c_1510870628731.png,phone,phone_sketch_8_E1c_1510870628731.png,8,1510870628731.png,FALSE
2749,A2O7H7VXLFN6BP,ice cream,https://langcog.stanford.edu/expts/BLL/kiddraw-recognitionRatings/sketches/ice cream/ice cream_sketch_7_E1c_1510870100423.png,ice cream,ice cream_sketch_7_E1c_1510870100423.png,7,1510870100423.png,TRUE
2750,A2O7H7VXLFN6BP,ice cream,https://langcog.stanford.edu/expts/BLL/kiddraw-recognitionRatings/sketches/ice cream/ice cream_sketch_8_E1c_1510262448790.png,ice cream,ice cream_sketch_8_E1c_1510262448790.png,8,1510262448790.png,TRUE
2751,A2O7H7VXLFN6BP,banana,https://langcog.stanford.edu/expts/BLL/kiddraw-recognitionRatings/sketches/banana/banana_sketch_6_E1c_1511292022297.png,banana,banana_sketch_6_E1c_1511292022297.png,6,1511292022297.png,TRUE
2752,A2O7H7VXLFN6BP,person,https://langcog.stanford.edu/expts/BLL/kiddraw-recognitionRatings/sketches/rabbit/rabbit_sketch_8_E1c_1510787010922.png,rabbit,rabbit_sketch_8_E1c_1510787010922.png,8,1510787010922.png,FALSE
2753,A2O7H7VXLFN6BP,chair,https://langcog.stanford.edu/expts/BLL/kiddraw-recognitionRatings/sketches/chair/chair_sketch_8_E1c_1510254933095.png,chair,chair_sketch_8_E1c_1510254933095.png,8,1510254933095.png,TRUE
2754,A2O7H7VXLFN6BP,cat,https://langcog.stanford.edu/expts/BLL/kiddraw-recognitionRatings/sketches/cat/cat_sketch_8_E1c_1511300355318.png,cat,cat_sketch_8_E1c_1511300355318.png,8,1511300355318.png,TRUE
2755,A2O7H7VXLFN6BP,cup,https://langcog.stanford.edu/expts/BLL/kiddraw-recognitionRatings/sketches/cup/cup_sketch_8_E1c_1511293924452.png,cup,cup_sketch_8_E1c_1511293924452.png,8,1511293924452.png,TRUE
2756,A2O7H7VXLFN6BP,person,https://langcog.stanford.edu/expts/BLL/kiddraw-recognitionRatings/sketches/rabbit/rabbit_sketch_5_E1c_1510256904834.png,rabbit,rabbit_sketch_5_E1c_1510256904834.png,5,1510256904834.png,FALSE
2757,A2O7H7VXLFN6BP,person,https://langcog.stanford.edu/expts/BLL/kiddraw-recognitionRatings/sketches/chair/chair_sketch_8_E1c_1510787010922.png,chair,chair_sketch_8_E1c_1510787010922.png,8,1510787010922.png,FALSE
2758,A2O7H7VXLFN6BP,car,https://langcog.stanford.edu/expts/BLL/kiddraw-recognitionRatings/sketches/car/car_sketch_5_E1c_1510870384576.png,car,car_sketch_5_E1c_1510870384576.png,5,1510870384576.png,TRUE
2759,A2O7H7VXLFN6BP,train,https://langcog.stanford.edu/expts/BLL/kiddraw-recognitionRatings/sketches/train/train_sketch_7_E1c_1510870100423.png,train,train_sketch_7_E1c_1510870100423.png,7,1510870100423.png,TRUE
2760,A2O7H7VXLFN6BP,cup,https://langcog.stanford.edu/expts/BLL/kiddraw-recognitionRatings/sketches/cup/cup_sketch_10_E1c_1511293452162.png,cup,cup_sketch_10_E1c_1511293452162.png,10,1511293452162.png,TRUE
2761,A2O7H7VXLFN6BP,foot,https://langcog.stanford.edu/expts/BLL/kiddraw-recognitionRatings/sketches/foot/foot_sketch_10_E1c_1510684833991.png,foot,foot_sketch_10_E1c_1510684833991.png,10,1510684833991.png,TRUE
2762,A2O7H7VXLFN6BP,flower,https://langcog.stanford.edu/expts/BLL/kiddraw-recognitionRatings/sketches/flower/flower_sketch_8_E1c_1511292658766.png,flower,flower_sketch_8_E1c_1511292658766.png,8,1511292658766.png,TRUE
2763,A2O7H7VXLFN6BP,frog,https://langcog.stanford.edu/expts/BLL/kiddraw-recognitionRatings/sketches/frog/frog_sketch_6_E1c_1510700570912.png,frog,frog_sketch_6_E1c_1510700570912.png,6,1510700570912.png,TRUE
2764,A2O7H7VXLFN6BP,cannott tell at all,https://langcog.stanford.edu/expts/BLL/kiddraw-recognitionRatings/sketches/boat/boat_sketch_8_E1c_1510787010922.png,boat,boat_sketch_8_E1c_1510787010922.png,8,1510787010922.png,FALSE
2765,A2O7H7VXLFN6BP,phone,https://langcog.stanford.edu/expts/BLL/kiddraw-recognitionRatings/sketches/phone/phone_sketch_7_E1c_1510870100423.png,phone,phone_sketch_7_E1c_1510870100423.png,7,1510870100423.png,TRUE
2766,A2O7H7VXLFN6BP,carrot,https://langcog.stanford.edu/expts/BLL/kiddraw-recognitionRatings/sketches/carrot/carrot_sketch_8_E1c_1511293754661.png,carrot,carrot_sketch_8_E1c_1511293754661.png,8,1511293754661.png,TRUE
2767,A2O7H7VXLFN6BP,cat,https://langcog.stanford.edu/expts/BLL/kiddraw-recognitionRatings/sketches/cat/cat_sketch_8_E1c_1510870628731.png,cat,cat_sketch_8_E1c_1510870628731.png,8,1510870628731.png,TRUE
2768,A2O7H7VXLFN6BP,phone,https://langcog.stanford.edu/expts/BLL/kiddraw-recognitionRatings/sketches/phone/phone_sketch_8_E1c_1511293924452.png,phone,phone_sketch_8_E1c_1511293924452.png,8,1511293924452.png,TRUE
2769,A2O7H7VXLFN6BP,ice cream,https://langcog.stanford.edu/expts/BLL/kiddraw-recognitionRatings/sketches/ice cream/ice cream_sketch_5_E1c_1510870384576.png,ice cream,ice cream_sketch_5_E1c_1510870384576.png,5,1510870384576.png,TRUE
2770,A2O7H7VXLFN6BP,chair,https://langcog.stanford.edu/expts/BLL/kiddraw-recognitionRatings/sketches/chair/chair_sketch_7_E1c_1510783353272.png,chair,chair_sketch_7_E1c_1510783353272.png,7,1510783353272.png,TRUE
2771,A2O7H7VXLFN6BP,rabbit,https://langcog.stanford.edu/expts/BLL/kiddraw-recognitionRatings/sketches/rabbit/rabbit_sketch_6_E1c_1511292022297.png,rabbit,rabbit_sketch_6_E1c_1511292022297.png,6,1511292022297.png,TRUE
2772,A2O7H7VXLFN6BP,cannott tell at all,https://langcog.stanford.edu/expts/BLL/kiddraw-recognitionRatings/sketches/foot/foot_sketch_6_E1c_1511292286803.png,foot,foot_sketch_6_E1c_1511292286803.png,6,1511292286803.png,FALSE
2773,A2O7H7VXLFN6BP,cannott tell at all,https://langcog.stanford.edu/expts/BLL/kiddraw-recognitionRatings/sketches/foot/foot_sketch_4_E1c_1510252568116.png,foot,foot_sketch_4_E1c_1510252568116.png,4,1510252568116.png,FALSE
2774,A2O7H7VXLFN6BP,chair,https://langcog.stanford.edu/expts/BLL/kiddraw-recognitionRatings/sketches/chair/chair_sketch_8_E1c_1511293924452.png,chair,chair_sketch_8_E1c_1511293924452.png,8,1511293924452.png,TRUE
2775,A2O7H7VXLFN6BP,flower,https://langcog.stanford.edu/expts/BLL/kiddraw-recognitionRatings/sketches/foot/foot_sketch_5_E1c_1511301440421.png,foot,foot_sketch_5_E1c_1511301440421.png,5,1511301440421.png,FALSE
2776,A2O7H7VXLFN6BP,chair,https://langcog.stanford.edu/expts/BLL/kiddraw-recognitionRatings/sketches/chair/chair_sketch_7_E1c_1510870100423.png,chair,chair_sketch_7_E1c_1510870100423.png,7,1510870100423.png,TRUE
2777,A2O7H7VXLFN6BP,bean,https://langcog.stanford.edu/expts/BLL/kiddraw-recognitionRatings/sketches/shoe/shoe_sketch_6_E1c_1510695588717.png,shoe,shoe_sketch_6_E1c_1510695588717.png,6,1510695588717.png,FALSE
2778,A2O7H7VXLFN6BP,chair,https://langcog.stanford.edu/expts/BLL/kiddraw-recognitionRatings/sketches/couch/couch_sketch_8_E1c_1510870628731.png,couch,couch_sketch_8_E1c_1510870628731.png,8,1510870628731.png,FALSE
2779,A2O7H7VXLFN6BP,car,https://langcog.stanford.edu/expts/BLL/kiddraw-recognitionRatings/sketches/car/car_sketch_6_E1c_1510695588717.png,car,car_sketch_6_E1c_1510695588717.png,6,1510695588717.png,TRUE
2780,A2O7H7VXLFN6BP,frog,https://langcog.stanford.edu/expts/BLL/kiddraw-recognitionRatings/sketches/frog/frog_sketch_6_E1c_1510782034963.png,frog,frog_sketch_6_E1c_1510782034963.png,6,1510782034963.png,TRUE
2781,A2O7H7VXLFN6BP,flower,https://langcog.stanford.edu/expts/BLL/kiddraw-recognitionRatings/sketches/flower/flower_sketch_5_E1c_1510786719020.png,flower,flower_sketch_5_E1c_1510786719020.png,5,1510786719020.png,TRUE
2782,A2O7H7VXLFN6BP,chair,https://langcog.stanford.edu/expts/BLL/kiddraw-recognitionRatings/sketches/chair/chair_sketch_6_E1c_1511292286803.png,chair,chair_sketch_6_E1c_1511292286803.png,6,1511292286803.png,TRUE
2783,A2O7H7VXLFN6BP,carrot,https://langcog.stanford.edu/expts/BLL/kiddraw-recognitionRatings/sketches/carrot/carrot_sketch_7_E1c_1510263944688.png,carrot,carrot_sketch_7_E1c_1510263944688.png,7,1510263944688.png,TRUE
2784,A2O7H7VXLFN6BP,cannott tell at all,https://langcog.stanford.edu/expts/BLL/kiddraw-recognitionRatings/sketches/boat/boat_sketch_5_E1c_1510253748384.png,boat,boat_sketch_5_E1c_1510253748384.png,5,1510253748384.png,FALSE
2785,A2O7H7VXLFN6BP,car,https://langcog.stanford.edu/expts/BLL/kiddraw-recognitionRatings/sketches/car/car_sketch_6_E1c_1510253415559.png,car,car_sketch_6_E1c_1510253415559.png,6,1510253415559.png,TRUE
2786,A2O7H7VXLFN6BP,frog,https://langcog.stanford.edu/expts/BLL/kiddraw-recognitionRatings/sketches/frog/frog_sketch_7_E1c_1510263944688.png,frog,frog_sketch_7_E1c_1510263944688.png,7,1510263944688.png,TRUE
2787,A2O7H7VXLFN6BP,train,https://langcog.stanford.edu/expts/BLL/kiddraw-recognitionRatings/sketches/train/train_sketch_10_E1c_1511293452162.png,train,train_sketch_10_E1c_1511293452162.png,10,1511293452162.png,TRUE
2788,A2O7H7VXLFN6BP,banana,https://langcog.stanford.edu/expts/BLL/kiddraw-recognitionRatings/sketches/banana/banana_sketch_7_E1c_1511301009480.png,banana,banana_sketch_7_E1c_1511301009480.png,7,1511301009480.png,TRUE
2789,A2O7H7VXLFN6BP,chair,https://langcog.stanford.edu/expts/BLL/kiddraw-recognitionRatings/sketches/chair/chair_sketch_10_E1c_1511301807087.png,chair,chair_sketch_10_E1c_1511301807087.png,10,1511301807087.png,TRUE
2790,A2O7H7VXLFN6BP,car,https://langcog.stanford.edu/expts/BLL/kiddraw-recognitionRatings/sketches/train/train_sketch_5_E1c_1510786719020.png,train,train_sketch_5_E1c_1510786719020.png,5,1510786719020.png,FALSE
2791,A2O7H7VXLFN6BP,rabbit,https://langcog.stanford.edu/expts/BLL/kiddraw-recognitionRatings/sketches/rabbit/rabbit_sketch_8_E1c_1510870628731.png,rabbit,rabbit_sketch_8_E1c_1510870628731.png,8,1510870628731.png,TRUE
2792,A2O7H7VXLFN6BP,cat,https://langcog.stanford.edu/expts/BLL/kiddraw-recognitionRatings/sketches/cat/cat_sketch_8_E1c_1511292658766.png,cat,cat_sketch_8_E1c_1511292658766.png,8,1511292658766.png,TRUE
2793,A2O7H7VXLFN6BP,rabbit,https://langcog.stanford.edu/expts/BLL/kiddraw-recognitionRatings/sketches/rabbit/rabbit_sketch_8_E1c_1510690264523.png,rabbit,rabbit_sketch_8_E1c_1510690264523.png,8,1510690264523.png,TRUE
2794,A2O7H7VXLFN6BP,chair,https://langcog.stanford.edu/expts/BLL/kiddraw-recognitionRatings/sketches/couch/couch_sketch_10_E1c_1511301807087.png,couch,couch_sketch_10_E1c_1511301807087.png,10,1511301807087.png,FALSE
2795,A2O7H7VXLFN6BP,cannott tell at all,https://langcog.stanford.edu/expts/BLL/kiddraw-recognitionRatings/sketches/couch/couch_sketch_6_E1c_1511292022297.png,couch,couch_sketch_6_E1c_1511292022297.png,6,1511292022297.png,FALSE
2796,A2O7H7VXLFN6BP,cannott tell at all,https://langcog.stanford.edu/expts/BLL/kiddraw-recognitionRatings/sketches/cup/cup_sketch_4_E1c_1510691847400.png,cup,cup_sketch_4_E1c_1510691847400.png,4,1510691847400.png,FALSE
2797,A2O7H7VXLFN6BP,carrot,https://langcog.stanford.edu/expts/BLL/kiddraw-recognitionRatings/sketches/carrot/carrot_sketch_7_E1c_1510870100423.png,carrot,carrot_sketch_7_E1c_1510870100423.png,7,1510870100423.png,TRUE
2798,A2O7H7VXLFN6BP,boat,https://langcog.stanford.edu/expts/BLL/kiddraw-recognitionRatings/sketches/boat/boat_sketch_8_E1c_1511292658766.png,boat,boat_sketch_8_E1c_1511292658766.png,8,1511292658766.png,TRUE
2799,A2O7H7VXLFN6BP,cannott tell at all,https://langcog.stanford.edu/expts/BLL/kiddraw-recognitionRatings/sketches/cat/cat_sketch_8_E1c_1510787010922.png,cat,cat_sketch_8_E1c_1510787010922.png,8,1510787010922.png,FALSE
2800,A2O7H7VXLFN6BP,frog,https://langcog.stanford.edu/expts/BLL/kiddraw-recognitionRatings/sketches/frog/frog_sketch_10_E1c_1511293452162.png,frog,frog_sketch_10_E1c_1511293452162.png,10,1511293452162.png,TRUE
2801,A2O7H7VXLFN6BP,carrot,https://langcog.stanford.edu/expts/BLL/kiddraw-recognitionRatings/sketches/carrot/carrot_sketch_6_E1c_1510695588717.png,carrot,carrot_sketch_6_E1c_1510695588717.png,6,1510695588717.png,TRUE
2802,A2O7H7VXLFN6BP,banana,https://langcog.stanford.edu/expts/BLL/kiddraw-recognitionRatings/sketches/banana/banana_sketch_6_E1c_1511292286803.png,banana,banana_sketch_6_E1c_1511292286803.png,6,1511292286803.png,TRUE
2803,A2O7H7VXLFN6BP,shoe,https://langcog.stanford.edu/expts/BLL/kiddraw-recognitionRatings/sketches/shoe/shoe_sketch_6_E1c_1510700570912.png,shoe,shoe_sketch_6_E1c_1510700570912.png,6,1510700570912.png,TRUE
2804,A2O7H7VXLFN6BP,couch,https://langcog.stanford.edu/expts/BLL/kiddraw-recognitionRatings/sketches/couch/couch_sketch_10_E1c_1510684833991.png,couch,couch_sketch_10_E1c_1510684833991.png,10,1510684833991.png,TRUE
2805,A2O7H7VXLFN6BP,train,https://langcog.stanford.edu/expts/BLL/kiddraw-recognitionRatings/sketches/train/train_sketch_6_E1c_1510253415559.png,train,train_sketch_6_E1c_1510253415559.png,6,1510253415559.png,TRUE
2806,A2O7H7VXLFN6BP,person,https://langcog.stanford.edu/expts/BLL/kiddraw-recognitionRatings/sketches/frog/frog_sketch_8_E1c_1510787010922.png,frog,frog_sketch_8_E1c_1510787010922.png,8,1510787010922.png,FALSE
2807,A2O7H7VXLFN6BP,frog,https://langcog.stanford.edu/expts/BLL/kiddraw-recognitionRatings/sketches/frog/frog_sketch_8_E1c_1511293754661.png,frog,frog_sketch_8_E1c_1511293754661.png,8,1511293754661.png,TRUE
2808,A2O7H7VXLFN6BP,frog,https://langcog.stanford.edu/expts/BLL/kiddraw-recognitionRatings/sketches/frog/frog_sketch_8_E1c_1511293924452.png,frog,frog_sketch_8_E1c_1511293924452.png,8,1511293924452.png,TRUE
2809,A2O7H7VXLFN6BP,couch,https://langcog.stanford.edu/expts/BLL/kiddraw-recognitionRatings/sketches/couch/couch_sketch_8_E1c_1510254933095.png,couch,couch_sketch_8_E1c_1510254933095.png,8,1510254933095.png,TRUE
2810,A2O7H7VXLFN6BP,flower,https://langcog.stanford.edu/expts/BLL/kiddraw-recognitionRatings/sketches/flower/flower_sketch_8_E1c_1510262448790.png,flower,flower_sketch_8_E1c_1510262448790.png,8,1510262448790.png,TRUE
2811,A2O7H7VXLFN6BP,car,https://langcog.stanford.edu/expts/BLL/kiddraw-recognitionRatings/sketches/car/car_sketch_6_E1c_1511293092153.png,car,car_sketch_6_E1c_1511293092153.png,6,1511293092153.png,TRUE
2812,A2O7H7VXLFN6BP,cat,https://langcog.stanford.edu/expts/BLL/kiddraw-recognitionRatings/sketches/rabbit/rabbit_sketch_8_E1c_1510254933095.png,rabbit,rabbit_sketch_8_E1c_1510254933095.png,8,1510254933095.png,FALSE
2813,A2O7H7VXLFN6BP,chair,https://langcog.stanford.edu/expts/BLL/kiddraw-recognitionRatings/sketches/chair/chair_sketch_6_E1c_1511293092153.png,chair,chair_sketch_6_E1c_1511293092153.png,6,1511293092153.png,TRUE
2814,A2O7H7VXLFN6BP,person,https://langcog.stanford.edu/expts/BLL/kiddraw-recognitionRatings/sketches/carrot/carrot_sketch_4_E1c_1510268275436.png,carrot,carrot_sketch_4_E1c_1510268275436.png,4,1510268275436.png,FALSE
2815,A2O7H7VXLFN6BP,chair,https://langcog.stanford.edu/expts/BLL/kiddraw-recognitionRatings/sketches/chair/chair_sketch_5_E1c_1511301440421.png,chair,chair_sketch_5_E1c_1511301440421.png,5,1511301440421.png,TRUE
2816,A2O7H7VXLFN6BP,foot,https://langcog.stanford.edu/expts/BLL/kiddraw-recognitionRatings/sketches/foot/foot_sketch_8_E1c_1510254933095.png,foot,foot_sketch_8_E1c_1510254933095.png,8,1510254933095.png,TRUE
2817,A2O7H7VXLFN6BP,boat,https://langcog.stanford.edu/expts/BLL/kiddraw-recognitionRatings/sketches/boat/boat_sketch_8_E1c_1511293924452.png,boat,boat_sketch_8_E1c_1511293924452.png,8,1511293924452.png,TRUE
2818,A2O7H7VXLFN6BP,carrot,https://langcog.stanford.edu/expts/BLL/kiddraw-recognitionRatings/sketches/carrot/carrot_sketch_10_E1c_1510684833991.png,carrot,carrot_sketch_10_E1c_1510684833991.png,10,1510684833991.png,TRUE
2819,A2O7H7VXLFN6BP,foot,https://langcog.stanford.edu/expts/BLL/kiddraw-recognitionRatings/sketches/foot/foot_sketch_10_E1c_1510783638074.png,foot,foot_sketch_10_E1c_1510783638074.png,10,1510783638074.png,TRUE
2820,A2O7H7VXLFN6BP,flower,https://langcog.stanford.edu/expts/BLL/kiddraw-recognitionRatings/sketches/flower/flower_sketch_10_E1c_1510783638074.png,flower,flower_sketch_10_E1c_1510783638074.png,10,1510783638074.png,TRUE
2821,A2O7H7VXLFN6BP,carrot,https://langcog.stanford.edu/expts/BLL/kiddraw-recognitionRatings/sketches/ice cream/ice cream_sketch_8_E1c_1510787010922.png,ice cream,ice cream_sketch_8_E1c_1510787010922.png,8,1510787010922.png,FALSE
2822,A2O7H7VXLFN6BP,chair,https://langcog.stanford.edu/expts/BLL/kiddraw-recognitionRatings/sketches/chair/chair_sketch_10_E1c_1510684833991.png,chair,chair_sketch_10_E1c_1510684833991.png,10,1510684833991.png,TRUE
2823,A2O7H7VXLFN6BP,banana,https://langcog.stanford.edu/expts/BLL/kiddraw-recognitionRatings/sketches/banana/banana_sketch_5_E1c_1510253748384.png,banana,banana_sketch_5_E1c_1510253748384.png,5,1510253748384.png,TRUE
2824,A2O7H7VXLFN6BP,ice cream,https://langcog.stanford.edu/expts/BLL/kiddraw-recognitionRatings/sketches/ice cream/ice cream_sketch_6_E1c_1511292286803.png,ice cream,ice cream_sketch_6_E1c_1511292286803.png,6,1511292286803.png,TRUE
2825,A2O7H7VXLFN6BP,carrot,https://langcog.stanford.edu/expts/BLL/kiddraw-recognitionRatings/sketches/carrot/carrot_sketch_8_E1c_1511300850043.png,carrot,carrot_sketch_8_E1c_1511300850043.png,8,1511300850043.png,TRUE
2826,A2O7H7VXLFN6BP,chair,https://langcog.stanford.edu/expts/BLL/kiddraw-recognitionRatings/sketches/phone/phone_sketch_5_E1c_1511301440421.png,phone,phone_sketch_5_E1c_1511301440421.png,5,1511301440421.png,FALSE
2827,A2O7H7VXLFN6BP,train,https://langcog.stanford.edu/expts/BLL/kiddraw-recognitionRatings/sketches/train/train_sketch_10_E1c_1510684833991.png,train,train_sketch_10_E1c_1510684833991.png,10,1510684833991.png,TRUE
2828,A2O7H7VXLFN6BP,ice cream,https://langcog.stanford.edu/expts/BLL/kiddraw-recognitionRatings/sketches/ice cream/ice cream_sketch_5_E1c_1511301440421.png,ice cream,ice cream_sketch_5_E1c_1511301440421.png,5,1511301440421.png,TRUE
2829,A2O7H7VXLFN6BP,boat,https://langcog.stanford.edu/expts/BLL/kiddraw-recognitionRatings/sketches/boat/boat_sketch_10_E1c_1511293452162.png,boat,boat_sketch_10_E1c_1511293452162.png,10,1511293452162.png,TRUE
2830,A2O7H7VXLFN6BP,chair,https://langcog.stanford.edu/expts/BLL/kiddraw-recognitionRatings/sketches/chair/chair_sketch_8_E1c_1510690264523.png,chair,chair_sketch_8_E1c_1510690264523.png,8,1510690264523.png,TRUE
2831,A2O7H7VXLFN6BP,car,https://langcog.stanford.edu/expts/BLL/kiddraw-recognitionRatings/sketches/car/car_sketch_8_E1c_1511293924452.png,car,car_sketch_8_E1c_1511293924452.png,8,1511293924452.png,TRUE
2832,A2O7H7VXLFN6BP,rabbit,https://langcog.stanford.edu/expts/BLL/kiddraw-recognitionRatings/sketches/rabbit/rabbit_sketch_6_E1c_1510253415559.png,rabbit,rabbit_sketch_6_E1c_1510253415559.png,6,1510253415559.png,TRUE
2833,A2O7H7VXLFN6BP,cannott tell at all,https://langcog.stanford.edu/expts/BLL/kiddraw-recognitionRatings/sketches/boat/boat_sketch_8_E1c_1511300355318.png,boat,boat_sketch_8_E1c_1511300355318.png,8,1511300355318.png,FALSE
2834,A2O7H7VXLFN6BP,cannott tell at all,https://langcog.stanford.edu/expts/BLL/kiddraw-recognitionRatings/sketches/couch/couch_sketch_4_E1c_1510268275436.png,couch,couch_sketch_4_E1c_1510268275436.png,4,1510268275436.png,FALSE
2835,A2O7H7VXLFN6BP,boat,https://langcog.stanford.edu/expts/BLL/kiddraw-recognitionRatings/sketches/car/car_sketch_4_E1c_1510263067113.png,car,car_sketch_4_E1c_1510263067113.png,4,1510263067113.png,FALSE
2836,A2O7H7VXLFN6BP,car,https://langcog.stanford.edu/expts/BLL/kiddraw-recognitionRatings/sketches/car/car_sketch_10_E1c_1510684833991.png,car,car_sketch_10_E1c_1510684833991.png,10,1510684833991.png,TRUE
2837,A2O7H7VXLFN6BP,ice cream,https://langcog.stanford.edu/expts/BLL/kiddraw-recognitionRatings/sketches/ice cream/ice cream_sketch_7_E1c_1511301634355.png,ice cream,ice cream_sketch_7_E1c_1511301634355.png,7,1511301634355.png,TRUE
2838,A2O7H7VXLFN6BP,flower,https://langcog.stanford.edu/expts/BLL/kiddraw-recognitionRatings/sketches/flower/flower_sketch_8_E1c_1510254933095.png,flower,flower_sketch_8_E1c_1510254933095.png,8,1510254933095.png,TRUE
2839,A2O7H7VXLFN6BP,foot,https://langcog.stanford.edu/expts/BLL/kiddraw-recognitionRatings/sketches/foot/foot_sketch_6_E1c_1511292022297.png,foot,foot_sketch_6_E1c_1511292022297.png,6,1511292022297.png,TRUE
2840,A2O7H7VXLFN6BP,cannott tell at all,https://langcog.stanford.edu/expts/BLL/kiddraw-recognitionRatings/sketches/frog/frog_sketch_5_E1c_1510256904834.png,frog,frog_sketch_5_E1c_1510256904834.png,5,1510256904834.png,FALSE
2841,A2O7H7VXLFN6BP,cannott tell at all,https://langcog.stanford.edu/expts/BLL/kiddraw-recognitionRatings/sketches/train/train_sketch_5_E1c_1510253748384.png,train,train_sketch_5_E1c_1510253748384.png,5,1510253748384.png,FALSE
2842,A2O7H7VXLFN6BP,banana,https://langcog.stanford.edu/expts/BLL/kiddraw-recognitionRatings/sketches/banana/banana_sketch_6_E1c_1511293092153.png,banana,banana_sketch_6_E1c_1511293092153.png,6,1511293092153.png,TRUE
2843,A2O7H7VXLFN6BP,ice cream,https://langcog.stanford.edu/expts/BLL/kiddraw-recognitionRatings/sketches/ice cream/ice cream_sketch_8_E1c_1511293754661.png,ice cream,ice cream_sketch_8_E1c_1511293754661.png,8,1511293754661.png,TRUE
2844,A2O7H7VXLFN6BP,boat,https://langcog.stanford.edu/expts/BLL/kiddraw-recognitionRatings/sketches/boat/boat_sketch_9_E1c_1510686242527.png,boat,boat_sketch_9_E1c_1510686242527.png,9,1510686242527.png,TRUE
2845,A2O7H7VXLFN6BP,train,https://langcog.stanford.edu/expts/BLL/kiddraw-recognitionRatings/sketches/couch/couch_sketch_8_E1c_1511293754661.png,couch,couch_sketch_8_E1c_1511293754661.png,8,1511293754661.png,FALSE
2846,A2O7H7VXLFN6BP,chair,https://langcog.stanford.edu/expts/BLL/kiddraw-recognitionRatings/sketches/chair/chair_sketch_8_E1c_1510870628731.png,chair,chair_sketch_8_E1c_1510870628731.png,8,1510870628731.png,TRUE
2847,A2O7H7VXLFN6BP,rabbit,https://langcog.stanford.edu/expts/BLL/kiddraw-recognitionRatings/sketches/rabbit/rabbit_sketch_8_E1c_1511300355318.png,rabbit,rabbit_sketch_8_E1c_1511300355318.png,8,1511300355318.png,TRUE
2848,A2O7H7VXLFN6BP,cannott tell at all,https://langcog.stanford.edu/expts/BLL/kiddraw-recognitionRatings/sketches/frog/frog_sketch_5_E1c_1510258311547.png,frog,frog_sketch_5_E1c_1510258311547.png,5,1510258311547.png,FALSE
2849,A2O7H7VXLFN6BP,flower,https://langcog.stanford.edu/expts/BLL/kiddraw-recognitionRatings/sketches/flower/flower_sketch_7_E1c_1511301009480.png,flower,flower_sketch_7_E1c_1511301009480.png,7,1511301009480.png,TRUE
2850,A2O7H7VXLFN6BP,cat,https://langcog.stanford.edu/expts/BLL/kiddraw-recognitionRatings/sketches/cat/cat_sketch_7_E1c_1511301634355.png,cat,cat_sketch_7_E1c_1511301634355.png,7,1511301634355.png,TRUE
2851,A2O7H7VXLFN6BP,car,https://langcog.stanford.edu/expts/BLL/kiddraw-recognitionRatings/sketches/car/car_sketch_6_E1c_1510782034963.png,car,car_sketch_6_E1c_1510782034963.png,6,1510782034963.png,TRUE
2852,A2O7H7VXLFN6BP,rabbit,https://langcog.stanford.edu/expts/BLL/kiddraw-recognitionRatings/sketches/cat/cat_sketch_6_E1c_1510700570912.png,cat,cat_sketch_6_E1c_1510700570912.png,6,1510700570912.png,FALSE
2853,A2O7H7VXLFN6BP,phone,https://langcog.stanford.edu/expts/BLL/kiddraw-recognitionRatings/sketches/phone/phone_sketch_10_E1c_1510783638074.png,phone,phone_sketch_10_E1c_1510783638074.png,10,1510783638074.png,TRUE
2854,A2O7H7VXLFN6BP,cannott tell at all,https://langcog.stanford.edu/expts/BLL/kiddraw-recognitionRatings/sketches/foot/foot_sketch_5_E1c_1510256904834.png,foot,foot_sketch_5_E1c_1510256904834.png,5,1510256904834.png,FALSE
2855,A2O7H7VXLFN6BP,banana,https://langcog.stanford.edu/expts/BLL/kiddraw-recognitionRatings/sketches/banana/banana_sketch_8_E1c_1510787010922.png,banana,banana_sketch_8_E1c_1510787010922.png,8,1510787010922.png,TRUE
2856,A2O7H7VXLFN6BP,cup,https://langcog.stanford.edu/expts/BLL/kiddraw-recognitionRatings/sketches/cup/cup_sketch_6_E1c_1510690510319.png,cup,cup_sketch_6_E1c_1510690510319.png,6,1510690510319.png,TRUE
2857,A2O7H7VXLFN6BP,rabbit,https://langcog.stanford.edu/expts/BLL/kiddraw-recognitionRatings/sketches/rabbit/rabbit_sketch_7_E1c_1510870100423.png,rabbit,rabbit_sketch_7_E1c_1510870100423.png,7,1510870100423.png,TRUE
2858,A2O7H7VXLFN6BP,car,https://langcog.stanford.edu/expts/BLL/kiddraw-recognitionRatings/sketches/train/train_sketch_7_E1c_1510263944688.png,train,train_sketch_7_E1c_1510263944688.png,7,1510263944688.png,FALSE
2859,A2O7H7VXLFN6BP,car,https://langcog.stanford.edu/expts/BLL/kiddraw-recognitionRatings/sketches/car/car_sketch_6_E1c_1511292022297.png,car,car_sketch_6_E1c_1511292022297.png,6,1511292022297.png,TRUE
2860,A2O7H7VXLFN6BP,rabbit,https://langcog.stanford.edu/expts/BLL/kiddraw-recognitionRatings/sketches/rabbit/rabbit_sketch_8_E1c_1511300850043.png,rabbit,rabbit_sketch_8_E1c_1511300850043.png,8,1511300850043.png,TRUE
2861,A3O5EU9QQV2OS1,person,https://langcog.stanford.edu/expts/BLL/kiddraw-recognitionRatings/sketches/chair/chair_sketch_6_E1c_1511293092153.png,chair,chair_sketch_6_E1c_1511293092153.png,6,1511293092153.png,FALSE
2862,A3O5EU9QQV2OS1,cat,https://langcog.stanford.edu/expts/BLL/kiddraw-recognitionRatings/sketches/train/train_sketch_6_E1c_1511292022297.png,train,train_sketch_6_E1c_1511292022297.png,6,1511292022297.png,FALSE
2863,A3O5EU9QQV2OS1,cat,https://langcog.stanford.edu/expts/BLL/kiddraw-recognitionRatings/sketches/car/car_sketch_8_E1c_1510254933095.png,car,car_sketch_8_E1c_1510254933095.png,8,1510254933095.png,FALSE
2864,A3O5EU9QQV2OS1,arm,https://langcog.stanford.edu/expts/BLL/kiddraw-recognitionRatings/sketches/train/train_sketch_5_E1c_1510253748384.png,train,train_sketch_5_E1c_1510253748384.png,5,1510253748384.png,FALSE
2865,A3O5EU9QQV2OS1,cat,https://langcog.stanford.edu/expts/BLL/kiddraw-recognitionRatings/sketches/rabbit/rabbit_sketch_8_E1c_1511300850043.png,rabbit,rabbit_sketch_8_E1c_1511300850043.png,8,1511300850043.png,FALSE
2866,A3O5EU9QQV2OS1,rabbit,https://langcog.stanford.edu/expts/BLL/kiddraw-recognitionRatings/sketches/couch/couch_sketch_5_E1c_1510258311547.png,couch,couch_sketch_5_E1c_1510258311547.png,5,1510258311547.png,FALSE
2867,A3O5EU9QQV2OS1,cup,https://langcog.stanford.edu/expts/BLL/kiddraw-recognitionRatings/sketches/cup/cup_sketch_8_E1c_1510870628731.png,cup,cup_sketch_8_E1c_1510870628731.png,8,1510870628731.png,TRUE
2868,A3O5EU9QQV2OS1,cup,https://langcog.stanford.edu/expts/BLL/kiddraw-recognitionRatings/sketches/boat/boat_sketch_6_E1c_1510695588717.png,boat,boat_sketch_6_E1c_1510695588717.png,6,1510695588717.png,FALSE
2869,A3O5EU9QQV2OS1,frog,https://langcog.stanford.edu/expts/BLL/kiddraw-recognitionRatings/sketches/frog/frog_sketch_6_E1c_1511293092153.png,frog,frog_sketch_6_E1c_1511293092153.png,6,1511293092153.png,TRUE
2870,A3O5EU9QQV2OS1,banana,https://langcog.stanford.edu/expts/BLL/kiddraw-recognitionRatings/sketches/banana/banana_sketch_8_E1c_1510254933095.png,banana,banana_sketch_8_E1c_1510254933095.png,8,1510254933095.png,TRUE
2871,A3O5EU9QQV2OS1,rabbit,https://langcog.stanford.edu/expts/BLL/kiddraw-recognitionRatings/sketches/rabbit/rabbit_sketch_8_E1c_1511293924452.png,rabbit,rabbit_sketch_8_E1c_1511293924452.png,8,1511293924452.png,TRUE
2872,A3O5EU9QQV2OS1,phone,https://langcog.stanford.edu/expts/BLL/kiddraw-recognitionRatings/sketches/phone/phone_sketch_10_E1c_1511293452162.png,phone,phone_sketch_10_E1c_1511293452162.png,10,1511293452162.png,TRUE
2873,A3O5EU9QQV2OS1,flower,https://langcog.stanford.edu/expts/BLL/kiddraw-recognitionRatings/sketches/flower/flower_sketch_8_E1c_1510870628731.png,flower,flower_sketch_8_E1c_1510870628731.png,8,1510870628731.png,TRUE
2874,A3O5EU9QQV2OS1,banana,https://langcog.stanford.edu/expts/BLL/kiddraw-recognitionRatings/sketches/banana/banana_sketch_8_E1c_1510870628731.png,banana,banana_sketch_8_E1c_1510870628731.png,8,1510870628731.png,TRUE
2875,A3O5EU9QQV2OS1,cannott tell at all,https://langcog.stanford.edu/expts/BLL/kiddraw-recognitionRatings/sketches/cat/cat_sketch_8_E1c_1510787010922.png,cat,cat_sketch_8_E1c_1510787010922.png,8,1510787010922.png,FALSE
2876,A3O5EU9QQV2OS1,boat,https://langcog.stanford.edu/expts/BLL/kiddraw-recognitionRatings/sketches/boat/boat_sketch_6_E1c_1510783818788.png,boat,boat_sketch_6_E1c_1510783818788.png,6,1510783818788.png,TRUE
2877,A3O5EU9QQV2OS1,banana,https://langcog.stanford.edu/expts/BLL/kiddraw-recognitionRatings/sketches/shoe/shoe_sketch_6_E1c_1510695588717.png,shoe,shoe_sketch_6_E1c_1510695588717.png,6,1510695588717.png,FALSE
2878,A3O5EU9QQV2OS1,car,https://langcog.stanford.edu/expts/BLL/kiddraw-recognitionRatings/sketches/car/car_sketch_10_E1c_1510684833991.png,car,car_sketch_10_E1c_1510684833991.png,10,1510684833991.png,TRUE
2879,A3O5EU9QQV2OS1,rock,https://langcog.stanford.edu/expts/BLL/kiddraw-recognitionRatings/sketches/shoe/shoe_sketch_8_E1c_1510254933095.png,shoe,shoe_sketch_8_E1c_1510254933095.png,8,1510254933095.png,FALSE
2880,A3O5EU9QQV2OS1,cat,https://langcog.stanford.edu/expts/BLL/kiddraw-recognitionRatings/sketches/cat/cat_sketch_8_E1c_1511293924452.png,cat,cat_sketch_8_E1c_1511293924452.png,8,1511293924452.png,TRUE
2881,A3O5EU9QQV2OS1,cannott tell at all,https://langcog.stanford.edu/expts/BLL/kiddraw-recognitionRatings/sketches/foot/foot_sketch_5_E1c_1510256904834.png,foot,foot_sketch_5_E1c_1510256904834.png,5,1510256904834.png,FALSE
2882,A3O5EU9QQV2OS1,shoe,https://langcog.stanford.edu/expts/BLL/kiddraw-recognitionRatings/sketches/shoe/shoe_sketch_8_E1c_1510262448790.png,shoe,shoe_sketch_8_E1c_1510262448790.png,8,1510262448790.png,TRUE
2883,A3O5EU9QQV2OS1,cup,https://langcog.stanford.edu/expts/BLL/kiddraw-recognitionRatings/sketches/cup/cup_sketch_6_E1c_1510695588717.png,cup,cup_sketch_6_E1c_1510695588717.png,6,1510695588717.png,TRUE
2884,A3O5EU9QQV2OS1,shoe,https://langcog.stanford.edu/expts/BLL/kiddraw-recognitionRatings/sketches/shoe/shoe_sketch_10_E1c_1510255462419.png,shoe,shoe_sketch_10_E1c_1510255462419.png,10,1510255462419.png,TRUE
2885,A3O5EU9QQV2OS1,person,https://langcog.stanford.edu/expts/BLL/kiddraw-recognitionRatings/sketches/flower/flower_sketch_7_E1c_1511301009480.png,flower,flower_sketch_7_E1c_1511301009480.png,7,1511301009480.png,FALSE
2886,A3O5EU9QQV2OS1,boat,https://langcog.stanford.edu/expts/BLL/kiddraw-recognitionRatings/sketches/boat/boat_sketch_7_E1c_1511301009480.png,boat,boat_sketch_7_E1c_1511301009480.png,7,1511301009480.png,TRUE
2887,A3O5EU9QQV2OS1,bean,https://langcog.stanford.edu/expts/BLL/kiddraw-recognitionRatings/sketches/carrot/carrot_sketch_5_E1c_1511301440421.png,carrot,carrot_sketch_5_E1c_1511301440421.png,5,1511301440421.png,FALSE
2888,A3O5EU9QQV2OS1,cat,https://langcog.stanford.edu/expts/BLL/kiddraw-recognitionRatings/sketches/rabbit/rabbit_sketch_8_E1c_1511300355318.png,rabbit,rabbit_sketch_8_E1c_1511300355318.png,8,1511300355318.png,FALSE
2889,A3O5EU9QQV2OS1,chair,https://langcog.stanford.edu/expts/BLL/kiddraw-recognitionRatings/sketches/chair/chair_sketch_5_E1c_1510870384576.png,chair,chair_sketch_5_E1c_1510870384576.png,5,1510870384576.png,TRUE
2890,A3O5EU9QQV2OS1,carrot,https://langcog.stanford.edu/expts/BLL/kiddraw-recognitionRatings/sketches/foot/foot_sketch_4_E1c_1510691847400.png,foot,foot_sketch_4_E1c_1510691847400.png,4,1510691847400.png,FALSE
2891,A3O5EU9QQV2OS1,rock,https://langcog.stanford.edu/expts/BLL/kiddraw-recognitionRatings/sketches/cup/cup_sketch_5_E1c_1510870384576.png,cup,cup_sketch_5_E1c_1510870384576.png,5,1510870384576.png,FALSE
2892,A3O5EU9QQV2OS1,phone,https://langcog.stanford.edu/expts/BLL/kiddraw-recognitionRatings/sketches/phone/phone_sketch_6_E1c_1510782034963.png,phone,phone_sketch_6_E1c_1510782034963.png,6,1510782034963.png,TRUE
2893,A3O5EU9QQV2OS1,flower,https://langcog.stanford.edu/expts/BLL/kiddraw-recognitionRatings/sketches/flower/flower_sketch_8_E1c_1510254933095.png,flower,flower_sketch_8_E1c_1510254933095.png,8,1510254933095.png,TRUE
2894,A3O5EU9QQV2OS1,train,https://langcog.stanford.edu/expts/BLL/kiddraw-recognitionRatings/sketches/car/car_sketch_6_E1c_1510782034963.png,car,car_sketch_6_E1c_1510782034963.png,6,1510782034963.png,FALSE
2895,A3O5EU9QQV2OS1,bean,https://langcog.stanford.edu/expts/BLL/kiddraw-recognitionRatings/sketches/shoe/shoe_sketch_8_E1c_1510787010922.png,shoe,shoe_sketch_8_E1c_1510787010922.png,8,1510787010922.png,FALSE
2896,A3O5EU9QQV2OS1,rock,https://langcog.stanford.edu/expts/BLL/kiddraw-recognitionRatings/sketches/cup/cup_sketch_5_E1c_1510258311547.png,cup,cup_sketch_5_E1c_1510258311547.png,5,1510258311547.png,FALSE
2897,A3O5EU9QQV2OS1,bean,https://langcog.stanford.edu/expts/BLL/kiddraw-recognitionRatings/sketches/phone/phone_sketch_5_E1c_1511301440421.png,phone,phone_sketch_5_E1c_1511301440421.png,5,1511301440421.png,FALSE
2898,A3O5EU9QQV2OS1,banana,https://langcog.stanford.edu/expts/BLL/kiddraw-recognitionRatings/sketches/cup/cup_sketch_8_E1c_1510254933095.png,cup,cup_sketch_8_E1c_1510254933095.png,8,1510254933095.png,FALSE
2899,A3O5EU9QQV2OS1,banana,https://langcog.stanford.edu/expts/BLL/kiddraw-recognitionRatings/sketches/banana/banana_sketch_8_E1c_1511300355318.png,banana,banana_sketch_8_E1c_1511300355318.png,8,1511300355318.png,TRUE
2900,A3O5EU9QQV2OS1,rock,https://langcog.stanford.edu/expts/BLL/kiddraw-recognitionRatings/sketches/boat/boat_sketch_8_E1c_1510787010922.png,boat,boat_sketch_8_E1c_1510787010922.png,8,1510787010922.png,FALSE
2901,A3O5EU9QQV2OS1,shoe,https://langcog.stanford.edu/expts/BLL/kiddraw-recognitionRatings/sketches/shoe/shoe_sketch_7_E1c_1511301634355.png,shoe,shoe_sketch_7_E1c_1511301634355.png,7,1511301634355.png,TRUE
2902,A3O5EU9QQV2OS1,ice cream,https://langcog.stanford.edu/expts/BLL/kiddraw-recognitionRatings/sketches/carrot/carrot_sketch_8_E1c_1510254933095.png,carrot,carrot_sketch_8_E1c_1510254933095.png,8,1510254933095.png,FALSE
2903,A3O5EU9QQV2OS1,carrot,https://langcog.stanford.edu/expts/BLL/kiddraw-recognitionRatings/sketches/carrot/carrot_sketch_8_E1c_1511293754661.png,carrot,carrot_sketch_8_E1c_1511293754661.png,8,1511293754661.png,TRUE
2904,A3O5EU9QQV2OS1,carrot,https://langcog.stanford.edu/expts/BLL/kiddraw-recognitionRatings/sketches/couch/couch_sketch_6_E1c_1510695588717.png,couch,couch_sketch_6_E1c_1510695588717.png,6,1510695588717.png,FALSE
2905,A3O5EU9QQV2OS1,train,https://langcog.stanford.edu/expts/BLL/kiddraw-recognitionRatings/sketches/couch/couch_sketch_8_E1c_1510254933095.png,couch,couch_sketch_8_E1c_1510254933095.png,8,1510254933095.png,FALSE
2906,A3O5EU9QQV2OS1,cannott tell at all,https://langcog.stanford.edu/expts/BLL/kiddraw-recognitionRatings/sketches/boat/boat_sketch_4_E1c_1510263067113.png,boat,boat_sketch_4_E1c_1510263067113.png,4,1510263067113.png,FALSE
2907,A3O5EU9QQV2OS1,person,https://langcog.stanford.edu/expts/BLL/kiddraw-recognitionRatings/sketches/frog/frog_sketch_5_E1c_1510256904834.png,frog,frog_sketch_5_E1c_1510256904834.png,5,1510256904834.png,FALSE
2908,A3O5EU9QQV2OS1,cannott tell at all,https://langcog.stanford.edu/expts/BLL/kiddraw-recognitionRatings/sketches/chair/chair_sketch_5_E1c_1510786719020.png,chair,chair_sketch_5_E1c_1510786719020.png,5,1510786719020.png,FALSE
2909,A3O5EU9QQV2OS1,cup,https://langcog.stanford.edu/expts/BLL/kiddraw-recognitionRatings/sketches/cup/cup_sketch_8_E1c_1510690264523.png,cup,cup_sketch_8_E1c_1510690264523.png,8,1510690264523.png,TRUE
2910,A3O5EU9QQV2OS1,bean,https://langcog.stanford.edu/expts/BLL/kiddraw-recognitionRatings/sketches/phone/phone_sketch_8_E1c_1510870628731.png,phone,phone_sketch_8_E1c_1510870628731.png,8,1510870628731.png,FALSE
2911,A3O5EU9QQV2OS1,ice cream,https://langcog.stanford.edu/expts/BLL/kiddraw-recognitionRatings/sketches/ice cream/ice cream_sketch_6_E1c_1511292286803.png,ice cream,ice cream_sketch_6_E1c_1511292286803.png,6,1511292286803.png,TRUE
2912,A3O5EU9QQV2OS1,ice cream,https://langcog.stanford.edu/expts/BLL/kiddraw-recognitionRatings/sketches/ice cream/ice cream_sketch_6_E1c_1510690510319.png,ice cream,ice cream_sketch_6_E1c_1510690510319.png,6,1510690510319.png,TRUE
2913,A3O5EU9QQV2OS1,cannott tell at all,https://langcog.stanford.edu/expts/BLL/kiddraw-recognitionRatings/sketches/cup/cup_sketch_8_E1c_1511300355318.png,cup,cup_sketch_8_E1c_1511300355318.png,8,1511300355318.png,FALSE
2914,A3O5EU9QQV2OS1,flower,https://langcog.stanford.edu/expts/BLL/kiddraw-recognitionRatings/sketches/flower/flower_sketch_6_E1c_1510700570912.png,flower,flower_sketch_6_E1c_1510700570912.png,6,1510700570912.png,TRUE
2915,A3O5EU9QQV2OS1,person,https://langcog.stanford.edu/expts/BLL/kiddraw-recognitionRatings/sketches/rabbit/rabbit_sketch_8_E1c_1510787010922.png,rabbit,rabbit_sketch_8_E1c_1510787010922.png,8,1510787010922.png,FALSE
2916,A3O5EU9QQV2OS1,chair,https://langcog.stanford.edu/expts/BLL/kiddraw-recognitionRatings/sketches/chair/chair_sketch_10_E1c_1510684833991.png,chair,chair_sketch_10_E1c_1510684833991.png,10,1510684833991.png,TRUE
2917,A3O5EU9QQV2OS1,ice cream,https://langcog.stanford.edu/expts/BLL/kiddraw-recognitionRatings/sketches/ice cream/ice cream_sketch_6_E1c_1510700570912.png,ice cream,ice cream_sketch_6_E1c_1510700570912.png,6,1510700570912.png,TRUE
2918,A3O5EU9QQV2OS1,phone,https://langcog.stanford.edu/expts/BLL/kiddraw-recognitionRatings/sketches/couch/couch_sketch_6_E1c_1511292022297.png,couch,couch_sketch_6_E1c_1511292022297.png,6,1511292022297.png,FALSE
2919,A3O5EU9QQV2OS1,carrot,https://langcog.stanford.edu/expts/BLL/kiddraw-recognitionRatings/sketches/foot/foot_sketch_5_E1c_1510786719020.png,foot,foot_sketch_5_E1c_1510786719020.png,5,1510786719020.png,FALSE
2920,A3O5EU9QQV2OS1,car,https://langcog.stanford.edu/expts/BLL/kiddraw-recognitionRatings/sketches/train/train_sketch_8_E1c_1511300355318.png,train,train_sketch_8_E1c_1511300355318.png,8,1511300355318.png,FALSE
2921,A3O5EU9QQV2OS1,car,https://langcog.stanford.edu/expts/BLL/kiddraw-recognitionRatings/sketches/car/car_sketch_7_E1c_1510783353272.png,car,car_sketch_7_E1c_1510783353272.png,7,1510783353272.png,TRUE
2922,A3O5EU9QQV2OS1,shoe,https://langcog.stanford.edu/expts/BLL/kiddraw-recognitionRatings/sketches/shoe/shoe_sketch_10_E1c_1511293452162.png,shoe,shoe_sketch_10_E1c_1511293452162.png,10,1511293452162.png,TRUE
2923,A3O5EU9QQV2OS1,rock,https://langcog.stanford.edu/expts/BLL/kiddraw-recognitionRatings/sketches/phone/phone_sketch_4_E1c_1510252568116.png,phone,phone_sketch_4_E1c_1510252568116.png,4,1510252568116.png,FALSE
2924,A3O5EU9QQV2OS1,couch,https://langcog.stanford.edu/expts/BLL/kiddraw-recognitionRatings/sketches/chair/chair_sketch_10_E1c_1511293452162.png,chair,chair_sketch_10_E1c_1511293452162.png,10,1511293452162.png,FALSE
2925,A3O5EU9QQV2OS1,train,https://langcog.stanford.edu/expts/BLL/kiddraw-recognitionRatings/sketches/train/train_sketch_6_E1c_1510783818788.png,train,train_sketch_6_E1c_1510783818788.png,6,1510783818788.png,TRUE
2926,A3O5EU9QQV2OS1,flower,https://langcog.stanford.edu/expts/BLL/kiddraw-recognitionRatings/sketches/flower/flower_sketch_8_E1c_1510262448790.png,flower,flower_sketch_8_E1c_1510262448790.png,8,1510262448790.png,TRUE
2927,A3O5EU9QQV2OS1,ice cream,https://langcog.stanford.edu/expts/BLL/kiddraw-recognitionRatings/sketches/ice cream/ice cream_sketch_10_E1c_1510684833991.png,ice cream,ice cream_sketch_10_E1c_1510684833991.png,10,1510684833991.png,TRUE
2928,A3O5EU9QQV2OS1,phone,https://langcog.stanford.edu/expts/BLL/kiddraw-recognitionRatings/sketches/phone/phone_sketch_8_E1c_1511293924452.png,phone,phone_sketch_8_E1c_1511293924452.png,8,1511293924452.png,TRUE
2929,A3O5EU9QQV2OS1,phone,https://langcog.stanford.edu/expts/BLL/kiddraw-recognitionRatings/sketches/phone/phone_sketch_8_E1c_1510690264523.png,phone,phone_sketch_8_E1c_1510690264523.png,8,1510690264523.png,TRUE
2930,A3O5EU9QQV2OS1,cat,https://langcog.stanford.edu/expts/BLL/kiddraw-recognitionRatings/sketches/cat/cat_sketch_5_E1c_1510786719020.png,cat,cat_sketch_5_E1c_1510786719020.png,5,1510786719020.png,TRUE
2931,A3O5EU9QQV2OS1,cat,https://langcog.stanford.edu/expts/BLL/kiddraw-recognitionRatings/sketches/frog/frog_sketch_8_E1c_1510870628731.png,frog,frog_sketch_8_E1c_1510870628731.png,8,1510870628731.png,FALSE
2932,A3O5EU9QQV2OS1,cat,https://langcog.stanford.edu/expts/BLL/kiddraw-recognitionRatings/sketches/rabbit/rabbit_sketch_6_E1c_1511293092153.png,rabbit,rabbit_sketch_6_E1c_1511293092153.png,6,1511293092153.png,FALSE
2933,A3O5EU9QQV2OS1,cannott tell at all,https://langcog.stanford.edu/expts/BLL/kiddraw-recognitionRatings/sketches/shoe/shoe_sketch_8_E1c_1511300355318.png,shoe,shoe_sketch_8_E1c_1511300355318.png,8,1511300355318.png,FALSE
2934,A3O5EU9QQV2OS1,cat,https://langcog.stanford.edu/expts/BLL/kiddraw-recognitionRatings/sketches/cat/cat_sketch_10_E1c_1510684833991.png,cat,cat_sketch_10_E1c_1510684833991.png,10,1510684833991.png,TRUE
2935,A3O5EU9QQV2OS1,train,https://langcog.stanford.edu/expts/BLL/kiddraw-recognitionRatings/sketches/car/car_sketch_7_E1c_1511301009480.png,car,car_sketch_7_E1c_1511301009480.png,7,1511301009480.png,FALSE
2936,A3O5EU9QQV2OS1,cup,https://langcog.stanford.edu/expts/BLL/kiddraw-recognitionRatings/sketches/cup/cup_sketch_10_E1c_1511293452162.png,cup,cup_sketch_10_E1c_1511293452162.png,10,1511293452162.png,TRUE
2937,A3O5EU9QQV2OS1,banana,https://langcog.stanford.edu/expts/BLL/kiddraw-recognitionRatings/sketches/banana/banana_sketch_7_E1c_1511301009480.png,banana,banana_sketch_7_E1c_1511301009480.png,7,1511301009480.png,TRUE
2938,A3O5EU9QQV2OS1,cat,https://langcog.stanford.edu/expts/BLL/kiddraw-recognitionRatings/sketches/cat/cat_sketch_8_E1c_1511300355318.png,cat,cat_sketch_8_E1c_1511300355318.png,8,1511300355318.png,TRUE
2939,A3O5EU9QQV2OS1,rabbit,https://langcog.stanford.edu/expts/BLL/kiddraw-recognitionRatings/sketches/chair/chair_sketch_4_E1c_1510252568116.png,chair,chair_sketch_4_E1c_1510252568116.png,4,1510252568116.png,FALSE
2940,A3O5EU9QQV2OS1,car,https://langcog.stanford.edu/expts/BLL/kiddraw-recognitionRatings/sketches/car/car_sketch_8_E1c_1511293924452.png,car,car_sketch_8_E1c_1511293924452.png,8,1511293924452.png,TRUE
2941,A3O5EU9QQV2OS1,cannott tell at all,https://langcog.stanford.edu/expts/BLL/kiddraw-recognitionRatings/sketches/couch/couch_sketch_4_E1c_1510268275436.png,couch,couch_sketch_4_E1c_1510268275436.png,4,1510268275436.png,FALSE
2942,A3O5EU9QQV2OS1,phone,https://langcog.stanford.edu/expts/BLL/kiddraw-recognitionRatings/sketches/phone/phone_sketch_8_E1c_1510254933095.png,phone,phone_sketch_8_E1c_1510254933095.png,8,1510254933095.png,TRUE
2943,A3O5EU9QQV2OS1,boat,https://langcog.stanford.edu/expts/BLL/kiddraw-recognitionRatings/sketches/boat/boat_sketch_6_E1c_1510700570912.png,boat,boat_sketch_6_E1c_1510700570912.png,6,1510700570912.png,TRUE
2944,A3O5EU9QQV2OS1,cup,https://langcog.stanford.edu/expts/BLL/kiddraw-recognitionRatings/sketches/cup/cup_sketch_7_E1c_1511301634355.png,cup,cup_sketch_7_E1c_1511301634355.png,7,1511301634355.png,TRUE
2945,A3O5EU9QQV2OS1,flower,https://langcog.stanford.edu/expts/BLL/kiddraw-recognitionRatings/sketches/flower/flower_sketch_8_E1c_1511293924452.png,flower,flower_sketch_8_E1c_1511293924452.png,8,1511293924452.png,TRUE
2946,A3O5EU9QQV2OS1,shoe,https://langcog.stanford.edu/expts/BLL/kiddraw-recognitionRatings/sketches/shoe/shoe_sketch_10_E1c_1511301807087.png,shoe,shoe_sketch_10_E1c_1511301807087.png,10,1511301807087.png,TRUE
2947,A3O5EU9QQV2OS1,rabbit,https://langcog.stanford.edu/expts/BLL/kiddraw-recognitionRatings/sketches/rabbit/rabbit_sketch_7_E1c_1510870100423.png,rabbit,rabbit_sketch_7_E1c_1510870100423.png,7,1510870100423.png,TRUE
2948,A3O5EU9QQV2OS1,cannott tell at all,https://langcog.stanford.edu/expts/BLL/kiddraw-recognitionRatings/sketches/flower/flower_sketch_4_E1c_1510691847400.png,flower,flower_sketch_4_E1c_1510691847400.png,4,1510691847400.png,FALSE
2949,A3O5EU9QQV2OS1,cat,https://langcog.stanford.edu/expts/BLL/kiddraw-recognitionRatings/sketches/rabbit/rabbit_sketch_8_E1c_1510254933095.png,rabbit,rabbit_sketch_8_E1c_1510254933095.png,8,1510254933095.png,FALSE
2950,A3O5EU9QQV2OS1,ice cream,https://langcog.stanford.edu/expts/BLL/kiddraw-recognitionRatings/sketches/ice cream/ice cream_sketch_10_E1c_1510783638074.png,ice cream,ice cream_sketch_10_E1c_1510783638074.png,10,1510783638074.png,TRUE
2951,A3O5EU9QQV2OS1,cat,https://langcog.stanford.edu/expts/BLL/kiddraw-recognitionRatings/sketches/cat/cat_sketch_8_E1c_1511292658766.png,cat,cat_sketch_8_E1c_1511292658766.png,8,1511292658766.png,TRUE
2952,A3O5EU9QQV2OS1,phone,https://langcog.stanford.edu/expts/BLL/kiddraw-recognitionRatings/sketches/cup/cup_sketch_6_E1c_1510690510319.png,cup,cup_sketch_6_E1c_1510690510319.png,6,1510690510319.png,FALSE
2953,A3O5EU9QQV2OS1,phone,https://langcog.stanford.edu/expts/BLL/kiddraw-recognitionRatings/sketches/cup/cup_sketch_4_E1c_1510691847400.png,cup,cup_sketch_4_E1c_1510691847400.png,4,1510691847400.png,FALSE
2954,A3O5EU9QQV2OS1,cat,https://langcog.stanford.edu/expts/BLL/kiddraw-recognitionRatings/sketches/rabbit/rabbit_sketch_6_E1c_1510253415559.png,rabbit,rabbit_sketch_6_E1c_1510253415559.png,6,1510253415559.png,FALSE
2955,A3O5EU9QQV2OS1,bean,https://langcog.stanford.edu/expts/BLL/kiddraw-recognitionRatings/sketches/foot/foot_sketch_8_E1c_1510787010922.png,foot,foot_sketch_8_E1c_1510787010922.png,8,1510787010922.png,FALSE
2956,A3O5EU9QQV2OS1,chair,https://langcog.stanford.edu/expts/BLL/kiddraw-recognitionRatings/sketches/chair/chair_sketch_6_E1c_1510783818788.png,chair,chair_sketch_6_E1c_1510783818788.png,6,1510783818788.png,TRUE
2957,A3O5EU9QQV2OS1,frog,https://langcog.stanford.edu/expts/BLL/kiddraw-recognitionRatings/sketches/frog/frog_sketch_6_E1c_1510782034963.png,frog,frog_sketch_6_E1c_1510782034963.png,6,1510782034963.png,TRUE
2958,A3O5EU9QQV2OS1,person,https://langcog.stanford.edu/expts/BLL/kiddraw-recognitionRatings/sketches/boat/boat_sketch_8_E1c_1510870628731.png,boat,boat_sketch_8_E1c_1510870628731.png,8,1510870628731.png,FALSE
2959,A3O5EU9QQV2OS1,cat,https://langcog.stanford.edu/expts/BLL/kiddraw-recognitionRatings/sketches/rabbit/rabbit_sketch_10_E1c_1510684833991.png,rabbit,rabbit_sketch_10_E1c_1510684833991.png,10,1510684833991.png,FALSE
2960,A3O5EU9QQV2OS1,cat,https://langcog.stanford.edu/expts/BLL/kiddraw-recognitionRatings/sketches/car/car_sketch_8_E1c_1510787010922.png,car,car_sketch_8_E1c_1510787010922.png,8,1510787010922.png,FALSE
2961,A3O5EU9QQV2OS1,cat,https://langcog.stanford.edu/expts/BLL/kiddraw-recognitionRatings/sketches/rabbit/rabbit_sketch_8_E1c_1510870628731.png,rabbit,rabbit_sketch_8_E1c_1510870628731.png,8,1510870628731.png,FALSE
2962,A3O5EU9QQV2OS1,train,https://langcog.stanford.edu/expts/BLL/kiddraw-recognitionRatings/sketches/train/train_sketch_10_E1c_1510684833991.png,train,train_sketch_10_E1c_1510684833991.png,10,1510684833991.png,TRUE
2963,A3O5EU9QQV2OS1,couch,https://langcog.stanford.edu/expts/BLL/kiddraw-recognitionRatings/sketches/train/train_sketch_5_E1c_1510258311547.png,train,train_sketch_5_E1c_1510258311547.png,5,1510258311547.png,FALSE
2964,A3O5EU9QQV2OS1,shoe,https://langcog.stanford.edu/expts/BLL/kiddraw-recognitionRatings/sketches/shoe/shoe_sketch_6_E1c_1510700570912.png,shoe,shoe_sketch_6_E1c_1510700570912.png,6,1510700570912.png,TRUE
2965,A3O5EU9QQV2OS1,ice cream,https://langcog.stanford.edu/expts/BLL/kiddraw-recognitionRatings/sketches/carrot/carrot_sketch_7_E1c_1511301634355.png,carrot,carrot_sketch_7_E1c_1511301634355.png,7,1511301634355.png,FALSE
2966,A3O5EU9QQV2OS1,banana,https://langcog.stanford.edu/expts/BLL/kiddraw-recognitionRatings/sketches/banana/banana_sketch_9_E1c_1510686242527.png,banana,banana_sketch_9_E1c_1510686242527.png,9,1510686242527.png,TRUE
2967,A3O5EU9QQV2OS1,cat,https://langcog.stanford.edu/expts/BLL/kiddraw-recognitionRatings/sketches/frog/frog_sketch_10_E1c_1510255462419.png,frog,frog_sketch_10_E1c_1510255462419.png,10,1510255462419.png,FALSE
2968,A3O5EU9QQV2OS1,cat,https://langcog.stanford.edu/expts/BLL/kiddraw-recognitionRatings/sketches/cat/cat_sketch_8_E1c_1511300850043.png,cat,cat_sketch_8_E1c_1511300850043.png,8,1511300850043.png,TRUE
2969,A3O5EU9QQV2OS1,cat,https://langcog.stanford.edu/expts/BLL/kiddraw-recognitionRatings/sketches/cat/cat_sketch_8_E1c_1510870628731.png,cat,cat_sketch_8_E1c_1510870628731.png,8,1510870628731.png,TRUE
2970,A3O5EU9QQV2OS1,frog,https://langcog.stanford.edu/expts/BLL/kiddraw-recognitionRatings/sketches/frog/frog_sketch_7_E1c_1510263944688.png,frog,frog_sketch_7_E1c_1510263944688.png,7,1510263944688.png,TRUE
2971,A3O5EU9QQV2OS1,cat,https://langcog.stanford.edu/expts/BLL/kiddraw-recognitionRatings/sketches/chair/chair_sketch_10_E1c_1511301807087.png,chair,chair_sketch_10_E1c_1511301807087.png,10,1511301807087.png,FALSE
2972,A3O5EU9QQV2OS1,frog,https://langcog.stanford.edu/expts/BLL/kiddraw-recognitionRatings/sketches/frog/frog_sketch_8_E1c_1511293754661.png,frog,frog_sketch_8_E1c_1511293754661.png,8,1511293754661.png,TRUE
2973,A3O5EU9QQV2OS1,ice cream,https://langcog.stanford.edu/expts/BLL/kiddraw-recognitionRatings/sketches/ice cream/ice cream_sketch_5_E1c_1510253748384.png,ice cream,ice cream_sketch_5_E1c_1510253748384.png,5,1510253748384.png,TRUE
2974,A3O5EU9QQV2OS1,cat,https://langcog.stanford.edu/expts/BLL/kiddraw-recognitionRatings/sketches/cat/cat_sketch_6_E1c_1510700570912.png,cat,cat_sketch_6_E1c_1510700570912.png,6,1510700570912.png,TRUE
2975,A3O5EU9QQV2OS1,car,https://langcog.stanford.edu/expts/BLL/kiddraw-recognitionRatings/sketches/car/car_sketch_6_E1c_1511292022297.png,car,car_sketch_6_E1c_1511292022297.png,6,1511292022297.png,TRUE
2976,A3O5EU9QQV2OS1,foot,https://langcog.stanford.edu/expts/BLL/kiddraw-recognitionRatings/sketches/foot/foot_sketch_5_E1c_1511301440421.png,foot,foot_sketch_5_E1c_1511301440421.png,5,1511301440421.png,TRUE
2977,A3O5EU9QQV2OS1,foot,https://langcog.stanford.edu/expts/BLL/kiddraw-recognitionRatings/sketches/shoe/shoe_sketch_7_E1c_1510263944688.png,shoe,shoe_sketch_7_E1c_1510263944688.png,7,1510263944688.png,FALSE
2978,A3O5EU9QQV2OS1,boat,https://langcog.stanford.edu/expts/BLL/kiddraw-recognitionRatings/sketches/boat/boat_sketch_8_E1c_1511300355318.png,boat,boat_sketch_8_E1c_1511300355318.png,8,1511300355318.png,TRUE
2979,A3O5EU9QQV2OS1,banana,https://langcog.stanford.edu/expts/BLL/kiddraw-recognitionRatings/sketches/banana/banana_sketch_5_E1c_1510786719020.png,banana,banana_sketch_5_E1c_1510786719020.png,5,1510786719020.png,TRUE
2980,A3O5EU9QQV2OS1,train,https://langcog.stanford.edu/expts/BLL/kiddraw-recognitionRatings/sketches/train/train_sketch_10_E1c_1511301807087.png,train,train_sketch_10_E1c_1511301807087.png,10,1511301807087.png,TRUE
2981,A3O5EU9QQV2OS1,ice cream,https://langcog.stanford.edu/expts/BLL/kiddraw-recognitionRatings/sketches/ice cream/ice cream_sketch_5_E1c_1511301440421.png,ice cream,ice cream_sketch_5_E1c_1511301440421.png,5,1511301440421.png,TRUE
2982,A3O5EU9QQV2OS1,couch,https://langcog.stanford.edu/expts/BLL/kiddraw-recognitionRatings/sketches/couch/couch_sketch_10_E1c_1510684833991.png,couch,couch_sketch_10_E1c_1510684833991.png,10,1510684833991.png,TRUE
2983,A3O5EU9QQV2OS1,boat,https://langcog.stanford.edu/expts/BLL/kiddraw-recognitionRatings/sketches/boat/boat_sketch_10_E1c_1510684833991.png,boat,boat_sketch_10_E1c_1510684833991.png,10,1510684833991.png,TRUE
2984,A3O5EU9QQV2OS1,boat,https://langcog.stanford.edu/expts/BLL/kiddraw-recognitionRatings/sketches/boat/boat_sketch_9_E1c_1510686242527.png,boat,boat_sketch_9_E1c_1510686242527.png,9,1510686242527.png,TRUE
2985,A3O5EU9QQV2OS1,couch,https://langcog.stanford.edu/expts/BLL/kiddraw-recognitionRatings/sketches/couch/couch_sketch_6_E1c_1511293092153.png,couch,couch_sketch_6_E1c_1511293092153.png,6,1511293092153.png,TRUE
2986,A3O5EU9QQV2OS1,ice cream,https://langcog.stanford.edu/expts/BLL/kiddraw-recognitionRatings/sketches/ice cream/ice cream_sketch_8_E1c_1511293754661.png,ice cream,ice cream_sketch_8_E1c_1511293754661.png,8,1511293754661.png,TRUE
2987,A3O5EU9QQV2OS1,carrot,https://langcog.stanford.edu/expts/BLL/kiddraw-recognitionRatings/sketches/carrot/carrot_sketch_6_E1c_1510695588717.png,carrot,carrot_sketch_6_E1c_1510695588717.png,6,1510695588717.png,TRUE
2988,A3O5EU9QQV2OS1,foot,https://langcog.stanford.edu/expts/BLL/kiddraw-recognitionRatings/sketches/foot/foot_sketch_6_E1c_1510782034963.png,foot,foot_sketch_6_E1c_1510782034963.png,6,1510782034963.png,TRUE
2989,A3O5EU9QQV2OS1,cat,https://langcog.stanford.edu/expts/BLL/kiddraw-recognitionRatings/sketches/rabbit/rabbit_sketch_4_E1c_1510691847400.png,rabbit,rabbit_sketch_4_E1c_1510691847400.png,4,1510691847400.png,FALSE
2990,A3O5EU9QQV2OS1,cannott tell at all,https://langcog.stanford.edu/expts/BLL/kiddraw-recognitionRatings/sketches/cup/cup_sketch_10_E1c_1510255462419.png,cup,cup_sketch_10_E1c_1510255462419.png,10,1510255462419.png,FALSE
2991,A3O5EU9QQV2OS1,foot,https://langcog.stanford.edu/expts/BLL/kiddraw-recognitionRatings/sketches/foot/foot_sketch_8_E1c_1510254933095.png,foot,foot_sketch_8_E1c_1510254933095.png,8,1510254933095.png,TRUE
2992,A3O5EU9QQV2OS1,train,https://langcog.stanford.edu/expts/BLL/kiddraw-recognitionRatings/sketches/train/train_sketch_6_E1c_1510782034963.png,train,train_sketch_6_E1c_1510782034963.png,6,1510782034963.png,TRUE
2993,A3O5EU9QQV2OS1,train,https://langcog.stanford.edu/expts/BLL/kiddraw-recognitionRatings/sketches/train/train_sketch_7_E1c_1510870100423.png,train,train_sketch_7_E1c_1510870100423.png,7,1510870100423.png,TRUE
2994,A3O5EU9QQV2OS1,car,https://langcog.stanford.edu/expts/BLL/kiddraw-recognitionRatings/sketches/car/car_sketch_8_E1c_1511293754661.png,car,car_sketch_8_E1c_1511293754661.png,8,1511293754661.png,TRUE
2995,A3O5EU9QQV2OS1,frog,https://langcog.stanford.edu/expts/BLL/kiddraw-recognitionRatings/sketches/frog/frog_sketch_8_E1c_1510690264523.png,frog,frog_sketch_8_E1c_1510690264523.png,8,1510690264523.png,TRUE
2996,A3O5EU9QQV2OS1,train,https://langcog.stanford.edu/expts/BLL/kiddraw-recognitionRatings/sketches/train/train_sketch_6_E1c_1510253415559.png,train,train_sketch_6_E1c_1510253415559.png,6,1510253415559.png,TRUE
2997,A3O5EU9QQV2OS1,flower,https://langcog.stanford.edu/expts/BLL/kiddraw-recognitionRatings/sketches/flower/flower_sketch_8_E1c_1511300355318.png,flower,flower_sketch_8_E1c_1511300355318.png,8,1511300355318.png,TRUE
2998,A3O5EU9QQV2OS1,bean,https://langcog.stanford.edu/expts/BLL/kiddraw-recognitionRatings/sketches/ice cream/ice cream_sketch_4_E1c_1510691847400.png,ice cream,ice cream_sketch_4_E1c_1510691847400.png,4,1510691847400.png,FALSE
2999,A3O5EU9QQV2OS1,foot,https://langcog.stanford.edu/expts/BLL/kiddraw-recognitionRatings/sketches/foot/foot_sketch_8_E1c_1510262448790.png,foot,foot_sketch_8_E1c_1510262448790.png,8,1510262448790.png,TRUE
3000,A3O5EU9QQV2OS1,person,https://langcog.stanford.edu/expts/BLL/kiddraw-recognitionRatings/sketches/rabbit/rabbit_sketch_6_E1c_1510783818788.png,rabbit,rabbit_sketch_6_E1c_1510783818788.png,6,1510783818788.png,FALSE
3001,A3O5EU9QQV2OS1,car,https://langcog.stanford.edu/expts/BLL/kiddraw-recognitionRatings/sketches/car/car_sketch_5_E1c_1511301440421.png,car,car_sketch_5_E1c_1511301440421.png,5,1511301440421.png,TRUE
3002,A3O5EU9QQV2OS1,phone,https://langcog.stanford.edu/expts/BLL/kiddraw-recognitionRatings/sketches/phone/phone_sketch_7_E1c_1510870100423.png,phone,phone_sketch_7_E1c_1510870100423.png,7,1510870100423.png,TRUE
3003,A3O5EU9QQV2OS1,chair,https://langcog.stanford.edu/expts/BLL/kiddraw-recognitionRatings/sketches/chair/chair_sketch_8_E1c_1510254933095.png,chair,chair_sketch_8_E1c_1510254933095.png,8,1510254933095.png,TRUE
3004,A3O5EU9QQV2OS1,chair,https://langcog.stanford.edu/expts/BLL/kiddraw-recognitionRatings/sketches/chair/chair_sketch_5_E1c_1511301440421.png,chair,chair_sketch_5_E1c_1511301440421.png,5,1511301440421.png,TRUE
3005,A3O5EU9QQV2OS1,car,https://langcog.stanford.edu/expts/BLL/kiddraw-recognitionRatings/sketches/car/car_sketch_6_E1c_1510253415559.png,car,car_sketch_6_E1c_1510253415559.png,6,1510253415559.png,TRUE
3006,A3O5EU9QQV2OS1,banana,https://langcog.stanford.edu/expts/BLL/kiddraw-recognitionRatings/sketches/banana/banana_sketch_10_E1c_1511293452162.png,banana,banana_sketch_10_E1c_1511293452162.png,10,1511293452162.png,TRUE
3007,A3O5EU9QQV2OS1,train,https://langcog.stanford.edu/expts/BLL/kiddraw-recognitionRatings/sketches/train/train_sketch_9_E1c_1510689458884.png,train,train_sketch_9_E1c_1510689458884.png,9,1510689458884.png,TRUE
3008,A3O5EU9QQV2OS1,car,https://langcog.stanford.edu/expts/BLL/kiddraw-recognitionRatings/sketches/car/car_sketch_5_E1c_1510870384576.png,car,car_sketch_5_E1c_1510870384576.png,5,1510870384576.png,TRUE
3009,A3O5EU9QQV2OS1,foot,https://langcog.stanford.edu/expts/BLL/kiddraw-recognitionRatings/sketches/train/train_sketch_8_E1c_1510787010922.png,train,train_sketch_8_E1c_1510787010922.png,8,1510787010922.png,FALSE
3010,A3O5EU9QQV2OS1,carrot,https://langcog.stanford.edu/expts/BLL/kiddraw-recognitionRatings/sketches/carrot/carrot_sketch_10_E1c_1510255462419.png,carrot,carrot_sketch_10_E1c_1510255462419.png,10,1510255462419.png,TRUE
3011,A3O5EU9QQV2OS1,frog,https://langcog.stanford.edu/expts/BLL/kiddraw-recognitionRatings/sketches/frog/frog_sketch_8_E1c_1511293924452.png,frog,frog_sketch_8_E1c_1511293924452.png,8,1511293924452.png,TRUE
3012,A3O5EU9QQV2OS1,frog,https://langcog.stanford.edu/expts/BLL/kiddraw-recognitionRatings/sketches/frog/frog_sketch_10_E1c_1510684833991.png,frog,frog_sketch_10_E1c_1510684833991.png,10,1510684833991.png,TRUE
3013,A3O5EU9QQV2OS1,cup,https://langcog.stanford.edu/expts/BLL/kiddraw-recognitionRatings/sketches/cup/cup_sketch_8_E1c_1511293924452.png,cup,cup_sketch_8_E1c_1511293924452.png,8,1511293924452.png,TRUE
3014,A3O5EU9QQV2OS1,boat,https://langcog.stanford.edu/expts/BLL/kiddraw-recognitionRatings/sketches/boat/boat_sketch_8_E1c_1511293924452.png,boat,boat_sketch_8_E1c_1511293924452.png,8,1511293924452.png,TRUE
3015,A3O5EU9QQV2OS1,chair,https://langcog.stanford.edu/expts/BLL/kiddraw-recognitionRatings/sketches/chair/chair_sketch_8_E1c_1511293924452.png,chair,chair_sketch_8_E1c_1511293924452.png,8,1511293924452.png,TRUE
3016,A3O5EU9QQV2OS1,cat,https://langcog.stanford.edu/expts/BLL/kiddraw-recognitionRatings/sketches/cat/cat_sketch_7_E1c_1511301634355.png,cat,cat_sketch_7_E1c_1511301634355.png,7,1511301634355.png,TRUE
3017,A3O5EU9QQV2OS1,phone,https://langcog.stanford.edu/expts/BLL/kiddraw-recognitionRatings/sketches/phone/phone_sketch_10_E1c_1510684833991.png,phone,phone_sketch_10_E1c_1510684833991.png,10,1510684833991.png,TRUE
3018,A3O5EU9QQV2OS1,flower,https://langcog.stanford.edu/expts/BLL/kiddraw-recognitionRatings/sketches/flower/flower_sketch_8_E1c_1511293754661.png,flower,flower_sketch_8_E1c_1511293754661.png,8,1511293754661.png,TRUE
3019,A3O5EU9QQV2OS1,chair,https://langcog.stanford.edu/expts/BLL/kiddraw-recognitionRatings/sketches/chair/chair_sketch_4_E1c_1510268275436.png,chair,chair_sketch_4_E1c_1510268275436.png,4,1510268275436.png,TRUE
3020,A3O5EU9QQV2OS1,train,https://langcog.stanford.edu/expts/BLL/kiddraw-recognitionRatings/sketches/train/train_sketch_6_E1c_1510700570912.png,train,train_sketch_6_E1c_1510700570912.png,6,1510700570912.png,TRUE
3021,A3O5EU9QQV2OS1,cat,https://langcog.stanford.edu/expts/BLL/kiddraw-recognitionRatings/sketches/shoe/shoe_sketch_5_E1c_1510870384576.png,shoe,shoe_sketch_5_E1c_1510870384576.png,5,1510870384576.png,FALSE
3022,A3O5EU9QQV2OS1,ice cream,https://langcog.stanford.edu/expts/BLL/kiddraw-recognitionRatings/sketches/ice cream/ice cream_sketch_8_E1c_1511300355318.png,ice cream,ice cream_sketch_8_E1c_1511300355318.png,8,1511300355318.png,TRUE
3023,A3O5EU9QQV2OS1,cannott tell at all,https://langcog.stanford.edu/expts/BLL/kiddraw-recognitionRatings/sketches/banana/banana_sketch_5_E1c_1511301440421.png,banana,banana_sketch_5_E1c_1511301440421.png,5,1511301440421.png,FALSE
3024,A3O5EU9QQV2OS1,train,https://langcog.stanford.edu/expts/BLL/kiddraw-recognitionRatings/sketches/train/train_sketch_7_E1c_1510263944688.png,train,train_sketch_7_E1c_1510263944688.png,7,1510263944688.png,TRUE
3025,A3O5EU9QQV2OS1,bean,https://langcog.stanford.edu/expts/BLL/kiddraw-recognitionRatings/sketches/boat/boat_sketch_5_E1c_1510253748384.png,boat,boat_sketch_5_E1c_1510253748384.png,5,1510253748384.png,FALSE
3026,A3O5EU9QQV2OS1,rock,https://langcog.stanford.edu/expts/BLL/kiddraw-recognitionRatings/sketches/carrot/carrot_sketch_4_E1c_1510263067113.png,carrot,carrot_sketch_4_E1c_1510263067113.png,4,1510263067113.png,FALSE
3027,A3O5EU9QQV2OS1,flower,https://langcog.stanford.edu/expts/BLL/kiddraw-recognitionRatings/sketches/flower/flower_sketch_7_E1c_1510783353272.png,flower,flower_sketch_7_E1c_1510783353272.png,7,1510783353272.png,TRUE
3028,A3O5EU9QQV2OS1,cat,https://langcog.stanford.edu/expts/BLL/kiddraw-recognitionRatings/sketches/rabbit/rabbit_sketch_6_E1c_1511292022297.png,rabbit,rabbit_sketch_6_E1c_1511292022297.png,6,1511292022297.png,FALSE
3029,A3O5EU9QQV2OS1,boat,https://langcog.stanford.edu/expts/BLL/kiddraw-recognitionRatings/sketches/car/car_sketch_4_E1c_1510263067113.png,car,car_sketch_4_E1c_1510263067113.png,4,1510263067113.png,FALSE
3030,A3O5EU9QQV2OS1,chair,https://langcog.stanford.edu/expts/BLL/kiddraw-recognitionRatings/sketches/chair/chair_sketch_6_E1c_1510690510319.png,chair,chair_sketch_6_E1c_1510690510319.png,6,1510690510319.png,TRUE
3031,A3O5EU9QQV2OS1,carrot,https://langcog.stanford.edu/expts/BLL/kiddraw-recognitionRatings/sketches/carrot/carrot_sketch_8_E1c_1511300850043.png,carrot,carrot_sketch_8_E1c_1511300850043.png,8,1511300850043.png,TRUE
3032,A3O5EU9QQV2OS1,cat,https://langcog.stanford.edu/expts/BLL/kiddraw-recognitionRatings/sketches/rabbit/rabbit_sketch_6_E1c_1511292286803.png,rabbit,rabbit_sketch_6_E1c_1511292286803.png,6,1511292286803.png,FALSE
3033,A3O5EU9QQV2OS1,ice cream,https://langcog.stanford.edu/expts/BLL/kiddraw-recognitionRatings/sketches/cup/cup_sketch_10_E1c_1510684833991.png,cup,cup_sketch_10_E1c_1510684833991.png,10,1510684833991.png,FALSE
3034,A3O5EU9QQV2OS1,cup,https://langcog.stanford.edu/expts/BLL/kiddraw-recognitionRatings/sketches/cup/cup_sketch_8_E1c_1510787010922.png,cup,cup_sketch_8_E1c_1510787010922.png,8,1510787010922.png,TRUE
3035,A3O5EU9QQV2OS1,cannott tell at all,https://langcog.stanford.edu/expts/BLL/kiddraw-recognitionRatings/sketches/boat/boat_sketch_5_E1c_1510786719020.png,boat,boat_sketch_5_E1c_1510786719020.png,5,1510786719020.png,FALSE
3036,A3O5EU9QQV2OS1,cat,https://langcog.stanford.edu/expts/BLL/kiddraw-recognitionRatings/sketches/cat/cat_sketch_10_E1c_1511293452162.png,cat,cat_sketch_10_E1c_1511293452162.png,10,1511293452162.png,TRUE
3037,A3O5EU9QQV2OS1,foot,https://langcog.stanford.edu/expts/BLL/kiddraw-recognitionRatings/sketches/train/train_sketch_4_E1c_1510268275436.png,train,train_sketch_4_E1c_1510268275436.png,4,1510268275436.png,FALSE
3038,A3O5EU9QQV2OS1,person,https://langcog.stanford.edu/expts/BLL/kiddraw-recognitionRatings/sketches/chair/chair_sketch_8_E1c_1510787010922.png,chair,chair_sketch_8_E1c_1510787010922.png,8,1510787010922.png,FALSE
3039,A3O5EU9QQV2OS1,cat,https://langcog.stanford.edu/expts/BLL/kiddraw-recognitionRatings/sketches/couch/couch_sketch_5_E1c_1510256904834.png,couch,couch_sketch_5_E1c_1510256904834.png,5,1510256904834.png,FALSE
3040,A3O5EU9QQV2OS1,boat,https://langcog.stanford.edu/expts/BLL/kiddraw-recognitionRatings/sketches/boat/boat_sketch_6_E1c_1511292286803.png,boat,boat_sketch_6_E1c_1511292286803.png,6,1511292286803.png,TRUE
3041,A3O5EU9QQV2OS1,chair,https://langcog.stanford.edu/expts/BLL/kiddraw-recognitionRatings/sketches/chair/chair_sketch_7_E1c_1510783353272.png,chair,chair_sketch_7_E1c_1510783353272.png,7,1510783353272.png,TRUE
3042,A3O5EU9QQV2OS1,cat,https://langcog.stanford.edu/expts/BLL/kiddraw-recognitionRatings/sketches/cat/cat_sketch_7_E1c_1510870100423.png,cat,cat_sketch_7_E1c_1510870100423.png,7,1510870100423.png,TRUE
3043,A3O5EU9QQV2OS1,carrot,https://langcog.stanford.edu/expts/BLL/kiddraw-recognitionRatings/sketches/carrot/carrot_sketch_10_E1c_1511301807087.png,carrot,carrot_sketch_10_E1c_1511301807087.png,10,1511301807087.png,TRUE
3044,A3O5EU9QQV2OS1,cat,https://langcog.stanford.edu/expts/BLL/kiddraw-recognitionRatings/sketches/cat/cat_sketch_8_E1c_1510254933095.png,cat,cat_sketch_8_E1c_1510254933095.png,8,1510254933095.png,TRUE
3045,A3O5EU9QQV2OS1,foot,https://langcog.stanford.edu/expts/BLL/kiddraw-recognitionRatings/sketches/shoe/shoe_sketch_6_E1c_1511292022297.png,shoe,shoe_sketch_6_E1c_1511292022297.png,6,1511292022297.png,FALSE
3046,A3O5EU9QQV2OS1,banana,https://langcog.stanford.edu/expts/BLL/kiddraw-recognitionRatings/sketches/banana/banana_sketch_6_E1c_1511293092153.png,banana,banana_sketch_6_E1c_1511293092153.png,6,1511293092153.png,TRUE
3047,A3O5EU9QQV2OS1,cat,https://langcog.stanford.edu/expts/BLL/kiddraw-recognitionRatings/sketches/rabbit/rabbit_sketch_7_E1c_1511301009480.png,rabbit,rabbit_sketch_7_E1c_1511301009480.png,7,1511301009480.png,FALSE
3048,A3O5EU9QQV2OS1,cat,https://langcog.stanford.edu/expts/BLL/kiddraw-recognitionRatings/sketches/rabbit/rabbit_sketch_9_E1c_1510686242527.png,rabbit,rabbit_sketch_9_E1c_1510686242527.png,9,1510686242527.png,FALSE
3049,A3O5EU9QQV2OS1,cat,https://langcog.stanford.edu/expts/BLL/kiddraw-recognitionRatings/sketches/flower/flower_sketch_5_E1c_1510253748384.png,flower,flower_sketch_5_E1c_1510253748384.png,5,1510253748384.png,FALSE
3050,A3O5EU9QQV2OS1,car,https://langcog.stanford.edu/expts/BLL/kiddraw-recognitionRatings/sketches/car/car_sketch_6_E1c_1511293092153.png,car,car_sketch_6_E1c_1511293092153.png,6,1511293092153.png,TRUE
3051,A3O5EU9QQV2OS1,chair,https://langcog.stanford.edu/expts/BLL/kiddraw-recognitionRatings/sketches/chair/chair_sketch_8_E1c_1510870628731.png,chair,chair_sketch_8_E1c_1510870628731.png,8,1510870628731.png,TRUE
3052,A3O5EU9QQV2OS1,cat,https://langcog.stanford.edu/expts/BLL/kiddraw-recognitionRatings/sketches/rabbit/rabbit_sketch_5_E1c_1510786719020.png,rabbit,rabbit_sketch_5_E1c_1510786719020.png,5,1510786719020.png,FALSE
3053,A3O5EU9QQV2OS1,cup,https://langcog.stanford.edu/expts/BLL/kiddraw-recognitionRatings/sketches/cup/cup_sketch_10_E1c_1511301807087.png,cup,cup_sketch_10_E1c_1511301807087.png,10,1511301807087.png,TRUE
3054,A3O5EU9QQV2OS1,boat,https://langcog.stanford.edu/expts/BLL/kiddraw-recognitionRatings/sketches/couch/couch_sketch_8_E1c_1510787010922.png,couch,couch_sketch_8_E1c_1510787010922.png,8,1510787010922.png,FALSE
3055,A3O5EU9QQV2OS1,ice cream,https://langcog.stanford.edu/expts/BLL/kiddraw-recognitionRatings/sketches/ice cream/ice cream_sketch_5_E1c_1510870384576.png,ice cream,ice cream_sketch_5_E1c_1510870384576.png,5,1510870384576.png,TRUE
3056,A3O5EU9QQV2OS1,cat,https://langcog.stanford.edu/expts/BLL/kiddraw-recognitionRatings/sketches/rabbit/rabbit_sketch_10_E1c_1511293452162.png,rabbit,rabbit_sketch_10_E1c_1511293452162.png,10,1511293452162.png,FALSE
3057,A3O5EU9QQV2OS1,banana,https://langcog.stanford.edu/expts/BLL/kiddraw-recognitionRatings/sketches/banana/banana_sketch_6_E1c_1511292022297.png,banana,banana_sketch_6_E1c_1511292022297.png,6,1511292022297.png,TRUE
3058,A3O5EU9QQV2OS1,banana,https://langcog.stanford.edu/expts/BLL/kiddraw-recognitionRatings/sketches/banana/banana_sketch_5_E1c_1510253748384.png,banana,banana_sketch_5_E1c_1510253748384.png,5,1510253748384.png,TRUE
3059,A3O5EU9QQV2OS1,phone,https://langcog.stanford.edu/expts/BLL/kiddraw-recognitionRatings/sketches/phone/phone_sketch_7_E1c_1510783353272.png,phone,phone_sketch_7_E1c_1510783353272.png,7,1510783353272.png,TRUE
3060,A3O5EU9QQV2OS1,banana,https://langcog.stanford.edu/expts/BLL/kiddraw-recognitionRatings/sketches/banana/banana_sketch_4_E1c_1510691847400.png,banana,banana_sketch_4_E1c_1510691847400.png,4,1510691847400.png,TRUE
3061,A3O5EU9QQV2OS1,boat,https://langcog.stanford.edu/expts/BLL/kiddraw-recognitionRatings/sketches/boat/boat_sketch_8_E1c_1511292658766.png,boat,boat_sketch_8_E1c_1511292658766.png,8,1511292658766.png,TRUE
3062,A3O5EU9QQV2OS1,ice cream,https://langcog.stanford.edu/expts/BLL/kiddraw-recognitionRatings/sketches/carrot/carrot_sketch_9_E1c_1510686242527.png,carrot,carrot_sketch_9_E1c_1510686242527.png,9,1510686242527.png,FALSE
3063,A3O5EU9QQV2OS1,shoe,https://langcog.stanford.edu/expts/BLL/kiddraw-recognitionRatings/sketches/couch/couch_sketch_8_E1c_1510870628731.png,couch,couch_sketch_8_E1c_1510870628731.png,8,1510870628731.png,FALSE
3064,A3O5EU9QQV2OS1,chair,https://langcog.stanford.edu/expts/BLL/kiddraw-recognitionRatings/sketches/chair/chair_sketch_5_E1c_1510253748384.png,chair,chair_sketch_5_E1c_1510253748384.png,5,1510253748384.png,TRUE
3065,A3O5EU9QQV2OS1,carrot,https://langcog.stanford.edu/expts/BLL/kiddraw-recognitionRatings/sketches/carrot/carrot_sketch_5_E1c_1510786719020.png,carrot,carrot_sketch_5_E1c_1510786719020.png,5,1510786719020.png,TRUE
3066,A3O5EU9QQV2OS1,banana,https://langcog.stanford.edu/expts/BLL/kiddraw-recognitionRatings/sketches/banana/banana_sketch_6_E1c_1511292286803.png,banana,banana_sketch_6_E1c_1511292286803.png,6,1511292286803.png,TRUE
3067,A3O5EU9QQV2OS1,foot,https://langcog.stanford.edu/expts/BLL/kiddraw-recognitionRatings/sketches/foot/foot_sketch_8_E1c_1511293754661.png,foot,foot_sketch_8_E1c_1511293754661.png,8,1511293754661.png,TRUE
3068,A3O5EU9QQV2OS1,cat,https://langcog.stanford.edu/expts/BLL/kiddraw-recognitionRatings/sketches/boat/boat_sketch_5_E1c_1510258311547.png,boat,boat_sketch_5_E1c_1510258311547.png,5,1510258311547.png,FALSE
3069,A3O5EU9QQV2OS1,couch,https://langcog.stanford.edu/expts/BLL/kiddraw-recognitionRatings/sketches/couch/couch_sketch_10_E1c_1511301807087.png,couch,couch_sketch_10_E1c_1511301807087.png,10,1511301807087.png,TRUE
3070,A3O5EU9QQV2OS1,foot,https://langcog.stanford.edu/expts/BLL/kiddraw-recognitionRatings/sketches/foot/foot_sketch_10_E1c_1510684833991.png,foot,foot_sketch_10_E1c_1510684833991.png,10,1510684833991.png,TRUE
3071,A3O5EU9QQV2OS1,foot,https://langcog.stanford.edu/expts/BLL/kiddraw-recognitionRatings/sketches/foot/foot_sketch_6_E1c_1511292286803.png,foot,foot_sketch_6_E1c_1511292286803.png,6,1511292286803.png,TRUE
3072,A3O5EU9QQV2OS1,train,https://langcog.stanford.edu/expts/BLL/kiddraw-recognitionRatings/sketches/train/train_sketch_8_E1c_1510870628731.png,train,train_sketch_8_E1c_1510870628731.png,8,1510870628731.png,TRUE
3073,A3O5EU9QQV2OS1,banana,https://langcog.stanford.edu/expts/BLL/kiddraw-recognitionRatings/sketches/banana/banana_sketch_8_E1c_1510787010922.png,banana,banana_sketch_8_E1c_1510787010922.png,8,1510787010922.png,TRUE
3074,A3O5EU9QQV2OS1,cannott tell at all,https://langcog.stanford.edu/expts/BLL/kiddraw-recognitionRatings/sketches/carrot/carrot_sketch_4_E1c_1510268275436.png,carrot,carrot_sketch_4_E1c_1510268275436.png,4,1510268275436.png,FALSE
3075,A3O5EU9QQV2OS1,shoe,https://langcog.stanford.edu/expts/BLL/kiddraw-recognitionRatings/sketches/shoe/shoe_sketch_5_E1c_1510786719020.png,shoe,shoe_sketch_5_E1c_1510786719020.png,5,1510786719020.png,TRUE
3076,A3O5EU9QQV2OS1,cat,https://langcog.stanford.edu/expts/BLL/kiddraw-recognitionRatings/sketches/cat/cat_sketch_7_E1c_1510263944688.png,cat,cat_sketch_7_E1c_1510263944688.png,7,1510263944688.png,TRUE
3077,A3O5EU9QQV2OS1,cat,https://langcog.stanford.edu/expts/BLL/kiddraw-recognitionRatings/sketches/frog/frog_sketch_8_E1c_1510262448790.png,frog,frog_sketch_8_E1c_1510262448790.png,8,1510262448790.png,FALSE
3078,A3O5EU9QQV2OS1,carrot,https://langcog.stanford.edu/expts/BLL/kiddraw-recognitionRatings/sketches/carrot/carrot_sketch_7_E1c_1510870100423.png,carrot,carrot_sketch_7_E1c_1510870100423.png,7,1510870100423.png,TRUE
3079,A3O5EU9QQV2OS1,cat,https://langcog.stanford.edu/expts/BLL/kiddraw-recognitionRatings/sketches/rabbit/rabbit_sketch_5_E1c_1510256904834.png,rabbit,rabbit_sketch_5_E1c_1510256904834.png,5,1510256904834.png,FALSE
3080,A3O5EU9QQV2OS1,banana,https://langcog.stanford.edu/expts/BLL/kiddraw-recognitionRatings/sketches/banana/banana_sketch_6_E1c_1510782034963.png,banana,banana_sketch_6_E1c_1510782034963.png,6,1510782034963.png,TRUE
3081,A3O5EU9QQV2OS1,train,https://langcog.stanford.edu/expts/BLL/kiddraw-recognitionRatings/sketches/train/train_sketch_5_E1c_1510870384576.png,train,train_sketch_5_E1c_1510870384576.png,5,1510870384576.png,TRUE
3082,A3O5EU9QQV2OS1,cat,https://langcog.stanford.edu/expts/BLL/kiddraw-recognitionRatings/sketches/cat/cat_sketch_8_E1c_1510690264523.png,cat,cat_sketch_8_E1c_1510690264523.png,8,1510690264523.png,TRUE
3083,A3O5EU9QQV2OS1,shoe,https://langcog.stanford.edu/expts/BLL/kiddraw-recognitionRatings/sketches/shoe/shoe_sketch_5_E1c_1510256904834.png,shoe,shoe_sketch_5_E1c_1510256904834.png,5,1510256904834.png,TRUE
3084,A3O5EU9QQV2OS1,car,https://langcog.stanford.edu/expts/BLL/kiddraw-recognitionRatings/sketches/car/car_sketch_6_E1c_1510690510319.png,car,car_sketch_6_E1c_1510690510319.png,6,1510690510319.png,TRUE
3085,A3O5EU9QQV2OS1,ice cream,https://langcog.stanford.edu/expts/BLL/kiddraw-recognitionRatings/sketches/ice cream/ice cream_sketch_8_E1c_1511300850043.png,ice cream,ice cream_sketch_8_E1c_1511300850043.png,8,1511300850043.png,TRUE
3086,A3O5EU9QQV2OS1,train,https://langcog.stanford.edu/expts/BLL/kiddraw-recognitionRatings/sketches/train/train_sketch_6_E1c_1510690510319.png,train,train_sketch_6_E1c_1510690510319.png,6,1510690510319.png,TRUE
3087,A3O5EU9QQV2OS1,shoe,https://langcog.stanford.edu/expts/BLL/kiddraw-recognitionRatings/sketches/shoe/shoe_sketch_8_E1c_1510870628731.png,shoe,shoe_sketch_8_E1c_1510870628731.png,8,1510870628731.png,TRUE
3088,A3O5EU9QQV2OS1,shoe,https://langcog.stanford.edu/expts/BLL/kiddraw-recognitionRatings/sketches/foot/foot_sketch_6_E1c_1511292022297.png,foot,foot_sketch_6_E1c_1511292022297.png,6,1511292022297.png,FALSE
3089,A3O5EU9QQV2OS1,foot,https://langcog.stanford.edu/expts/BLL/kiddraw-recognitionRatings/sketches/foot/foot_sketch_10_E1c_1510783638074.png,foot,foot_sketch_10_E1c_1510783638074.png,10,1510783638074.png,TRUE
3090,A3O5EU9QQV2OS1,flower,https://langcog.stanford.edu/expts/BLL/kiddraw-recognitionRatings/sketches/flower/flower_sketch_7_E1c_1510870100423.png,flower,flower_sketch_7_E1c_1510870100423.png,7,1510870100423.png,TRUE
3091,A3O5EU9QQV2OS1,flower,https://langcog.stanford.edu/expts/BLL/kiddraw-recognitionRatings/sketches/rabbit/rabbit_sketch_4_E1c_1510263067113.png,rabbit,rabbit_sketch_4_E1c_1510263067113.png,4,1510263067113.png,FALSE
3092,A3O5EU9QQV2OS1,foot,https://langcog.stanford.edu/expts/BLL/kiddraw-recognitionRatings/sketches/foot/foot_sketch_8_E1c_1510690264523.png,foot,foot_sketch_8_E1c_1510690264523.png,8,1510690264523.png,TRUE
3093,A3O5EU9QQV2OS1,train,https://langcog.stanford.edu/expts/BLL/kiddraw-recognitionRatings/sketches/train/train_sketch_10_E1c_1511293452162.png,train,train_sketch_10_E1c_1511293452162.png,10,1511293452162.png,TRUE
3094,A3O5EU9QQV2OS1,flower,https://langcog.stanford.edu/expts/BLL/kiddraw-recognitionRatings/sketches/flower/flower_sketch_9_E1c_1510689458884.png,flower,flower_sketch_9_E1c_1510689458884.png,9,1510689458884.png,TRUE
3095,A3O5EU9QQV2OS1,flower,https://langcog.stanford.edu/expts/BLL/kiddraw-recognitionRatings/sketches/flower/flower_sketch_8_E1c_1510787010922.png,flower,flower_sketch_8_E1c_1510787010922.png,8,1510787010922.png,TRUE
3096,A3O5EU9QQV2OS1,flower,https://langcog.stanford.edu/expts/BLL/kiddraw-recognitionRatings/sketches/flower/flower_sketch_10_E1c_1510783638074.png,flower,flower_sketch_10_E1c_1510783638074.png,10,1510783638074.png,TRUE
3097,A3O5EU9QQV2OS1,couch,https://langcog.stanford.edu/expts/BLL/kiddraw-recognitionRatings/sketches/couch/couch_sketch_5_E1c_1510786719020.png,couch,couch_sketch_5_E1c_1510786719020.png,5,1510786719020.png,TRUE
3098,A3O5EU9QQV2OS1,train,https://langcog.stanford.edu/expts/BLL/kiddraw-recognitionRatings/sketches/train/train_sketch_5_E1c_1510786719020.png,train,train_sketch_5_E1c_1510786719020.png,5,1510786719020.png,TRUE
3099,A3O5EU9QQV2OS1,rock,https://langcog.stanford.edu/expts/BLL/kiddraw-recognitionRatings/sketches/shoe/shoe_sketch_6_E1c_1511292286803.png,shoe,shoe_sketch_6_E1c_1511292286803.png,6,1511292286803.png,FALSE
3100,A3O5EU9QQV2OS1,cannott tell at all,https://langcog.stanford.edu/expts/BLL/kiddraw-recognitionRatings/sketches/couch/couch_sketch_7_E1c_1511301634355.png,couch,couch_sketch_7_E1c_1511301634355.png,7,1511301634355.png,FALSE
3101,A3O5EU9QQV2OS1,boat,https://langcog.stanford.edu/expts/BLL/kiddraw-recognitionRatings/sketches/boat/boat_sketch_10_E1c_1511293452162.png,boat,boat_sketch_10_E1c_1511293452162.png,10,1511293452162.png,TRUE
3102,A3O5EU9QQV2OS1,flower,https://langcog.stanford.edu/expts/BLL/kiddraw-recognitionRatings/sketches/flower/flower_sketch_8_E1c_1511292658766.png,flower,flower_sketch_8_E1c_1511292658766.png,8,1511292658766.png,TRUE
3103,A3O5EU9QQV2OS1,train,https://langcog.stanford.edu/expts/BLL/kiddraw-recognitionRatings/sketches/train/train_sketch_6_E1c_1511292286803.png,train,train_sketch_6_E1c_1511292286803.png,6,1511292286803.png,TRUE
3104,A3O5EU9QQV2OS1,train,https://langcog.stanford.edu/expts/BLL/kiddraw-recognitionRatings/sketches/car/car_sketch_10_E1c_1510783638074.png,car,car_sketch_10_E1c_1510783638074.png,10,1510783638074.png,FALSE
3105,A3O5EU9QQV2OS1,chair,https://langcog.stanford.edu/expts/BLL/kiddraw-recognitionRatings/sketches/couch/couch_sketch_8_E1c_1511300355318.png,couch,couch_sketch_8_E1c_1511300355318.png,8,1511300355318.png,FALSE
3106,A3O5EU9QQV2OS1,banana,https://langcog.stanford.edu/expts/BLL/kiddraw-recognitionRatings/sketches/banana/banana_sketch_10_E1c_1510684833991.png,banana,banana_sketch_10_E1c_1510684833991.png,10,1510684833991.png,TRUE
3107,A3O5EU9QQV2OS1,carrot,https://langcog.stanford.edu/expts/BLL/kiddraw-recognitionRatings/sketches/carrot/carrot_sketch_7_E1c_1510263944688.png,carrot,carrot_sketch_7_E1c_1510263944688.png,7,1510263944688.png,TRUE
3108,A3O5EU9QQV2OS1,cat,https://langcog.stanford.edu/expts/BLL/kiddraw-recognitionRatings/sketches/rabbit/rabbit_sketch_8_E1c_1510690264523.png,rabbit,rabbit_sketch_8_E1c_1510690264523.png,8,1510690264523.png,FALSE
3109,A3O5EU9QQV2OS1,ice cream,https://langcog.stanford.edu/expts/BLL/kiddraw-recognitionRatings/sketches/ice cream/ice cream_sketch_7_E1c_1511301634355.png,ice cream,ice cream_sketch_7_E1c_1511301634355.png,7,1511301634355.png,TRUE
3110,A3O5EU9QQV2OS1,flower,https://langcog.stanford.edu/expts/BLL/kiddraw-recognitionRatings/sketches/flower/flower_sketch_10_E1c_1510684833991.png,flower,flower_sketch_10_E1c_1510684833991.png,10,1510684833991.png,TRUE
3111,A3O5EU9QQV2OS1,car,https://langcog.stanford.edu/expts/BLL/kiddraw-recognitionRatings/sketches/car/car_sketch_6_E1c_1510695588717.png,car,car_sketch_6_E1c_1510695588717.png,6,1510695588717.png,TRUE
3112,A3O5EU9QQV2OS1,phone,https://langcog.stanford.edu/expts/BLL/kiddraw-recognitionRatings/sketches/phone/phone_sketch_7_E1c_1511301009480.png,phone,phone_sketch_7_E1c_1511301009480.png,7,1511301009480.png,TRUE
3113,A3O5EU9QQV2OS1,cat,https://langcog.stanford.edu/expts/BLL/kiddraw-recognitionRatings/sketches/car/car_sketch_5_E1c_1510786719020.png,car,car_sketch_5_E1c_1510786719020.png,5,1510786719020.png,FALSE
3114,A3O5EU9QQV2OS1,phone,https://langcog.stanford.edu/expts/BLL/kiddraw-recognitionRatings/sketches/phone/phone_sketch_7_E1c_1510263944688.png,phone,phone_sketch_7_E1c_1510263944688.png,7,1510263944688.png,TRUE
3115,A3O5EU9QQV2OS1,cup,https://langcog.stanford.edu/expts/BLL/kiddraw-recognitionRatings/sketches/cup/cup_sketch_9_E1c_1510689458884.png,cup,cup_sketch_9_E1c_1510689458884.png,9,1510689458884.png,TRUE
3116,A3O5EU9QQV2OS1,carrot,https://langcog.stanford.edu/expts/BLL/kiddraw-recognitionRatings/sketches/carrot/carrot_sketch_10_E1c_1510684833991.png,carrot,carrot_sketch_10_E1c_1510684833991.png,10,1510684833991.png,TRUE
3117,A3O5EU9QQV2OS1,phone,https://langcog.stanford.edu/expts/BLL/kiddraw-recognitionRatings/sketches/phone/phone_sketch_7_E1c_1511301634355.png,phone,phone_sketch_7_E1c_1511301634355.png,7,1511301634355.png,TRUE
3118,A3O5EU9QQV2OS1,ice cream,https://langcog.stanford.edu/expts/BLL/kiddraw-recognitionRatings/sketches/ice cream/ice cream_sketch_8_E1c_1510262448790.png,ice cream,ice cream_sketch_8_E1c_1510262448790.png,8,1510262448790.png,TRUE
3119,A3O5EU9QQV2OS1,couch,https://langcog.stanford.edu/expts/BLL/kiddraw-recognitionRatings/sketches/couch/couch_sketch_6_E1c_1510783818788.png,couch,couch_sketch_6_E1c_1510783818788.png,6,1510783818788.png,TRUE
3120,A3O5EU9QQV2OS1,banana,https://langcog.stanford.edu/expts/BLL/kiddraw-recognitionRatings/sketches/banana/banana_sketch_8_E1c_1511292658766.png,banana,banana_sketch_8_E1c_1511292658766.png,8,1511292658766.png,TRUE
3121,A3O5EU9QQV2OS1,ice cream,https://langcog.stanford.edu/expts/BLL/kiddraw-recognitionRatings/sketches/ice cream/ice cream_sketch_7_E1c_1510870100423.png,ice cream,ice cream_sketch_7_E1c_1510870100423.png,7,1510870100423.png,TRUE
3122,A3O5EU9QQV2OS1,chair,https://langcog.stanford.edu/expts/BLL/kiddraw-recognitionRatings/sketches/chair/chair_sketch_6_E1c_1511292286803.png,chair,chair_sketch_6_E1c_1511292286803.png,6,1511292286803.png,TRUE
3123,A3O5EU9QQV2OS1,chair,https://langcog.stanford.edu/expts/BLL/kiddraw-recognitionRatings/sketches/chair/chair_sketch_7_E1c_1510870100423.png,chair,chair_sketch_7_E1c_1510870100423.png,7,1510870100423.png,TRUE
3124,A3O5EU9QQV2OS1,banana,https://langcog.stanford.edu/expts/BLL/kiddraw-recognitionRatings/sketches/phone/phone_sketch_8_E1c_1511300850043.png,phone,phone_sketch_8_E1c_1511300850043.png,8,1511300850043.png,FALSE
3125,A3O5EU9QQV2OS1,carrot,https://langcog.stanford.edu/expts/BLL/kiddraw-recognitionRatings/sketches/frog/frog_sketch_5_E1c_1510258311547.png,frog,frog_sketch_5_E1c_1510258311547.png,5,1510258311547.png,FALSE
3126,A3O5EU9QQV2OS1,flower,https://langcog.stanford.edu/expts/BLL/kiddraw-recognitionRatings/sketches/flower/flower_sketch_8_E1c_1511300850043.png,flower,flower_sketch_8_E1c_1511300850043.png,8,1511300850043.png,TRUE
3127,A3O5EU9QQV2OS1,car,https://langcog.stanford.edu/expts/BLL/kiddraw-recognitionRatings/sketches/couch/couch_sketch_8_E1c_1511293754661.png,couch,couch_sketch_8_E1c_1511293754661.png,8,1511293754661.png,FALSE
3128,A3O5EU9QQV2OS1,carrot,https://langcog.stanford.edu/expts/BLL/kiddraw-recognitionRatings/sketches/carrot/carrot_sketch_9_E1c_1510689458884.png,carrot,carrot_sketch_9_E1c_1510689458884.png,9,1510689458884.png,TRUE
3129,A3O5EU9QQV2OS1,flower,https://langcog.stanford.edu/expts/BLL/kiddraw-recognitionRatings/sketches/flower/flower_sketch_5_E1c_1510786719020.png,flower,flower_sketch_5_E1c_1510786719020.png,5,1510786719020.png,TRUE
3130,A3O5EU9QQV2OS1,ice cream,https://langcog.stanford.edu/expts/BLL/kiddraw-recognitionRatings/sketches/ice cream/ice cream_sketch_8_E1c_1510254933095.png,ice cream,ice cream_sketch_8_E1c_1510254933095.png,8,1510254933095.png,TRUE
3131,A3O5EU9QQV2OS1,person,https://langcog.stanford.edu/expts/BLL/kiddraw-recognitionRatings/sketches/frog/frog_sketch_8_E1c_1510787010922.png,frog,frog_sketch_8_E1c_1510787010922.png,8,1510787010922.png,FALSE
3132,A3O5EU9QQV2OS1,phone,https://langcog.stanford.edu/expts/BLL/kiddraw-recognitionRatings/sketches/phone/phone_sketch_10_E1c_1510783638074.png,phone,phone_sketch_10_E1c_1510783638074.png,10,1510783638074.png,TRUE
3133,A3O5EU9QQV2OS1,phone,https://langcog.stanford.edu/expts/BLL/kiddraw-recognitionRatings/sketches/phone/phone_sketch_6_E1c_1510783818788.png,phone,phone_sketch_6_E1c_1510783818788.png,6,1510783818788.png,TRUE
3134,A3O5EU9QQV2OS1,car,https://langcog.stanford.edu/expts/BLL/kiddraw-recognitionRatings/sketches/train/train_sketch_6_E1c_1511293092153.png,train,train_sketch_6_E1c_1511293092153.png,6,1511293092153.png,FALSE
3135,A3O5EU9QQV2OS1,flower,https://langcog.stanford.edu/expts/BLL/kiddraw-recognitionRatings/sketches/flower/flower_sketch_10_E1c_1511293452162.png,flower,flower_sketch_10_E1c_1511293452162.png,10,1511293452162.png,TRUE
3136,A3O5EU9QQV2OS1,frog,https://langcog.stanford.edu/expts/BLL/kiddraw-recognitionRatings/sketches/frog/frog_sketch_6_E1c_1510700570912.png,frog,frog_sketch_6_E1c_1510700570912.png,6,1510700570912.png,TRUE
3137,A3O5EU9QQV2OS1,boat,https://langcog.stanford.edu/expts/BLL/kiddraw-recognitionRatings/sketches/boat/boat_sketch_10_E1c_1511301807087.png,boat,boat_sketch_10_E1c_1511301807087.png,10,1511301807087.png,TRUE
3138,A3O5EU9QQV2OS1,frog,https://langcog.stanford.edu/expts/BLL/kiddraw-recognitionRatings/sketches/frog/frog_sketch_10_E1c_1511293452162.png,frog,frog_sketch_10_E1c_1511293452162.png,10,1511293452162.png,TRUE
3139,A3O5EU9QQV2OS1,carrot,https://langcog.stanford.edu/expts/BLL/kiddraw-recognitionRatings/sketches/carrot/carrot_sketch_10_E1c_1511293452162.png,carrot,carrot_sketch_10_E1c_1511293452162.png,10,1511293452162.png,TRUE
3140,A3O5EU9QQV2OS1,cat,https://langcog.stanford.edu/expts/BLL/kiddraw-recognitionRatings/sketches/cat/cat_sketch_10_E1c_1510783638074.png,cat,cat_sketch_10_E1c_1510783638074.png,10,1510783638074.png,TRUE
3141,A3O5EU9QQV2OS1,carrot,https://langcog.stanford.edu/expts/BLL/kiddraw-recognitionRatings/sketches/ice cream/ice cream_sketch_8_E1c_1510787010922.png,ice cream,ice cream_sketch_8_E1c_1510787010922.png,8,1510787010922.png,FALSE
3142,A3O5EU9QQV2OS1,cat,https://langcog.stanford.edu/expts/BLL/kiddraw-recognitionRatings/sketches/foot/foot_sketch_4_E1c_1510252568116.png,foot,foot_sketch_4_E1c_1510252568116.png,4,1510252568116.png,FALSE
3143,A3O5EU9QQV2OS1,cannott tell at all,https://langcog.stanford.edu/expts/BLL/kiddraw-recognitionRatings/sketches/foot/foot_sketch_5_E1c_1510258311547.png,foot,foot_sketch_5_E1c_1510258311547.png,5,1510258311547.png,FALSE
3144,A3O5EU9QQV2OS1,phone,https://langcog.stanford.edu/expts/BLL/kiddraw-recognitionRatings/sketches/phone/phone_sketch_6_E1c_1510690510319.png,phone,phone_sketch_6_E1c_1510690510319.png,6,1510690510319.png,TRUE
3145,A3O5EU9QQV2OS1,chair,https://langcog.stanford.edu/expts/BLL/kiddraw-recognitionRatings/sketches/chair/chair_sketch_8_E1c_1510690264523.png,chair,chair_sketch_8_E1c_1510690264523.png,8,1510690264523.png,TRUE
3146,A3O5EU9QQV2OS1,car,https://langcog.stanford.edu/expts/BLL/kiddraw-recognitionRatings/sketches/train/train_sketch_7_E1c_1510783353272.png,train,train_sketch_7_E1c_1510783353272.png,7,1510783353272.png,FALSE
3147,A17D65I948OQZM,chair,https://langcog.stanford.edu/expts/BLL/kiddraw-recognitionRatings/sketches/chair/chair_sketch_8_E1c_1511293924452.png,chair,chair_sketch_8_E1c_1511293924452.png,8,1511293924452.png,TRUE
3148,A17D65I948OQZM,rabbit,https://langcog.stanford.edu/expts/BLL/kiddraw-recognitionRatings/sketches/rabbit/rabbit_sketch_10_E1c_1511293452162.png,rabbit,rabbit_sketch_10_E1c_1511293452162.png,10,1511293452162.png,TRUE
3149,A17D65I948OQZM,frog,https://langcog.stanford.edu/expts/BLL/kiddraw-recognitionRatings/sketches/frog/frog_sketch_6_E1c_1511293092153.png,frog,frog_sketch_6_E1c_1511293092153.png,6,1511293092153.png,TRUE
3150,A17D65I948OQZM,rabbit,https://langcog.stanford.edu/expts/BLL/kiddraw-recognitionRatings/sketches/rabbit/rabbit_sketch_6_E1c_1511293092153.png,rabbit,rabbit_sketch_6_E1c_1511293092153.png,6,1511293092153.png,TRUE
3151,A17D65I948OQZM,shoe,https://langcog.stanford.edu/expts/BLL/kiddraw-recognitionRatings/sketches/couch/couch_sketch_8_E1c_1510870628731.png,couch,couch_sketch_8_E1c_1510870628731.png,8,1510870628731.png,FALSE
3152,A17D65I948OQZM,cat,https://langcog.stanford.edu/expts/BLL/kiddraw-recognitionRatings/sketches/cat/cat_sketch_8_E1c_1510787010922.png,cat,cat_sketch_8_E1c_1510787010922.png,8,1510787010922.png,TRUE
3153,A17D65I948OQZM,rabbit,https://langcog.stanford.edu/expts/BLL/kiddraw-recognitionRatings/sketches/rabbit/rabbit_sketch_8_E1c_1511293924452.png,rabbit,rabbit_sketch_8_E1c_1511293924452.png,8,1511293924452.png,TRUE
3154,A17D65I948OQZM,train,https://langcog.stanford.edu/expts/BLL/kiddraw-recognitionRatings/sketches/train/train_sketch_6_E1c_1510782034963.png,train,train_sketch_6_E1c_1510782034963.png,6,1510782034963.png,TRUE
3155,A17D65I948OQZM,banana,https://langcog.stanford.edu/expts/BLL/kiddraw-recognitionRatings/sketches/banana/banana_sketch_10_E1c_1511293452162.png,banana,banana_sketch_10_E1c_1511293452162.png,10,1511293452162.png,TRUE
3156,A17D65I948OQZM,banana,https://langcog.stanford.edu/expts/BLL/kiddraw-recognitionRatings/sketches/banana/banana_sketch_8_E1c_1511292658766.png,banana,banana_sketch_8_E1c_1511292658766.png,8,1511292658766.png,TRUE
3157,A17D65I948OQZM,train,https://langcog.stanford.edu/expts/BLL/kiddraw-recognitionRatings/sketches/train/train_sketch_6_E1c_1511292286803.png,train,train_sketch_6_E1c_1511292286803.png,6,1511292286803.png,TRUE
3158,A17D65I948OQZM,car,https://langcog.stanford.edu/expts/BLL/kiddraw-recognitionRatings/sketches/train/train_sketch_7_E1c_1510783353272.png,train,train_sketch_7_E1c_1510783353272.png,7,1510783353272.png,FALSE
3159,A17D65I948OQZM,car,https://langcog.stanford.edu/expts/BLL/kiddraw-recognitionRatings/sketches/car/car_sketch_7_E1c_1510783353272.png,car,car_sketch_7_E1c_1510783353272.png,7,1510783353272.png,TRUE
3160,A17D65I948OQZM,cannott tell at all,https://langcog.stanford.edu/expts/BLL/kiddraw-recognitionRatings/sketches/phone/phone_sketch_8_E1c_1511293924452.png,phone,phone_sketch_8_E1c_1511293924452.png,8,1511293924452.png,FALSE
3161,A17D65I948OQZM,ice cream,https://langcog.stanford.edu/expts/BLL/kiddraw-recognitionRatings/sketches/ice cream/ice cream_sketch_10_E1c_1510783638074.png,ice cream,ice cream_sketch_10_E1c_1510783638074.png,10,1510783638074.png,TRUE
3162,A17D65I948OQZM,chair,https://langcog.stanford.edu/expts/BLL/kiddraw-recognitionRatings/sketches/chair/chair_sketch_8_E1c_1510787010922.png,chair,chair_sketch_8_E1c_1510787010922.png,8,1510787010922.png,TRUE
3163,A17D65I948OQZM,chair,https://langcog.stanford.edu/expts/BLL/kiddraw-recognitionRatings/sketches/chair/chair_sketch_10_E1c_1510684833991.png,chair,chair_sketch_10_E1c_1510684833991.png,10,1510684833991.png,TRUE
3164,A17D65I948OQZM,flower,https://langcog.stanford.edu/expts/BLL/kiddraw-recognitionRatings/sketches/flower/flower_sketch_8_E1c_1510254933095.png,flower,flower_sketch_8_E1c_1510254933095.png,8,1510254933095.png,TRUE
3165,A17D65I948OQZM,cannott tell at all,https://langcog.stanford.edu/expts/BLL/kiddraw-recognitionRatings/sketches/boat/boat_sketch_4_E1c_1510263067113.png,boat,boat_sketch_4_E1c_1510263067113.png,4,1510263067113.png,FALSE
3166,A17D65I948OQZM,rabbit,https://langcog.stanford.edu/expts/BLL/kiddraw-recognitionRatings/sketches/frog/frog_sketch_7_E1c_1510263944688.png,frog,frog_sketch_7_E1c_1510263944688.png,7,1510263944688.png,FALSE
3167,A17D65I948OQZM,cat,https://langcog.stanford.edu/expts/BLL/kiddraw-recognitionRatings/sketches/cat/cat_sketch_7_E1c_1511301634355.png,cat,cat_sketch_7_E1c_1511301634355.png,7,1511301634355.png,TRUE
3168,A17D65I948OQZM,car,https://langcog.stanford.edu/expts/BLL/kiddraw-recognitionRatings/sketches/boat/boat_sketch_8_E1c_1510787010922.png,boat,boat_sketch_8_E1c_1510787010922.png,8,1510787010922.png,FALSE
3169,A17D65I948OQZM,ice cream,https://langcog.stanford.edu/expts/BLL/kiddraw-recognitionRatings/sketches/ice cream/ice cream_sketch_8_E1c_1510262448790.png,ice cream,ice cream_sketch_8_E1c_1510262448790.png,8,1510262448790.png,TRUE
3170,A17D65I948OQZM,bean,https://langcog.stanford.edu/expts/BLL/kiddraw-recognitionRatings/sketches/carrot/carrot_sketch_5_E1c_1511301440421.png,carrot,carrot_sketch_5_E1c_1511301440421.png,5,1511301440421.png,FALSE
3171,A17D65I948OQZM,couch,https://langcog.stanford.edu/expts/BLL/kiddraw-recognitionRatings/sketches/couch/couch_sketch_10_E1c_1510684833991.png,couch,couch_sketch_10_E1c_1510684833991.png,10,1510684833991.png,TRUE
3172,A17D65I948OQZM,carrot,https://langcog.stanford.edu/expts/BLL/kiddraw-recognitionRatings/sketches/carrot/carrot_sketch_8_E1c_1511300850043.png,carrot,carrot_sketch_8_E1c_1511300850043.png,8,1511300850043.png,TRUE
3173,A17D65I948OQZM,arm,https://langcog.stanford.edu/expts/BLL/kiddraw-recognitionRatings/sketches/banana/banana_sketch_5_E1c_1511301440421.png,banana,banana_sketch_5_E1c_1511301440421.png,5,1511301440421.png,FALSE
3174,A17D65I948OQZM,flower,https://langcog.stanford.edu/expts/BLL/kiddraw-recognitionRatings/sketches/flower/flower_sketch_8_E1c_1511292658766.png,flower,flower_sketch_8_E1c_1511292658766.png,8,1511292658766.png,TRUE
3175,A17D65I948OQZM,chair,https://langcog.stanford.edu/expts/BLL/kiddraw-recognitionRatings/sketches/cup/cup_sketch_9_E1c_1510689458884.png,cup,cup_sketch_9_E1c_1510689458884.png,9,1510689458884.png,FALSE
3176,A17D65I948OQZM,flower,https://langcog.stanford.edu/expts/BLL/kiddraw-recognitionRatings/sketches/foot/foot_sketch_6_E1c_1511292286803.png,foot,foot_sketch_6_E1c_1511292286803.png,6,1511292286803.png,FALSE
3177,A17D65I948OQZM,chair,https://langcog.stanford.edu/expts/BLL/kiddraw-recognitionRatings/sketches/chair/chair_sketch_8_E1c_1510254933095.png,chair,chair_sketch_8_E1c_1510254933095.png,8,1510254933095.png,TRUE
3178,A17D65I948OQZM,car,https://langcog.stanford.edu/expts/BLL/kiddraw-recognitionRatings/sketches/car/car_sketch_10_E1c_1510684833991.png,car,car_sketch_10_E1c_1510684833991.png,10,1510684833991.png,TRUE
3179,A17D65I948OQZM,chair,https://langcog.stanford.edu/expts/BLL/kiddraw-recognitionRatings/sketches/chair/chair_sketch_6_E1c_1510690510319.png,chair,chair_sketch_6_E1c_1510690510319.png,6,1510690510319.png,TRUE
3180,A17D65I948OQZM,foot,https://langcog.stanford.edu/expts/BLL/kiddraw-recognitionRatings/sketches/foot/foot_sketch_10_E1c_1510684833991.png,foot,foot_sketch_10_E1c_1510684833991.png,10,1510684833991.png,TRUE
3181,A17D65I948OQZM,chair,https://langcog.stanford.edu/expts/BLL/kiddraw-recognitionRatings/sketches/shoe/shoe_sketch_8_E1c_1510870628731.png,shoe,shoe_sketch_8_E1c_1510870628731.png,8,1510870628731.png,FALSE
3182,A17D65I948OQZM,boat,https://langcog.stanford.edu/expts/BLL/kiddraw-recognitionRatings/sketches/boat/boat_sketch_9_E1c_1510686242527.png,boat,boat_sketch_9_E1c_1510686242527.png,9,1510686242527.png,TRUE
3183,A17D65I948OQZM,chair,https://langcog.stanford.edu/expts/BLL/kiddraw-recognitionRatings/sketches/chair/chair_sketch_6_E1c_1511292286803.png,chair,chair_sketch_6_E1c_1511292286803.png,6,1511292286803.png,TRUE
3184,A17D65I948OQZM,foot,https://langcog.stanford.edu/expts/BLL/kiddraw-recognitionRatings/sketches/shoe/shoe_sketch_8_E1c_1510254933095.png,shoe,shoe_sketch_8_E1c_1510254933095.png,8,1510254933095.png,FALSE
3185,A17D65I948OQZM,cannott tell at all,https://langcog.stanford.edu/expts/BLL/kiddraw-recognitionRatings/sketches/chair/chair_sketch_4_E1c_1510268275436.png,chair,chair_sketch_4_E1c_1510268275436.png,4,1510268275436.png,FALSE
3186,A17D65I948OQZM,frog,https://langcog.stanford.edu/expts/BLL/kiddraw-recognitionRatings/sketches/frog/frog_sketch_6_E1c_1510700570912.png,frog,frog_sketch_6_E1c_1510700570912.png,6,1510700570912.png,TRUE
3187,A17D65I948OQZM,phone,https://langcog.stanford.edu/expts/BLL/kiddraw-recognitionRatings/sketches/phone/phone_sketch_10_E1c_1511293452162.png,phone,phone_sketch_10_E1c_1511293452162.png,10,1511293452162.png,TRUE
3188,A17D65I948OQZM,person,https://langcog.stanford.edu/expts/BLL/kiddraw-recognitionRatings/sketches/couch/couch_sketch_4_E1c_1510268275436.png,couch,couch_sketch_4_E1c_1510268275436.png,4,1510268275436.png,FALSE
3189,A17D65I948OQZM,train,https://langcog.stanford.edu/expts/BLL/kiddraw-recognitionRatings/sketches/train/train_sketch_6_E1c_1510690510319.png,train,train_sketch_6_E1c_1510690510319.png,6,1510690510319.png,TRUE
3190,A17D65I948OQZM,ice cream,https://langcog.stanford.edu/expts/BLL/kiddraw-recognitionRatings/sketches/ice cream/ice cream_sketch_6_E1c_1510690510319.png,ice cream,ice cream_sketch_6_E1c_1510690510319.png,6,1510690510319.png,TRUE
3191,A17D65I948OQZM,foot,https://langcog.stanford.edu/expts/BLL/kiddraw-recognitionRatings/sketches/foot/foot_sketch_6_E1c_1511292022297.png,foot,foot_sketch_6_E1c_1511292022297.png,6,1511292022297.png,TRUE
3192,A17D65I948OQZM,foot,https://langcog.stanford.edu/expts/BLL/kiddraw-recognitionRatings/sketches/foot/foot_sketch_8_E1c_1510690264523.png,foot,foot_sketch_8_E1c_1510690264523.png,8,1510690264523.png,TRUE
3193,A17D65I948OQZM,couch,https://langcog.stanford.edu/expts/BLL/kiddraw-recognitionRatings/sketches/couch/couch_sketch_8_E1c_1510254933095.png,couch,couch_sketch_8_E1c_1510254933095.png,8,1510254933095.png,TRUE
3194,A17D65I948OQZM,cat,https://langcog.stanford.edu/expts/BLL/kiddraw-recognitionRatings/sketches/cat/cat_sketch_10_E1c_1511293452162.png,cat,cat_sketch_10_E1c_1511293452162.png,10,1511293452162.png,TRUE
3195,A17D65I948OQZM,car,https://langcog.stanford.edu/expts/BLL/kiddraw-recognitionRatings/sketches/car/car_sketch_5_E1c_1511301440421.png,car,car_sketch_5_E1c_1511301440421.png,5,1511301440421.png,TRUE
3196,A17D65I948OQZM,cup,https://langcog.stanford.edu/expts/BLL/kiddraw-recognitionRatings/sketches/cup/cup_sketch_10_E1c_1510255462419.png,cup,cup_sketch_10_E1c_1510255462419.png,10,1510255462419.png,TRUE
3197,A17D65I948OQZM,phone,https://langcog.stanford.edu/expts/BLL/kiddraw-recognitionRatings/sketches/phone/phone_sketch_7_E1c_1510263944688.png,phone,phone_sketch_7_E1c_1510263944688.png,7,1510263944688.png,TRUE
3198,A17D65I948OQZM,banana,https://langcog.stanford.edu/expts/BLL/kiddraw-recognitionRatings/sketches/banana/banana_sketch_9_E1c_1510686242527.png,banana,banana_sketch_9_E1c_1510686242527.png,9,1510686242527.png,TRUE
3199,A17D65I948OQZM,chair,https://langcog.stanford.edu/expts/BLL/kiddraw-recognitionRatings/sketches/boat/boat_sketch_5_E1c_1510253748384.png,boat,boat_sketch_5_E1c_1510253748384.png,5,1510253748384.png,FALSE
3200,A17D65I948OQZM,shoe,https://langcog.stanford.edu/expts/BLL/kiddraw-recognitionRatings/sketches/shoe/shoe_sketch_8_E1c_1510262448790.png,shoe,shoe_sketch_8_E1c_1510262448790.png,8,1510262448790.png,TRUE
3201,A17D65I948OQZM,flower,https://langcog.stanford.edu/expts/BLL/kiddraw-recognitionRatings/sketches/flower/flower_sketch_8_E1c_1510262448790.png,flower,flower_sketch_8_E1c_1510262448790.png,8,1510262448790.png,TRUE
3202,A17D65I948OQZM,flower,https://langcog.stanford.edu/expts/BLL/kiddraw-recognitionRatings/sketches/flower/flower_sketch_10_E1c_1510684833991.png,flower,flower_sketch_10_E1c_1510684833991.png,10,1510684833991.png,TRUE
3203,A17D65I948OQZM,car,https://langcog.stanford.edu/expts/BLL/kiddraw-recognitionRatings/sketches/boat/boat_sketch_6_E1c_1510783818788.png,boat,boat_sketch_6_E1c_1510783818788.png,6,1510783818788.png,FALSE
3204,A17D65I948OQZM,car,https://langcog.stanford.edu/expts/BLL/kiddraw-recognitionRatings/sketches/car/car_sketch_7_E1c_1511301009480.png,car,car_sketch_7_E1c_1511301009480.png,7,1511301009480.png,TRUE
3205,A17D65I948OQZM,banana,https://langcog.stanford.edu/expts/BLL/kiddraw-recognitionRatings/sketches/shoe/shoe_sketch_6_E1c_1510695588717.png,shoe,shoe_sketch_6_E1c_1510695588717.png,6,1510695588717.png,FALSE
3206,A17D65I948OQZM,phone,https://langcog.stanford.edu/expts/BLL/kiddraw-recognitionRatings/sketches/phone/phone_sketch_10_E1c_1510783638074.png,phone,phone_sketch_10_E1c_1510783638074.png,10,1510783638074.png,TRUE
3207,A17D65I948OQZM,car,https://langcog.stanford.edu/expts/BLL/kiddraw-recognitionRatings/sketches/car/car_sketch_5_E1c_1510870384576.png,car,car_sketch_5_E1c_1510870384576.png,5,1510870384576.png,TRUE
3208,A17D65I948OQZM,shoe,https://langcog.stanford.edu/expts/BLL/kiddraw-recognitionRatings/sketches/shoe/shoe_sketch_10_E1c_1511293452162.png,shoe,shoe_sketch_10_E1c_1511293452162.png,10,1511293452162.png,TRUE
3209,A17D65I948OQZM,cat,https://langcog.stanford.edu/expts/BLL/kiddraw-recognitionRatings/sketches/rabbit/rabbit_sketch_7_E1c_1511301009480.png,rabbit,rabbit_sketch_7_E1c_1511301009480.png,7,1511301009480.png,FALSE
3210,A17D65I948OQZM,cup,https://langcog.stanford.edu/expts/BLL/kiddraw-recognitionRatings/sketches/cup/cup_sketch_5_E1c_1510870384576.png,cup,cup_sketch_5_E1c_1510870384576.png,5,1510870384576.png,TRUE
3211,A17D65I948OQZM,rabbit,https://langcog.stanford.edu/expts/BLL/kiddraw-recognitionRatings/sketches/rabbit/rabbit_sketch_6_E1c_1510783818788.png,rabbit,rabbit_sketch_6_E1c_1510783818788.png,6,1510783818788.png,TRUE
3212,A17D65I948OQZM,chair,https://langcog.stanford.edu/expts/BLL/kiddraw-recognitionRatings/sketches/chair/chair_sketch_5_E1c_1511301440421.png,chair,chair_sketch_5_E1c_1511301440421.png,5,1511301440421.png,TRUE
3213,A17D65I948OQZM,cup,https://langcog.stanford.edu/expts/BLL/kiddraw-recognitionRatings/sketches/cup/cup_sketch_7_E1c_1511301634355.png,cup,cup_sketch_7_E1c_1511301634355.png,7,1511301634355.png,TRUE
3214,A17D65I948OQZM,frog,https://langcog.stanford.edu/expts/BLL/kiddraw-recognitionRatings/sketches/frog/frog_sketch_10_E1c_1510684833991.png,frog,frog_sketch_10_E1c_1510684833991.png,10,1510684833991.png,TRUE
3215,A17D65I948OQZM,car,https://langcog.stanford.edu/expts/BLL/kiddraw-recognitionRatings/sketches/couch/couch_sketch_8_E1c_1510787010922.png,couch,couch_sketch_8_E1c_1510787010922.png,8,1510787010922.png,FALSE
3216,A17D65I948OQZM,rabbit,https://langcog.stanford.edu/expts/BLL/kiddraw-recognitionRatings/sketches/rabbit/rabbit_sketch_8_E1c_1510690264523.png,rabbit,rabbit_sketch_8_E1c_1510690264523.png,8,1510690264523.png,TRUE
3217,A17D65I948OQZM,rabbit,https://langcog.stanford.edu/expts/BLL/kiddraw-recognitionRatings/sketches/rabbit/rabbit_sketch_8_E1c_1510870628731.png,rabbit,rabbit_sketch_8_E1c_1510870628731.png,8,1510870628731.png,TRUE
3218,A17D65I948OQZM,bean,https://langcog.stanford.edu/expts/BLL/kiddraw-recognitionRatings/sketches/banana/banana_sketch_6_E1c_1510782034963.png,banana,banana_sketch_6_E1c_1510782034963.png,6,1510782034963.png,FALSE
3219,A17D65I948OQZM,flower,https://langcog.stanford.edu/expts/BLL/kiddraw-recognitionRatings/sketches/shoe/shoe_sketch_5_E1c_1510870384576.png,shoe,shoe_sketch_5_E1c_1510870384576.png,5,1510870384576.png,FALSE
3220,A17D65I948OQZM,phone,https://langcog.stanford.edu/expts/BLL/kiddraw-recognitionRatings/sketches/shoe/shoe_sketch_6_E1c_1511292286803.png,shoe,shoe_sketch_6_E1c_1511292286803.png,6,1511292286803.png,FALSE
3221,A17D65I948OQZM,person,https://langcog.stanford.edu/expts/BLL/kiddraw-recognitionRatings/sketches/carrot/carrot_sketch_4_E1c_1510268275436.png,carrot,carrot_sketch_4_E1c_1510268275436.png,4,1510268275436.png,FALSE
3222,A17D65I948OQZM,chair,https://langcog.stanford.edu/expts/BLL/kiddraw-recognitionRatings/sketches/chair/chair_sketch_7_E1c_1510870100423.png,chair,chair_sketch_7_E1c_1510870100423.png,7,1510870100423.png,TRUE
3223,A17D65I948OQZM,chair,https://langcog.stanford.edu/expts/BLL/kiddraw-recognitionRatings/sketches/couch/couch_sketch_5_E1c_1510256904834.png,couch,couch_sketch_5_E1c_1510256904834.png,5,1510256904834.png,FALSE
3224,A17D65I948OQZM,car,https://langcog.stanford.edu/expts/BLL/kiddraw-recognitionRatings/sketches/car/car_sketch_8_E1c_1511293754661.png,car,car_sketch_8_E1c_1511293754661.png,8,1511293754661.png,TRUE
3225,A17D65I948OQZM,car,https://langcog.stanford.edu/expts/BLL/kiddraw-recognitionRatings/sketches/couch/couch_sketch_5_E1c_1510258311547.png,couch,couch_sketch_5_E1c_1510258311547.png,5,1510258311547.png,FALSE
3226,A17D65I948OQZM,cat,https://langcog.stanford.edu/expts/BLL/kiddraw-recognitionRatings/sketches/frog/frog_sketch_8_E1c_1510787010922.png,frog,frog_sketch_8_E1c_1510787010922.png,8,1510787010922.png,FALSE
3227,A17D65I948OQZM,bean,https://langcog.stanford.edu/expts/BLL/kiddraw-recognitionRatings/sketches/cup/cup_sketch_8_E1c_1510254933095.png,cup,cup_sketch_8_E1c_1510254933095.png,8,1510254933095.png,FALSE
3228,A17D65I948OQZM,cat,https://langcog.stanford.edu/expts/BLL/kiddraw-recognitionRatings/sketches/rabbit/rabbit_sketch_8_E1c_1510254933095.png,rabbit,rabbit_sketch_8_E1c_1510254933095.png,8,1510254933095.png,FALSE
3229,A17D65I948OQZM,cat,https://langcog.stanford.edu/expts/BLL/kiddraw-recognitionRatings/sketches/rabbit/rabbit_sketch_9_E1c_1510686242527.png,rabbit,rabbit_sketch_9_E1c_1510686242527.png,9,1510686242527.png,FALSE
3230,A17D65I948OQZM,banana,https://langcog.stanford.edu/expts/BLL/kiddraw-recognitionRatings/sketches/banana/banana_sketch_6_E1c_1511292286803.png,banana,banana_sketch_6_E1c_1511292286803.png,6,1511292286803.png,TRUE
3231,A17D65I948OQZM,foot,https://langcog.stanford.edu/expts/BLL/kiddraw-recognitionRatings/sketches/foot/foot_sketch_8_E1c_1510254933095.png,foot,foot_sketch_8_E1c_1510254933095.png,8,1510254933095.png,TRUE
3232,A17D65I948OQZM,chair,https://langcog.stanford.edu/expts/BLL/kiddraw-recognitionRatings/sketches/chair/chair_sketch_5_E1c_1510786719020.png,chair,chair_sketch_5_E1c_1510786719020.png,5,1510786719020.png,TRUE
3233,A17D65I948OQZM,flower,https://langcog.stanford.edu/expts/BLL/kiddraw-recognitionRatings/sketches/flower/flower_sketch_9_E1c_1510689458884.png,flower,flower_sketch_9_E1c_1510689458884.png,9,1510689458884.png,TRUE
3234,A17D65I948OQZM,boat,https://langcog.stanford.edu/expts/BLL/kiddraw-recognitionRatings/sketches/boat/boat_sketch_8_E1c_1511292658766.png,boat,boat_sketch_8_E1c_1511292658766.png,8,1511292658766.png,TRUE
3235,A17D65I948OQZM,phone,https://langcog.stanford.edu/expts/BLL/kiddraw-recognitionRatings/sketches/phone/phone_sketch_7_E1c_1510783353272.png,phone,phone_sketch_7_E1c_1510783353272.png,7,1510783353272.png,TRUE
3236,A17D65I948OQZM,cat,https://langcog.stanford.edu/expts/BLL/kiddraw-recognitionRatings/sketches/rabbit/rabbit_sketch_8_E1c_1511300850043.png,rabbit,rabbit_sketch_8_E1c_1511300850043.png,8,1511300850043.png,FALSE
3237,A17D65I948OQZM,cat,https://langcog.stanford.edu/expts/BLL/kiddraw-recognitionRatings/sketches/cat/cat_sketch_8_E1c_1510254933095.png,cat,cat_sketch_8_E1c_1510254933095.png,8,1510254933095.png,TRUE
3238,A17D65I948OQZM,carrot,https://langcog.stanford.edu/expts/BLL/kiddraw-recognitionRatings/sketches/carrot/carrot_sketch_10_E1c_1510684833991.png,carrot,carrot_sketch_10_E1c_1510684833991.png,10,1510684833991.png,TRUE
3239,A17D65I948OQZM,phone,https://langcog.stanford.edu/expts/BLL/kiddraw-recognitionRatings/sketches/boat/boat_sketch_5_E1c_1510786719020.png,boat,boat_sketch_5_E1c_1510786719020.png,5,1510786719020.png,FALSE
3240,A17D65I948OQZM,flower,https://langcog.stanford.edu/expts/BLL/kiddraw-recognitionRatings/sketches/foot/foot_sketch_4_E1c_1510691847400.png,foot,foot_sketch_4_E1c_1510691847400.png,4,1510691847400.png,FALSE
3241,A17D65I948OQZM,foot,https://langcog.stanford.edu/expts/BLL/kiddraw-recognitionRatings/sketches/foot/foot_sketch_8_E1c_1510787010922.png,foot,foot_sketch_8_E1c_1510787010922.png,8,1510787010922.png,TRUE
3242,A17D65I948OQZM,flower,https://langcog.stanford.edu/expts/BLL/kiddraw-recognitionRatings/sketches/flower/flower_sketch_6_E1c_1510700570912.png,flower,flower_sketch_6_E1c_1510700570912.png,6,1510700570912.png,TRUE
3243,A17D65I948OQZM,phone,https://langcog.stanford.edu/expts/BLL/kiddraw-recognitionRatings/sketches/phone/phone_sketch_6_E1c_1510783818788.png,phone,phone_sketch_6_E1c_1510783818788.png,6,1510783818788.png,TRUE
3244,A17D65I948OQZM,chair,https://langcog.stanford.edu/expts/BLL/kiddraw-recognitionRatings/sketches/chair/chair_sketch_6_E1c_1510783818788.png,chair,chair_sketch_6_E1c_1510783818788.png,6,1510783818788.png,TRUE
3245,A17D65I948OQZM,rabbit,https://langcog.stanford.edu/expts/BLL/kiddraw-recognitionRatings/sketches/foot/foot_sketch_5_E1c_1510258311547.png,foot,foot_sketch_5_E1c_1510258311547.png,5,1510258311547.png,FALSE
3246,A17D65I948OQZM,ice cream,https://langcog.stanford.edu/expts/BLL/kiddraw-recognitionRatings/sketches/carrot/carrot_sketch_8_E1c_1510254933095.png,carrot,carrot_sketch_8_E1c_1510254933095.png,8,1510254933095.png,FALSE
3247,A17D65I948OQZM,foot,https://langcog.stanford.edu/expts/BLL/kiddraw-recognitionRatings/sketches/foot/foot_sketch_8_E1c_1511293754661.png,foot,foot_sketch_8_E1c_1511293754661.png,8,1511293754661.png,TRUE
3248,A17D65I948OQZM,ice cream,https://langcog.stanford.edu/expts/BLL/kiddraw-recognitionRatings/sketches/cup/cup_sketch_10_E1c_1510684833991.png,cup,cup_sketch_10_E1c_1510684833991.png,10,1510684833991.png,FALSE
3249,A17D65I948OQZM,boat,https://langcog.stanford.edu/expts/BLL/kiddraw-recognitionRatings/sketches/boat/boat_sketch_8_E1c_1511293924452.png,boat,boat_sketch_8_E1c_1511293924452.png,8,1511293924452.png,TRUE
3250,A17D65I948OQZM,shoe,https://langcog.stanford.edu/expts/BLL/kiddraw-recognitionRatings/sketches/shoe/shoe_sketch_5_E1c_1510256904834.png,shoe,shoe_sketch_5_E1c_1510256904834.png,5,1510256904834.png,TRUE
3251,A17D65I948OQZM,cup,https://langcog.stanford.edu/expts/BLL/kiddraw-recognitionRatings/sketches/cup/cup_sketch_8_E1c_1510870628731.png,cup,cup_sketch_8_E1c_1510870628731.png,8,1510870628731.png,TRUE
3252,A17D65I948OQZM,boat,https://langcog.stanford.edu/expts/BLL/kiddraw-recognitionRatings/sketches/boat/boat_sketch_10_E1c_1511301807087.png,boat,boat_sketch_10_E1c_1511301807087.png,10,1511301807087.png,TRUE
3253,A17D65I948OQZM,cat,https://langcog.stanford.edu/expts/BLL/kiddraw-recognitionRatings/sketches/foot/foot_sketch_4_E1c_1510252568116.png,foot,foot_sketch_4_E1c_1510252568116.png,4,1510252568116.png,FALSE
3254,A17D65I948OQZM,car,https://langcog.stanford.edu/expts/BLL/kiddraw-recognitionRatings/sketches/car/car_sketch_5_E1c_1510786719020.png,car,car_sketch_5_E1c_1510786719020.png,5,1510786719020.png,TRUE
3255,A17D65I948OQZM,phone,https://langcog.stanford.edu/expts/BLL/kiddraw-recognitionRatings/sketches/phone/phone_sketch_7_E1c_1511301009480.png,phone,phone_sketch_7_E1c_1511301009480.png,7,1511301009480.png,TRUE
3256,A17D65I948OQZM,phone,https://langcog.stanford.edu/expts/BLL/kiddraw-recognitionRatings/sketches/phone/phone_sketch_6_E1c_1510782034963.png,phone,phone_sketch_6_E1c_1510782034963.png,6,1510782034963.png,TRUE
3257,A17D65I948OQZM,cup,https://langcog.stanford.edu/expts/BLL/kiddraw-recognitionRatings/sketches/cup/cup_sketch_8_E1c_1511293924452.png,cup,cup_sketch_8_E1c_1511293924452.png,8,1511293924452.png,TRUE
3258,A17D65I948OQZM,ice cream,https://langcog.stanford.edu/expts/BLL/kiddraw-recognitionRatings/sketches/ice cream/ice cream_sketch_4_E1c_1510691847400.png,ice cream,ice cream_sketch_4_E1c_1510691847400.png,4,1510691847400.png,TRUE
3259,A17D65I948OQZM,ice cream,https://langcog.stanford.edu/expts/BLL/kiddraw-recognitionRatings/sketches/ice cream/ice cream_sketch_6_E1c_1510700570912.png,ice cream,ice cream_sketch_6_E1c_1510700570912.png,6,1510700570912.png,TRUE
3260,A17D65I948OQZM,chair,https://langcog.stanford.edu/expts/BLL/kiddraw-recognitionRatings/sketches/shoe/shoe_sketch_10_E1c_1510255462419.png,shoe,shoe_sketch_10_E1c_1510255462419.png,10,1510255462419.png,FALSE
3261,A17D65I948OQZM,bean,https://langcog.stanford.edu/expts/BLL/kiddraw-recognitionRatings/sketches/banana/banana_sketch_7_E1c_1511301009480.png,banana,banana_sketch_7_E1c_1511301009480.png,7,1511301009480.png,FALSE
3262,A17D65I948OQZM,ice cream,https://langcog.stanford.edu/expts/BLL/kiddraw-recognitionRatings/sketches/carrot/carrot_sketch_10_E1c_1510255462419.png,carrot,carrot_sketch_10_E1c_1510255462419.png,10,1510255462419.png,FALSE
3263,A17D65I948OQZM,train,https://langcog.stanford.edu/expts/BLL/kiddraw-recognitionRatings/sketches/train/train_sketch_9_E1c_1510689458884.png,train,train_sketch_9_E1c_1510689458884.png,9,1510689458884.png,TRUE
3264,A17D65I948OQZM,chair,https://langcog.stanford.edu/expts/BLL/kiddraw-recognitionRatings/sketches/chair/chair_sketch_6_E1c_1511293092153.png,chair,chair_sketch_6_E1c_1511293092153.png,6,1511293092153.png,TRUE
3265,A17D65I948OQZM,flower,https://langcog.stanford.edu/expts/BLL/kiddraw-recognitionRatings/sketches/flower/flower_sketch_8_E1c_1511300850043.png,flower,flower_sketch_8_E1c_1511300850043.png,8,1511300850043.png,TRUE
3266,A17D65I948OQZM,couch,https://langcog.stanford.edu/expts/BLL/kiddraw-recognitionRatings/sketches/couch/couch_sketch_8_E1c_1511300355318.png,couch,couch_sketch_8_E1c_1511300355318.png,8,1511300355318.png,TRUE
3267,A17D65I948OQZM,ice cream,https://langcog.stanford.edu/expts/BLL/kiddraw-recognitionRatings/sketches/ice cream/ice cream_sketch_7_E1c_1510870100423.png,ice cream,ice cream_sketch_7_E1c_1510870100423.png,7,1510870100423.png,TRUE
3268,A17D65I948OQZM,chair,https://langcog.stanford.edu/expts/BLL/kiddraw-recognitionRatings/sketches/chair/chair_sketch_7_E1c_1510783353272.png,chair,chair_sketch_7_E1c_1510783353272.png,7,1510783353272.png,TRUE
3269,A17D65I948OQZM,chair,https://langcog.stanford.edu/expts/BLL/kiddraw-recognitionRatings/sketches/frog/frog_sketch_5_E1c_1510256904834.png,frog,frog_sketch_5_E1c_1510256904834.png,5,1510256904834.png,FALSE
3270,A17D65I948OQZM,boat,https://langcog.stanford.edu/expts/BLL/kiddraw-recognitionRatings/sketches/couch/couch_sketch_6_E1c_1510695588717.png,couch,couch_sketch_6_E1c_1510695588717.png,6,1510695588717.png,FALSE
3271,A17D65I948OQZM,chair,https://langcog.stanford.edu/expts/BLL/kiddraw-recognitionRatings/sketches/shoe/shoe_sketch_8_E1c_1511300355318.png,shoe,shoe_sketch_8_E1c_1511300355318.png,8,1511300355318.png,FALSE
3272,A17D65I948OQZM,ice cream,https://langcog.stanford.edu/expts/BLL/kiddraw-recognitionRatings/sketches/ice cream/ice cream_sketch_8_E1c_1511293754661.png,ice cream,ice cream_sketch_8_E1c_1511293754661.png,8,1511293754661.png,TRUE
3273,A17D65I948OQZM,boat,https://langcog.stanford.edu/expts/BLL/kiddraw-recognitionRatings/sketches/boat/boat_sketch_8_E1c_1511300355318.png,boat,boat_sketch_8_E1c_1511300355318.png,8,1511300355318.png,TRUE
3274,A17D65I948OQZM,flower,https://langcog.stanford.edu/expts/BLL/kiddraw-recognitionRatings/sketches/foot/foot_sketch_5_E1c_1511301440421.png,foot,foot_sketch_5_E1c_1511301440421.png,5,1511301440421.png,FALSE
3275,A17D65I948OQZM,rabbit,https://langcog.stanford.edu/expts/BLL/kiddraw-recognitionRatings/sketches/frog/frog_sketch_8_E1c_1510870628731.png,frog,frog_sketch_8_E1c_1510870628731.png,8,1510870628731.png,FALSE
3276,A17D65I948OQZM,cat,https://langcog.stanford.edu/expts/BLL/kiddraw-recognitionRatings/sketches/cat/cat_sketch_8_E1c_1511293924452.png,cat,cat_sketch_8_E1c_1511293924452.png,8,1511293924452.png,TRUE
3277,A17D65I948OQZM,flower,https://langcog.stanford.edu/expts/BLL/kiddraw-recognitionRatings/sketches/rabbit/rabbit_sketch_4_E1c_1510263067113.png,rabbit,rabbit_sketch_4_E1c_1510263067113.png,4,1510263067113.png,FALSE
3278,A17D65I948OQZM,flower,https://langcog.stanford.edu/expts/BLL/kiddraw-recognitionRatings/sketches/flower/flower_sketch_7_E1c_1511301009480.png,flower,flower_sketch_7_E1c_1511301009480.png,7,1511301009480.png,TRUE
3279,A17D65I948OQZM,cat,https://langcog.stanford.edu/expts/BLL/kiddraw-recognitionRatings/sketches/boat/boat_sketch_5_E1c_1510258311547.png,boat,boat_sketch_5_E1c_1510258311547.png,5,1510258311547.png,FALSE
3280,A17D65I948OQZM,bean,https://langcog.stanford.edu/expts/BLL/kiddraw-recognitionRatings/sketches/shoe/shoe_sketch_7_E1c_1510263944688.png,shoe,shoe_sketch_7_E1c_1510263944688.png,7,1510263944688.png,FALSE
3281,A17D65I948OQZM,chair,https://langcog.stanford.edu/expts/BLL/kiddraw-recognitionRatings/sketches/chair/chair_sketch_5_E1c_1510870384576.png,chair,chair_sketch_5_E1c_1510870384576.png,5,1510870384576.png,TRUE
3282,A17D65I948OQZM,cat,https://langcog.stanford.edu/expts/BLL/kiddraw-recognitionRatings/sketches/rabbit/rabbit_sketch_8_E1c_1511300355318.png,rabbit,rabbit_sketch_8_E1c_1511300355318.png,8,1511300355318.png,FALSE
3283,A17D65I948OQZM,frog,https://langcog.stanford.edu/expts/BLL/kiddraw-recognitionRatings/sketches/frog/frog_sketch_6_E1c_1510782034963.png,frog,frog_sketch_6_E1c_1510782034963.png,6,1510782034963.png,TRUE
3284,A17D65I948OQZM,cup,https://langcog.stanford.edu/expts/BLL/kiddraw-recognitionRatings/sketches/banana/banana_sketch_4_E1c_1510691847400.png,banana,banana_sketch_4_E1c_1510691847400.png,4,1510691847400.png,FALSE
3285,A17D65I948OQZM,chair,https://langcog.stanford.edu/expts/BLL/kiddraw-recognitionRatings/sketches/chair/chair_sketch_10_E1c_1511293452162.png,chair,chair_sketch_10_E1c_1511293452162.png,10,1511293452162.png,TRUE
3286,A17D65I948OQZM,flower,https://langcog.stanford.edu/expts/BLL/kiddraw-recognitionRatings/sketches/flower/flower_sketch_8_E1c_1511293924452.png,flower,flower_sketch_8_E1c_1511293924452.png,8,1511293924452.png,TRUE
3287,A17D65I948OQZM,phone,https://langcog.stanford.edu/expts/BLL/kiddraw-recognitionRatings/sketches/couch/couch_sketch_7_E1c_1511301634355.png,couch,couch_sketch_7_E1c_1511301634355.png,7,1511301634355.png,FALSE
3288,A17D65I948OQZM,person,https://langcog.stanford.edu/expts/BLL/kiddraw-recognitionRatings/sketches/shoe/shoe_sketch_7_E1c_1511301634355.png,shoe,shoe_sketch_7_E1c_1511301634355.png,7,1511301634355.png,FALSE
3289,A17D65I948OQZM,couch,https://langcog.stanford.edu/expts/BLL/kiddraw-recognitionRatings/sketches/train/train_sketch_5_E1c_1510258311547.png,train,train_sketch_5_E1c_1510258311547.png,5,1510258311547.png,FALSE
3290,A17D65I948OQZM,frog,https://langcog.stanford.edu/expts/BLL/kiddraw-recognitionRatings/sketches/frog/frog_sketch_8_E1c_1511293924452.png,frog,frog_sketch_8_E1c_1511293924452.png,8,1511293924452.png,TRUE
3291,A17D65I948OQZM,cup,https://langcog.stanford.edu/expts/BLL/kiddraw-recognitionRatings/sketches/cup/cup_sketch_10_E1c_1511301807087.png,cup,cup_sketch_10_E1c_1511301807087.png,10,1511301807087.png,TRUE
3292,A17D65I948OQZM,cup,https://langcog.stanford.edu/expts/BLL/kiddraw-recognitionRatings/sketches/cup/cup_sketch_8_E1c_1510787010922.png,cup,cup_sketch_8_E1c_1510787010922.png,8,1510787010922.png,TRUE
3293,A17D65I948OQZM,bean,https://langcog.stanford.edu/expts/BLL/kiddraw-recognitionRatings/sketches/phone/phone_sketch_8_E1c_1511300850043.png,phone,phone_sketch_8_E1c_1511300850043.png,8,1511300850043.png,FALSE
3294,A17D65I948OQZM,rabbit,https://langcog.stanford.edu/expts/BLL/kiddraw-recognitionRatings/sketches/phone/phone_sketch_5_E1c_1511301440421.png,phone,phone_sketch_5_E1c_1511301440421.png,5,1511301440421.png,FALSE
3295,A17D65I948OQZM,ice cream,https://langcog.stanford.edu/expts/BLL/kiddraw-recognitionRatings/sketches/ice cream/ice cream_sketch_8_E1c_1510787010922.png,ice cream,ice cream_sketch_8_E1c_1510787010922.png,8,1510787010922.png,TRUE
3296,A17D65I948OQZM,cup,https://langcog.stanford.edu/expts/BLL/kiddraw-recognitionRatings/sketches/train/train_sketch_4_E1c_1510268275436.png,train,train_sketch_4_E1c_1510268275436.png,4,1510268275436.png,FALSE
3297,A17D65I948OQZM,ice cream,https://langcog.stanford.edu/expts/BLL/kiddraw-recognitionRatings/sketches/ice cream/ice cream_sketch_10_E1c_1510684833991.png,ice cream,ice cream_sketch_10_E1c_1510684833991.png,10,1510684833991.png,TRUE
3298,A17D65I948OQZM,train,https://langcog.stanford.edu/expts/BLL/kiddraw-recognitionRatings/sketches/train/train_sketch_7_E1c_1510870100423.png,train,train_sketch_7_E1c_1510870100423.png,7,1510870100423.png,TRUE
3299,A17D65I948OQZM,ice cream,https://langcog.stanford.edu/expts/BLL/kiddraw-recognitionRatings/sketches/ice cream/ice cream_sketch_8_E1c_1510254933095.png,ice cream,ice cream_sketch_8_E1c_1510254933095.png,8,1510254933095.png,TRUE
3300,A17D65I948OQZM,train,https://langcog.stanford.edu/expts/BLL/kiddraw-recognitionRatings/sketches/train/train_sketch_5_E1c_1510870384576.png,train,train_sketch_5_E1c_1510870384576.png,5,1510870384576.png,TRUE
3301,A17D65I948OQZM,car,https://langcog.stanford.edu/expts/BLL/kiddraw-recognitionRatings/sketches/car/car_sketch_6_E1c_1511293092153.png,car,car_sketch_6_E1c_1511293092153.png,6,1511293092153.png,TRUE
3302,A17D65I948OQZM,car,https://langcog.stanford.edu/expts/BLL/kiddraw-recognitionRatings/sketches/train/train_sketch_8_E1c_1511300355318.png,train,train_sketch_8_E1c_1511300355318.png,8,1511300355318.png,FALSE
3303,A17D65I948OQZM,boat,https://langcog.stanford.edu/expts/BLL/kiddraw-recognitionRatings/sketches/car/car_sketch_8_E1c_1510254933095.png,car,car_sketch_8_E1c_1510254933095.png,8,1510254933095.png,FALSE
3304,A17D65I948OQZM,carrot,https://langcog.stanford.edu/expts/BLL/kiddraw-recognitionRatings/sketches/carrot/carrot_sketch_7_E1c_1510870100423.png,carrot,carrot_sketch_7_E1c_1510870100423.png,7,1510870100423.png,TRUE
3305,A17D65I948OQZM,cup,https://langcog.stanford.edu/expts/BLL/kiddraw-recognitionRatings/sketches/cup/cup_sketch_6_E1c_1510695588717.png,cup,cup_sketch_6_E1c_1510695588717.png,6,1510695588717.png,TRUE
3306,A17D65I948OQZM,phone,https://langcog.stanford.edu/expts/BLL/kiddraw-recognitionRatings/sketches/cup/cup_sketch_6_E1c_1510690510319.png,cup,cup_sketch_6_E1c_1510690510319.png,6,1510690510319.png,FALSE
3307,A17D65I948OQZM,train,https://langcog.stanford.edu/expts/BLL/kiddraw-recognitionRatings/sketches/train/train_sketch_6_E1c_1510783818788.png,train,train_sketch_6_E1c_1510783818788.png,6,1510783818788.png,TRUE
3308,A17D65I948OQZM,train,https://langcog.stanford.edu/expts/BLL/kiddraw-recognitionRatings/sketches/train/train_sketch_10_E1c_1511301807087.png,train,train_sketch_10_E1c_1511301807087.png,10,1511301807087.png,TRUE
3309,A17D65I948OQZM,bean,https://langcog.stanford.edu/expts/BLL/kiddraw-recognitionRatings/sketches/chair/chair_sketch_4_E1c_1510252568116.png,chair,chair_sketch_4_E1c_1510252568116.png,4,1510252568116.png,FALSE
3310,A17D65I948OQZM,train,https://langcog.stanford.edu/expts/BLL/kiddraw-recognitionRatings/sketches/train/train_sketch_10_E1c_1511293452162.png,train,train_sketch_10_E1c_1511293452162.png,10,1511293452162.png,TRUE
3311,A17D65I948OQZM,ice cream,https://langcog.stanford.edu/expts/BLL/kiddraw-recognitionRatings/sketches/ice cream/ice cream_sketch_5_E1c_1511301440421.png,ice cream,ice cream_sketch_5_E1c_1511301440421.png,5,1511301440421.png,TRUE
3312,A17D65I948OQZM,car,https://langcog.stanford.edu/expts/BLL/kiddraw-recognitionRatings/sketches/car/car_sketch_8_E1c_1511293924452.png,car,car_sketch_8_E1c_1511293924452.png,8,1511293924452.png,TRUE
3313,A17D65I948OQZM,ice cream,https://langcog.stanford.edu/expts/BLL/kiddraw-recognitionRatings/sketches/ice cream/ice cream_sketch_5_E1c_1510870384576.png,ice cream,ice cream_sketch_5_E1c_1510870384576.png,5,1510870384576.png,TRUE
3314,A17D65I948OQZM,carrot,https://langcog.stanford.edu/expts/BLL/kiddraw-recognitionRatings/sketches/carrot/carrot_sketch_10_E1c_1511293452162.png,carrot,carrot_sketch_10_E1c_1511293452162.png,10,1511293452162.png,TRUE
3315,A17D65I948OQZM,cup,https://langcog.stanford.edu/expts/BLL/kiddraw-recognitionRatings/sketches/ice cream/ice cream_sketch_5_E1c_1510253748384.png,ice cream,ice cream_sketch_5_E1c_1510253748384.png,5,1510253748384.png,FALSE
3316,A17D65I948OQZM,carrot,https://langcog.stanford.edu/expts/BLL/kiddraw-recognitionRatings/sketches/carrot/carrot_sketch_9_E1c_1510689458884.png,carrot,carrot_sketch_9_E1c_1510689458884.png,9,1510689458884.png,TRUE
3317,A17D65I948OQZM,cat,https://langcog.stanford.edu/expts/BLL/kiddraw-recognitionRatings/sketches/cat/cat_sketch_8_E1c_1511292658766.png,cat,cat_sketch_8_E1c_1511292658766.png,8,1511292658766.png,TRUE
3318,A17D65I948OQZM,phone,https://langcog.stanford.edu/expts/BLL/kiddraw-recognitionRatings/sketches/phone/phone_sketch_7_E1c_1511301634355.png,phone,phone_sketch_7_E1c_1511301634355.png,7,1511301634355.png,TRUE
3319,A17D65I948OQZM,ice cream,https://langcog.stanford.edu/expts/BLL/kiddraw-recognitionRatings/sketches/ice cream/ice cream_sketch_8_E1c_1511300850043.png,ice cream,ice cream_sketch_8_E1c_1511300850043.png,8,1511300850043.png,TRUE
3320,A17D65I948OQZM,couch,https://langcog.stanford.edu/expts/BLL/kiddraw-recognitionRatings/sketches/couch/couch_sketch_6_E1c_1510783818788.png,couch,couch_sketch_6_E1c_1510783818788.png,6,1510783818788.png,TRUE
3321,A17D65I948OQZM,car,https://langcog.stanford.edu/expts/BLL/kiddraw-recognitionRatings/sketches/train/train_sketch_7_E1c_1510263944688.png,train,train_sketch_7_E1c_1510263944688.png,7,1510263944688.png,FALSE
3322,A17D65I948OQZM,cat,https://langcog.stanford.edu/expts/BLL/kiddraw-recognitionRatings/sketches/rabbit/rabbit_sketch_4_E1c_1510691847400.png,rabbit,rabbit_sketch_4_E1c_1510691847400.png,4,1510691847400.png,FALSE
3323,A17D65I948OQZM,bean,https://langcog.stanford.edu/expts/BLL/kiddraw-recognitionRatings/sketches/banana/banana_sketch_8_E1c_1510870628731.png,banana,banana_sketch_8_E1c_1510870628731.png,8,1510870628731.png,FALSE
3324,A17D65I948OQZM,car,https://langcog.stanford.edu/expts/BLL/kiddraw-recognitionRatings/sketches/train/train_sketch_8_E1c_1510787010922.png,train,train_sketch_8_E1c_1510787010922.png,8,1510787010922.png,FALSE
3325,A17D65I948OQZM,carrot,https://langcog.stanford.edu/expts/BLL/kiddraw-recognitionRatings/sketches/foot/foot_sketch_5_E1c_1510786719020.png,foot,foot_sketch_5_E1c_1510786719020.png,5,1510786719020.png,FALSE
3326,A17D65I948OQZM,banana,https://langcog.stanford.edu/expts/BLL/kiddraw-recognitionRatings/sketches/banana/banana_sketch_10_E1c_1510684833991.png,banana,banana_sketch_10_E1c_1510684833991.png,10,1510684833991.png,TRUE
3327,A17D65I948OQZM,rabbit,https://langcog.stanford.edu/expts/BLL/kiddraw-recognitionRatings/sketches/rabbit/rabbit_sketch_10_E1c_1510684833991.png,rabbit,rabbit_sketch_10_E1c_1510684833991.png,10,1510684833991.png,TRUE
3328,A17D65I948OQZM,chair,https://langcog.stanford.edu/expts/BLL/kiddraw-recognitionRatings/sketches/chair/chair_sketch_10_E1c_1511301807087.png,chair,chair_sketch_10_E1c_1511301807087.png,10,1511301807087.png,TRUE
3329,A17D65I948OQZM,cup,https://langcog.stanford.edu/expts/BLL/kiddraw-recognitionRatings/sketches/shoe/shoe_sketch_8_E1c_1510787010922.png,shoe,shoe_sketch_8_E1c_1510787010922.png,8,1510787010922.png,FALSE
3330,A17D65I948OQZM,flower,https://langcog.stanford.edu/expts/BLL/kiddraw-recognitionRatings/sketches/flower/flower_sketch_10_E1c_1511293452162.png,flower,flower_sketch_10_E1c_1511293452162.png,10,1511293452162.png,TRUE
3331,A17D65I948OQZM,train,https://langcog.stanford.edu/expts/BLL/kiddraw-recognitionRatings/sketches/train/train_sketch_8_E1c_1510870628731.png,train,train_sketch_8_E1c_1510870628731.png,8,1510870628731.png,TRUE
3332,A17D65I948OQZM,cat,https://langcog.stanford.edu/expts/BLL/kiddraw-recognitionRatings/sketches/cat/cat_sketch_5_E1c_1510786719020.png,cat,cat_sketch_5_E1c_1510786719020.png,5,1510786719020.png,TRUE
3333,A17D65I948OQZM,shoe,https://langcog.stanford.edu/expts/BLL/kiddraw-recognitionRatings/sketches/shoe/shoe_sketch_5_E1c_1510786719020.png,shoe,shoe_sketch_5_E1c_1510786719020.png,5,1510786719020.png,TRUE
3334,A17D65I948OQZM,cat,https://langcog.stanford.edu/expts/BLL/kiddraw-recognitionRatings/sketches/cat/cat_sketch_10_E1c_1510783638074.png,cat,cat_sketch_10_E1c_1510783638074.png,10,1510783638074.png,TRUE
3335,A17D65I948OQZM,car,https://langcog.stanford.edu/expts/BLL/kiddraw-recognitionRatings/sketches/car/car_sketch_6_E1c_1510695588717.png,car,car_sketch_6_E1c_1510695588717.png,6,1510695588717.png,TRUE
3336,A17D65I948OQZM,shoe,https://langcog.stanford.edu/expts/BLL/kiddraw-recognitionRatings/sketches/shoe/shoe_sketch_6_E1c_1511292022297.png,shoe,shoe_sketch_6_E1c_1511292022297.png,6,1511292022297.png,TRUE
3337,A17D65I948OQZM,flower,https://langcog.stanford.edu/expts/BLL/kiddraw-recognitionRatings/sketches/flower/flower_sketch_8_E1c_1510787010922.png,flower,flower_sketch_8_E1c_1510787010922.png,8,1510787010922.png,TRUE
3338,A17D65I948OQZM,car,https://langcog.stanford.edu/expts/BLL/kiddraw-recognitionRatings/sketches/car/car_sketch_8_E1c_1510787010922.png,car,car_sketch_8_E1c_1510787010922.png,8,1510787010922.png,TRUE
3339,A17D65I948OQZM,shoe,https://langcog.stanford.edu/expts/BLL/kiddraw-recognitionRatings/sketches/shoe/shoe_sketch_10_E1c_1511301807087.png,shoe,shoe_sketch_10_E1c_1511301807087.png,10,1511301807087.png,TRUE
3340,A17D65I948OQZM,phone,https://langcog.stanford.edu/expts/BLL/kiddraw-recognitionRatings/sketches/phone/phone_sketch_8_E1c_1510254933095.png,phone,phone_sketch_8_E1c_1510254933095.png,8,1510254933095.png,TRUE
3341,A17D65I948OQZM,train,https://langcog.stanford.edu/expts/BLL/kiddraw-recognitionRatings/sketches/train/train_sketch_10_E1c_1510684833991.png,train,train_sketch_10_E1c_1510684833991.png,10,1510684833991.png,TRUE
3342,A17D65I948OQZM,boat,https://langcog.stanford.edu/expts/BLL/kiddraw-recognitionRatings/sketches/boat/boat_sketch_10_E1c_1511293452162.png,boat,boat_sketch_10_E1c_1511293452162.png,10,1511293452162.png,TRUE
3343,A17D65I948OQZM,chair,https://langcog.stanford.edu/expts/BLL/kiddraw-recognitionRatings/sketches/chair/chair_sketch_5_E1c_1510253748384.png,chair,chair_sketch_5_E1c_1510253748384.png,5,1510253748384.png,TRUE
3344,A17D65I948OQZM,frog,https://langcog.stanford.edu/expts/BLL/kiddraw-recognitionRatings/sketches/frog/frog_sketch_10_E1c_1511293452162.png,frog,frog_sketch_10_E1c_1511293452162.png,10,1511293452162.png,TRUE
3345,A17D65I948OQZM,cat,https://langcog.stanford.edu/expts/BLL/kiddraw-recognitionRatings/sketches/frog/frog_sketch_10_E1c_1510255462419.png,frog,frog_sketch_10_E1c_1510255462419.png,10,1510255462419.png,FALSE
3346,A17D65I948OQZM,flower,https://langcog.stanford.edu/expts/BLL/kiddraw-recognitionRatings/sketches/flower/flower_sketch_7_E1c_1510870100423.png,flower,flower_sketch_7_E1c_1510870100423.png,7,1510870100423.png,TRUE
3347,A17D65I948OQZM,flower,https://langcog.stanford.edu/expts/BLL/kiddraw-recognitionRatings/sketches/flower/flower_sketch_5_E1c_1510786719020.png,flower,flower_sketch_5_E1c_1510786719020.png,5,1510786719020.png,TRUE
3348,A17D65I948OQZM,foot,https://langcog.stanford.edu/expts/BLL/kiddraw-recognitionRatings/sketches/foot/foot_sketch_8_E1c_1510262448790.png,foot,foot_sketch_8_E1c_1510262448790.png,8,1510262448790.png,TRUE
3349,A17D65I948OQZM,car,https://langcog.stanford.edu/expts/BLL/kiddraw-recognitionRatings/sketches/car/car_sketch_6_E1c_1510782034963.png,car,car_sketch_6_E1c_1510782034963.png,6,1510782034963.png,TRUE
3350,A17D65I948OQZM,flower,https://langcog.stanford.edu/expts/BLL/kiddraw-recognitionRatings/sketches/flower/flower_sketch_4_E1c_1510691847400.png,flower,flower_sketch_4_E1c_1510691847400.png,4,1510691847400.png,TRUE
3351,A17D65I948OQZM,cat,https://langcog.stanford.edu/expts/BLL/kiddraw-recognitionRatings/sketches/cat/cat_sketch_8_E1c_1511300850043.png,cat,cat_sketch_8_E1c_1511300850043.png,8,1511300850043.png,TRUE
3352,A17D65I948OQZM,car,https://langcog.stanford.edu/expts/BLL/kiddraw-recognitionRatings/sketches/train/train_sketch_6_E1c_1510700570912.png,train,train_sketch_6_E1c_1510700570912.png,6,1510700570912.png,FALSE
3353,A17D65I948OQZM,train,https://langcog.stanford.edu/expts/BLL/kiddraw-recognitionRatings/sketches/train/train_sketch_6_E1c_1511293092153.png,train,train_sketch_6_E1c_1511293092153.png,6,1511293092153.png,TRUE
3354,A17D65I948OQZM,cup,https://langcog.stanford.edu/expts/BLL/kiddraw-recognitionRatings/sketches/foot/foot_sketch_5_E1c_1510256904834.png,foot,foot_sketch_5_E1c_1510256904834.png,5,1510256904834.png,FALSE
3355,A17D65I948OQZM,phone,https://langcog.stanford.edu/expts/BLL/kiddraw-recognitionRatings/sketches/phone/phone_sketch_7_E1c_1510870100423.png,phone,phone_sketch_7_E1c_1510870100423.png,7,1510870100423.png,TRUE
3356,A17D65I948OQZM,couch,https://langcog.stanford.edu/expts/BLL/kiddraw-recognitionRatings/sketches/couch/couch_sketch_5_E1c_1510786719020.png,couch,couch_sketch_5_E1c_1510786719020.png,5,1510786719020.png,TRUE
3357,A17D65I948OQZM,car,https://langcog.stanford.edu/expts/BLL/kiddraw-recognitionRatings/sketches/car/car_sketch_6_E1c_1510253415559.png,car,car_sketch_6_E1c_1510253415559.png,6,1510253415559.png,TRUE
3358,A17D65I948OQZM,ice cream,https://langcog.stanford.edu/expts/BLL/kiddraw-recognitionRatings/sketches/carrot/carrot_sketch_5_E1c_1510786719020.png,carrot,carrot_sketch_5_E1c_1510786719020.png,5,1510786719020.png,FALSE
3359,A17D65I948OQZM,car,https://langcog.stanford.edu/expts/BLL/kiddraw-recognitionRatings/sketches/car/car_sketch_6_E1c_1511292022297.png,car,car_sketch_6_E1c_1511292022297.png,6,1511292022297.png,TRUE
3360,A17D65I948OQZM,shoe,https://langcog.stanford.edu/expts/BLL/kiddraw-recognitionRatings/sketches/shoe/shoe_sketch_6_E1c_1510700570912.png,shoe,shoe_sketch_6_E1c_1510700570912.png,6,1510700570912.png,TRUE
3361,A17D65I948OQZM,flower,https://langcog.stanford.edu/expts/BLL/kiddraw-recognitionRatings/sketches/flower/flower_sketch_8_E1c_1510870628731.png,flower,flower_sketch_8_E1c_1510870628731.png,8,1510870628731.png,TRUE
3362,A17D65I948OQZM,cat,https://langcog.stanford.edu/expts/BLL/kiddraw-recognitionRatings/sketches/rabbit/rabbit_sketch_6_E1c_1511292022297.png,rabbit,rabbit_sketch_6_E1c_1511292022297.png,6,1511292022297.png,FALSE
3363,A17D65I948OQZM,frog,https://langcog.stanford.edu/expts/BLL/kiddraw-recognitionRatings/sketches/frog/frog_sketch_8_E1c_1510262448790.png,frog,frog_sketch_8_E1c_1510262448790.png,8,1510262448790.png,TRUE
3364,A17D65I948OQZM,frog,https://langcog.stanford.edu/expts/BLL/kiddraw-recognitionRatings/sketches/frog/frog_sketch_8_E1c_1510690264523.png,frog,frog_sketch_8_E1c_1510690264523.png,8,1510690264523.png,TRUE
3365,A17D65I948OQZM,chair,https://langcog.stanford.edu/expts/BLL/kiddraw-recognitionRatings/sketches/chair/chair_sketch_8_E1c_1510690264523.png,chair,chair_sketch_8_E1c_1510690264523.png,8,1510690264523.png,TRUE
3366,A17D65I948OQZM,boat,https://langcog.stanford.edu/expts/BLL/kiddraw-recognitionRatings/sketches/boat/boat_sketch_10_E1c_1510684833991.png,boat,boat_sketch_10_E1c_1510684833991.png,10,1510684833991.png,TRUE
3367,A17D65I948OQZM,bean,https://langcog.stanford.edu/expts/BLL/kiddraw-recognitionRatings/sketches/banana/banana_sketch_8_E1c_1511300355318.png,banana,banana_sketch_8_E1c_1511300355318.png,8,1511300355318.png,FALSE
3368,A17D65I948OQZM,ice cream,https://langcog.stanford.edu/expts/BLL/kiddraw-recognitionRatings/sketches/carrot/carrot_sketch_9_E1c_1510686242527.png,carrot,carrot_sketch_9_E1c_1510686242527.png,9,1510686242527.png,FALSE
3369,A17D65I948OQZM,bean,https://langcog.stanford.edu/expts/BLL/kiddraw-recognitionRatings/sketches/banana/banana_sketch_6_E1c_1511292022297.png,banana,banana_sketch_6_E1c_1511292022297.png,6,1511292022297.png,FALSE
3370,A17D65I948OQZM,car,https://langcog.stanford.edu/expts/BLL/kiddraw-recognitionRatings/sketches/train/train_sketch_6_E1c_1511292022297.png,train,train_sketch_6_E1c_1511292022297.png,6,1511292022297.png,FALSE
3371,A17D65I948OQZM,car,https://langcog.stanford.edu/expts/BLL/kiddraw-recognitionRatings/sketches/car/car_sketch_10_E1c_1510783638074.png,car,car_sketch_10_E1c_1510783638074.png,10,1510783638074.png,TRUE
3372,A17D65I948OQZM,person,https://langcog.stanford.edu/expts/BLL/kiddraw-recognitionRatings/sketches/rabbit/rabbit_sketch_5_E1c_1510256904834.png,rabbit,rabbit_sketch_5_E1c_1510256904834.png,5,1510256904834.png,FALSE
3373,A17D65I948OQZM,chair,https://langcog.stanford.edu/expts/BLL/kiddraw-recognitionRatings/sketches/chair/chair_sketch_8_E1c_1510870628731.png,chair,chair_sketch_8_E1c_1510870628731.png,8,1510870628731.png,TRUE
3374,A17D65I948OQZM,ice cream,https://langcog.stanford.edu/expts/BLL/kiddraw-recognitionRatings/sketches/carrot/carrot_sketch_7_E1c_1510263944688.png,carrot,carrot_sketch_7_E1c_1510263944688.png,7,1510263944688.png,FALSE
3375,A17D65I948OQZM,ice cream,https://langcog.stanford.edu/expts/BLL/kiddraw-recognitionRatings/sketches/carrot/carrot_sketch_8_E1c_1511293754661.png,carrot,carrot_sketch_8_E1c_1511293754661.png,8,1511293754661.png,FALSE
3376,A17D65I948OQZM,boat,https://langcog.stanford.edu/expts/BLL/kiddraw-recognitionRatings/sketches/boat/boat_sketch_6_E1c_1510700570912.png,boat,boat_sketch_6_E1c_1510700570912.png,6,1510700570912.png,TRUE
3377,A17D65I948OQZM,phone,https://langcog.stanford.edu/expts/BLL/kiddraw-recognitionRatings/sketches/phone/phone_sketch_6_E1c_1510690510319.png,phone,phone_sketch_6_E1c_1510690510319.png,6,1510690510319.png,TRUE
3378,A17D65I948OQZM,ice cream,https://langcog.stanford.edu/expts/BLL/kiddraw-recognitionRatings/sketches/ice cream/ice cream_sketch_6_E1c_1511292286803.png,ice cream,ice cream_sketch_6_E1c_1511292286803.png,6,1511292286803.png,TRUE
3379,A17D65I948OQZM,rabbit,https://langcog.stanford.edu/expts/BLL/kiddraw-recognitionRatings/sketches/rabbit/rabbit_sketch_6_E1c_1511292286803.png,rabbit,rabbit_sketch_6_E1c_1511292286803.png,6,1511292286803.png,TRUE
3380,A17D65I948OQZM,cat,https://langcog.stanford.edu/expts/BLL/kiddraw-recognitionRatings/sketches/cat/cat_sketch_7_E1c_1510870100423.png,cat,cat_sketch_7_E1c_1510870100423.png,7,1510870100423.png,TRUE
3381,A17D65I948OQZM,flower,https://langcog.stanford.edu/expts/BLL/kiddraw-recognitionRatings/sketches/flower/flower_sketch_7_E1c_1510783353272.png,flower,flower_sketch_7_E1c_1510783353272.png,7,1510783353272.png,TRUE
3382,A17D65I948OQZM,phone,https://langcog.stanford.edu/expts/BLL/kiddraw-recognitionRatings/sketches/phone/phone_sketch_10_E1c_1510684833991.png,phone,phone_sketch_10_E1c_1510684833991.png,10,1510684833991.png,TRUE
3383,A17D65I948OQZM,foot,https://langcog.stanford.edu/expts/BLL/kiddraw-recognitionRatings/sketches/foot/foot_sketch_6_E1c_1510782034963.png,foot,foot_sketch_6_E1c_1510782034963.png,6,1510782034963.png,TRUE
3384,A17D65I948OQZM,phone,https://langcog.stanford.edu/expts/BLL/kiddraw-recognitionRatings/sketches/phone/phone_sketch_8_E1c_1510690264523.png,phone,phone_sketch_8_E1c_1510690264523.png,8,1510690264523.png,TRUE
3385,A17D65I948OQZM,phone,https://langcog.stanford.edu/expts/BLL/kiddraw-recognitionRatings/sketches/phone/phone_sketch_8_E1c_1510870628731.png,phone,phone_sketch_8_E1c_1510870628731.png,8,1510870628731.png,TRUE
3386,A17D65I948OQZM,frog,https://langcog.stanford.edu/expts/BLL/kiddraw-recognitionRatings/sketches/frog/frog_sketch_8_E1c_1511293754661.png,frog,frog_sketch_8_E1c_1511293754661.png,8,1511293754661.png,TRUE
3387,A17D65I948OQZM,bean,https://langcog.stanford.edu/expts/BLL/kiddraw-recognitionRatings/sketches/banana/banana_sketch_5_E1c_1510786719020.png,banana,banana_sketch_5_E1c_1510786719020.png,5,1510786719020.png,FALSE
3388,A17D65I948OQZM,car,https://langcog.stanford.edu/expts/BLL/kiddraw-recognitionRatings/sketches/train/train_sketch_6_E1c_1510253415559.png,train,train_sketch_6_E1c_1510253415559.png,6,1510253415559.png,FALSE
3389,A17D65I948OQZM,car,https://langcog.stanford.edu/expts/BLL/kiddraw-recognitionRatings/sketches/train/train_sketch_5_E1c_1510253748384.png,train,train_sketch_5_E1c_1510253748384.png,5,1510253748384.png,FALSE
3390,A17D65I948OQZM,rabbit,https://langcog.stanford.edu/expts/BLL/kiddraw-recognitionRatings/sketches/rabbit/rabbit_sketch_7_E1c_1510870100423.png,rabbit,rabbit_sketch_7_E1c_1510870100423.png,7,1510870100423.png,TRUE
3391,A17D65I948OQZM,rabbit,https://langcog.stanford.edu/expts/BLL/kiddraw-recognitionRatings/sketches/rabbit/rabbit_sketch_6_E1c_1510253415559.png,rabbit,rabbit_sketch_6_E1c_1510253415559.png,6,1510253415559.png,TRUE
3392,A17D65I948OQZM,ice cream,https://langcog.stanford.edu/expts/BLL/kiddraw-recognitionRatings/sketches/carrot/carrot_sketch_10_E1c_1511301807087.png,carrot,carrot_sketch_10_E1c_1511301807087.png,10,1511301807087.png,FALSE
3393,A17D65I948OQZM,person,https://langcog.stanford.edu/expts/BLL/kiddraw-recognitionRatings/sketches/rabbit/rabbit_sketch_8_E1c_1510787010922.png,rabbit,rabbit_sketch_8_E1c_1510787010922.png,8,1510787010922.png,FALSE
3394,A17D65I948OQZM,banana,https://langcog.stanford.edu/expts/BLL/kiddraw-recognitionRatings/sketches/banana/banana_sketch_8_E1c_1510254933095.png,banana,banana_sketch_8_E1c_1510254933095.png,8,1510254933095.png,TRUE
3395,A17D65I948OQZM,car,https://langcog.stanford.edu/expts/BLL/kiddraw-recognitionRatings/sketches/car/car_sketch_6_E1c_1510690510319.png,car,car_sketch_6_E1c_1510690510319.png,6,1510690510319.png,TRUE
3396,A17D65I948OQZM,banana,https://langcog.stanford.edu/expts/BLL/kiddraw-recognitionRatings/sketches/banana/banana_sketch_6_E1c_1511293092153.png,banana,banana_sketch_6_E1c_1511293092153.png,6,1511293092153.png,TRUE
3397,A17D65I948OQZM,cat,https://langcog.stanford.edu/expts/BLL/kiddraw-recognitionRatings/sketches/cat/cat_sketch_10_E1c_1510684833991.png,cat,cat_sketch_10_E1c_1510684833991.png,10,1510684833991.png,TRUE
3398,A17D65I948OQZM,couch,https://langcog.stanford.edu/expts/BLL/kiddraw-recognitionRatings/sketches/couch/couch_sketch_10_E1c_1511301807087.png,couch,couch_sketch_10_E1c_1511301807087.png,10,1511301807087.png,TRUE
3399,A17D65I948OQZM,cat,https://langcog.stanford.edu/expts/BLL/kiddraw-recognitionRatings/sketches/frog/frog_sketch_5_E1c_1510258311547.png,frog,frog_sketch_5_E1c_1510258311547.png,5,1510258311547.png,FALSE
3400,A17D65I948OQZM,carrot,https://langcog.stanford.edu/expts/BLL/kiddraw-recognitionRatings/sketches/carrot/carrot_sketch_6_E1c_1510695588717.png,carrot,carrot_sketch_6_E1c_1510695588717.png,6,1510695588717.png,TRUE
3401,A17D65I948OQZM,boat,https://langcog.stanford.edu/expts/BLL/kiddraw-recognitionRatings/sketches/car/car_sketch_4_E1c_1510263067113.png,car,car_sketch_4_E1c_1510263067113.png,4,1510263067113.png,FALSE
3402,A17D65I948OQZM,car,https://langcog.stanford.edu/expts/BLL/kiddraw-recognitionRatings/sketches/train/train_sketch_5_E1c_1510786719020.png,train,train_sketch_5_E1c_1510786719020.png,5,1510786719020.png,FALSE
3403,A17D65I948OQZM,bean,https://langcog.stanford.edu/expts/BLL/kiddraw-recognitionRatings/sketches/banana/banana_sketch_8_E1c_1510787010922.png,banana,banana_sketch_8_E1c_1510787010922.png,8,1510787010922.png,FALSE
3404,A17D65I948OQZM,foot,https://langcog.stanford.edu/expts/BLL/kiddraw-recognitionRatings/sketches/foot/foot_sketch_10_E1c_1510783638074.png,foot,foot_sketch_10_E1c_1510783638074.png,10,1510783638074.png,TRUE
3405,A17D65I948OQZM,cat,https://langcog.stanford.edu/expts/BLL/kiddraw-recognitionRatings/sketches/cat/cat_sketch_7_E1c_1510263944688.png,cat,cat_sketch_7_E1c_1510263944688.png,7,1510263944688.png,TRUE
3406,A17D65I948OQZM,phone,https://langcog.stanford.edu/expts/BLL/kiddraw-recognitionRatings/sketches/couch/couch_sketch_6_E1c_1511292022297.png,couch,couch_sketch_6_E1c_1511292022297.png,6,1511292022297.png,FALSE
3407,A17D65I948OQZM,boat,https://langcog.stanford.edu/expts/BLL/kiddraw-recognitionRatings/sketches/boat/boat_sketch_7_E1c_1511301009480.png,boat,boat_sketch_7_E1c_1511301009480.png,7,1511301009480.png,TRUE
3408,A17D65I948OQZM,cannott tell at all,https://langcog.stanford.edu/expts/BLL/kiddraw-recognitionRatings/sketches/cup/cup_sketch_8_E1c_1511300355318.png,cup,cup_sketch_8_E1c_1511300355318.png,8,1511300355318.png,FALSE
3409,A17D65I948OQZM,phone,https://langcog.stanford.edu/expts/BLL/kiddraw-recognitionRatings/sketches/carrot/carrot_sketch_4_E1c_1510263067113.png,carrot,carrot_sketch_4_E1c_1510263067113.png,4,1510263067113.png,FALSE
3410,A17D65I948OQZM,boat,https://langcog.stanford.edu/expts/BLL/kiddraw-recognitionRatings/sketches/boat/boat_sketch_8_E1c_1510870628731.png,boat,boat_sketch_8_E1c_1510870628731.png,8,1510870628731.png,TRUE
3411,A17D65I948OQZM,car,https://langcog.stanford.edu/expts/BLL/kiddraw-recognitionRatings/sketches/couch/couch_sketch_8_E1c_1511293754661.png,couch,couch_sketch_8_E1c_1511293754661.png,8,1511293754661.png,FALSE
3412,A17D65I948OQZM,flower,https://langcog.stanford.edu/expts/BLL/kiddraw-recognitionRatings/sketches/flower/flower_sketch_8_E1c_1511300355318.png,flower,flower_sketch_8_E1c_1511300355318.png,8,1511300355318.png,TRUE
3413,A17D65I948OQZM,cat,https://langcog.stanford.edu/expts/BLL/kiddraw-recognitionRatings/sketches/cat/cat_sketch_8_E1c_1510690264523.png,cat,cat_sketch_8_E1c_1510690264523.png,8,1510690264523.png,TRUE
3414,A17D65I948OQZM,ice cream,https://langcog.stanford.edu/expts/BLL/kiddraw-recognitionRatings/sketches/ice cream/ice cream_sketch_7_E1c_1511301634355.png,ice cream,ice cream_sketch_7_E1c_1511301634355.png,7,1511301634355.png,TRUE
3415,A17D65I948OQZM,cat,https://langcog.stanford.edu/expts/BLL/kiddraw-recognitionRatings/sketches/cat/cat_sketch_6_E1c_1510700570912.png,cat,cat_sketch_6_E1c_1510700570912.png,6,1510700570912.png,TRUE
3416,A17D65I948OQZM,person,https://langcog.stanford.edu/expts/BLL/kiddraw-recognitionRatings/sketches/ice cream/ice cream_sketch_8_E1c_1511300355318.png,ice cream,ice cream_sketch_8_E1c_1511300355318.png,8,1511300355318.png,FALSE
3417,A17D65I948OQZM,couch,https://langcog.stanford.edu/expts/BLL/kiddraw-recognitionRatings/sketches/couch/couch_sketch_6_E1c_1511293092153.png,couch,couch_sketch_6_E1c_1511293092153.png,6,1511293092153.png,TRUE
3418,A17D65I948OQZM,cat,https://langcog.stanford.edu/expts/BLL/kiddraw-recognitionRatings/sketches/cat/cat_sketch_8_E1c_1511300355318.png,cat,cat_sketch_8_E1c_1511300355318.png,8,1511300355318.png,TRUE
3419,A17D65I948OQZM,cat,https://langcog.stanford.edu/expts/BLL/kiddraw-recognitionRatings/sketches/rabbit/rabbit_sketch_5_E1c_1510786719020.png,rabbit,rabbit_sketch_5_E1c_1510786719020.png,5,1510786719020.png,FALSE
3420,A17D65I948OQZM,cup,https://langcog.stanford.edu/expts/BLL/kiddraw-recognitionRatings/sketches/cup/cup_sketch_10_E1c_1511293452162.png,cup,cup_sketch_10_E1c_1511293452162.png,10,1511293452162.png,TRUE
3421,A17D65I948OQZM,phone,https://langcog.stanford.edu/expts/BLL/kiddraw-recognitionRatings/sketches/cup/cup_sketch_4_E1c_1510691847400.png,cup,cup_sketch_4_E1c_1510691847400.png,4,1510691847400.png,FALSE
3422,A17D65I948OQZM,ice cream,https://langcog.stanford.edu/expts/BLL/kiddraw-recognitionRatings/sketches/carrot/carrot_sketch_7_E1c_1511301634355.png,carrot,carrot_sketch_7_E1c_1511301634355.png,7,1511301634355.png,FALSE
3423,A17D65I948OQZM,cat,https://langcog.stanford.edu/expts/BLL/kiddraw-recognitionRatings/sketches/cat/cat_sketch_8_E1c_1510870628731.png,cat,cat_sketch_8_E1c_1510870628731.png,8,1510870628731.png,TRUE
3424,A17D65I948OQZM,flower,https://langcog.stanford.edu/expts/BLL/kiddraw-recognitionRatings/sketches/cup/cup_sketch_5_E1c_1510258311547.png,cup,cup_sketch_5_E1c_1510258311547.png,5,1510258311547.png,FALSE
3425,A17D65I948OQZM,boat,https://langcog.stanford.edu/expts/BLL/kiddraw-recognitionRatings/sketches/boat/boat_sketch_6_E1c_1510695588717.png,boat,boat_sketch_6_E1c_1510695588717.png,6,1510695588717.png,TRUE
3426,A17D65I948OQZM,flower,https://langcog.stanford.edu/expts/BLL/kiddraw-recognitionRatings/sketches/flower/flower_sketch_8_E1c_1511293754661.png,flower,flower_sketch_8_E1c_1511293754661.png,8,1511293754661.png,TRUE
3427,A17D65I948OQZM,bean,https://langcog.stanford.edu/expts/BLL/kiddraw-recognitionRatings/sketches/banana/banana_sketch_5_E1c_1510253748384.png,banana,banana_sketch_5_E1c_1510253748384.png,5,1510253748384.png,FALSE
3428,A17D65I948OQZM,flower,https://langcog.stanford.edu/expts/BLL/kiddraw-recognitionRatings/sketches/flower/flower_sketch_5_E1c_1510253748384.png,flower,flower_sketch_5_E1c_1510253748384.png,5,1510253748384.png,TRUE
3429,A17D65I948OQZM,cup,https://langcog.stanford.edu/expts/BLL/kiddraw-recognitionRatings/sketches/cup/cup_sketch_8_E1c_1510690264523.png,cup,cup_sketch_8_E1c_1510690264523.png,8,1510690264523.png,TRUE
3430,A17D65I948OQZM,cup,https://langcog.stanford.edu/expts/BLL/kiddraw-recognitionRatings/sketches/phone/phone_sketch_4_E1c_1510252568116.png,phone,phone_sketch_4_E1c_1510252568116.png,4,1510252568116.png,FALSE
3431,A17D65I948OQZM,boat,https://langcog.stanford.edu/expts/BLL/kiddraw-recognitionRatings/sketches/boat/boat_sketch_6_E1c_1511292286803.png,boat,boat_sketch_6_E1c_1511292286803.png,6,1511292286803.png,TRUE
3432,A17D65I948OQZM,flower,https://langcog.stanford.edu/expts/BLL/kiddraw-recognitionRatings/sketches/flower/flower_sketch_10_E1c_1510783638074.png,flower,flower_sketch_10_E1c_1510783638074.png,10,1510783638074.png,TRUE
3433,A1945USNZHTROX,banana,https://langcog.stanford.edu/expts/BLL/kiddraw-recognitionRatings/sketches/banana/banana_sketch_9_E1c_1510686242527.png,banana,banana_sketch_9_E1c_1510686242527.png,9,1510686242527.png,TRUE
3434,A1945USNZHTROX,boat,https://langcog.stanford.edu/expts/BLL/kiddraw-recognitionRatings/sketches/boat/boat_sketch_8_E1c_1510787010922.png,boat,boat_sketch_8_E1c_1510787010922.png,8,1510787010922.png,TRUE
3435,A1945USNZHTROX,chair,https://langcog.stanford.edu/expts/BLL/kiddraw-recognitionRatings/sketches/chair/chair_sketch_8_E1c_1510254933095.png,chair,chair_sketch_8_E1c_1510254933095.png,8,1510254933095.png,TRUE
3436,A1945USNZHTROX,foot,https://langcog.stanford.edu/expts/BLL/kiddraw-recognitionRatings/sketches/foot/foot_sketch_10_E1c_1510783638074.png,foot,foot_sketch_10_E1c_1510783638074.png,10,1510783638074.png,TRUE
3437,A1945USNZHTROX,cat,https://langcog.stanford.edu/expts/BLL/kiddraw-recognitionRatings/sketches/rabbit/rabbit_sketch_9_E1c_1510686242527.png,rabbit,rabbit_sketch_9_E1c_1510686242527.png,9,1510686242527.png,FALSE
3438,A1945USNZHTROX,ice cream,https://langcog.stanford.edu/expts/BLL/kiddraw-recognitionRatings/sketches/ice cream/ice cream_sketch_8_E1c_1510262448790.png,ice cream,ice cream_sketch_8_E1c_1510262448790.png,8,1510262448790.png,TRUE
3439,A1945USNZHTROX,flower,https://langcog.stanford.edu/expts/BLL/kiddraw-recognitionRatings/sketches/flower/flower_sketch_7_E1c_1510783353272.png,flower,flower_sketch_7_E1c_1510783353272.png,7,1510783353272.png,TRUE
3440,A1945USNZHTROX,frog,https://langcog.stanford.edu/expts/BLL/kiddraw-recognitionRatings/sketches/frog/frog_sketch_7_E1c_1510263944688.png,frog,frog_sketch_7_E1c_1510263944688.png,7,1510263944688.png,TRUE
3441,A1945USNZHTROX,chair,https://langcog.stanford.edu/expts/BLL/kiddraw-recognitionRatings/sketches/chair/chair_sketch_5_E1c_1510786719020.png,chair,chair_sketch_5_E1c_1510786719020.png,5,1510786719020.png,TRUE
3442,A1945USNZHTROX,phone,https://langcog.stanford.edu/expts/BLL/kiddraw-recognitionRatings/sketches/phone/phone_sketch_7_E1c_1510783353272.png,phone,phone_sketch_7_E1c_1510783353272.png,7,1510783353272.png,TRUE
3443,A1945USNZHTROX,cat,https://langcog.stanford.edu/expts/BLL/kiddraw-recognitionRatings/sketches/train/train_sketch_5_E1c_1510253748384.png,train,train_sketch_5_E1c_1510253748384.png,5,1510253748384.png,FALSE
3444,A1945USNZHTROX,phone,https://langcog.stanford.edu/expts/BLL/kiddraw-recognitionRatings/sketches/phone/phone_sketch_8_E1c_1510690264523.png,phone,phone_sketch_8_E1c_1510690264523.png,8,1510690264523.png,TRUE
3445,A1945USNZHTROX,shoe,https://langcog.stanford.edu/expts/BLL/kiddraw-recognitionRatings/sketches/shoe/shoe_sketch_10_E1c_1510255462419.png,shoe,shoe_sketch_10_E1c_1510255462419.png,10,1510255462419.png,TRUE
3446,A1945USNZHTROX,car,https://langcog.stanford.edu/expts/BLL/kiddraw-recognitionRatings/sketches/car/car_sketch_5_E1c_1511301440421.png,car,car_sketch_5_E1c_1511301440421.png,5,1511301440421.png,TRUE
3447,A1945USNZHTROX,car,https://langcog.stanford.edu/expts/BLL/kiddraw-recognitionRatings/sketches/car/car_sketch_5_E1c_1510786719020.png,car,car_sketch_5_E1c_1510786719020.png,5,1510786719020.png,TRUE
3448,A1945USNZHTROX,car,https://langcog.stanford.edu/expts/BLL/kiddraw-recognitionRatings/sketches/train/train_sketch_7_E1c_1510783353272.png,train,train_sketch_7_E1c_1510783353272.png,7,1510783353272.png,FALSE
3449,A1945USNZHTROX,car,https://langcog.stanford.edu/expts/BLL/kiddraw-recognitionRatings/sketches/car/car_sketch_10_E1c_1510783638074.png,car,car_sketch_10_E1c_1510783638074.png,10,1510783638074.png,TRUE
3450,A1945USNZHTROX,cat,https://langcog.stanford.edu/expts/BLL/kiddraw-recognitionRatings/sketches/rabbit/rabbit_sketch_8_E1c_1510254933095.png,rabbit,rabbit_sketch_8_E1c_1510254933095.png,8,1510254933095.png,FALSE
3451,A1945USNZHTROX,couch,https://langcog.stanford.edu/expts/BLL/kiddraw-recognitionRatings/sketches/couch/couch_sketch_6_E1c_1510695588717.png,couch,couch_sketch_6_E1c_1510695588717.png,6,1510695588717.png,TRUE
3452,A1945USNZHTROX,phone,https://langcog.stanford.edu/expts/BLL/kiddraw-recognitionRatings/sketches/phone/phone_sketch_4_E1c_1510252568116.png,phone,phone_sketch_4_E1c_1510252568116.png,4,1510252568116.png,TRUE
3453,A1945USNZHTROX,car,https://langcog.stanford.edu/expts/BLL/kiddraw-recognitionRatings/sketches/car/car_sketch_8_E1c_1511293924452.png,car,car_sketch_8_E1c_1511293924452.png,8,1511293924452.png,TRUE
3454,A1945USNZHTROX,carrot,https://langcog.stanford.edu/expts/BLL/kiddraw-recognitionRatings/sketches/carrot/carrot_sketch_9_E1c_1510686242527.png,carrot,carrot_sketch_9_E1c_1510686242527.png,9,1510686242527.png,TRUE
3455,A1945USNZHTROX,cat,https://langcog.stanford.edu/expts/BLL/kiddraw-recognitionRatings/sketches/cup/cup_sketch_5_E1c_1510258311547.png,cup,cup_sketch_5_E1c_1510258311547.png,5,1510258311547.png,FALSE
3456,A1945USNZHTROX,rabbit,https://langcog.stanford.edu/expts/BLL/kiddraw-recognitionRatings/sketches/rabbit/rabbit_sketch_8_E1c_1510787010922.png,rabbit,rabbit_sketch_8_E1c_1510787010922.png,8,1510787010922.png,TRUE
3457,A1945USNZHTROX,flower,https://langcog.stanford.edu/expts/BLL/kiddraw-recognitionRatings/sketches/flower/flower_sketch_8_E1c_1511292658766.png,flower,flower_sketch_8_E1c_1511292658766.png,8,1511292658766.png,TRUE
3458,A1945USNZHTROX,car,https://langcog.stanford.edu/expts/BLL/kiddraw-recognitionRatings/sketches/car/car_sketch_5_E1c_1510870384576.png,car,car_sketch_5_E1c_1510870384576.png,5,1510870384576.png,TRUE
3459,A1945USNZHTROX,banana,https://langcog.stanford.edu/expts/BLL/kiddraw-recognitionRatings/sketches/banana/banana_sketch_5_E1c_1510786719020.png,banana,banana_sketch_5_E1c_1510786719020.png,5,1510786719020.png,TRUE
3460,A1945USNZHTROX,cat,https://langcog.stanford.edu/expts/BLL/kiddraw-recognitionRatings/sketches/rabbit/rabbit_sketch_7_E1c_1511301009480.png,rabbit,rabbit_sketch_7_E1c_1511301009480.png,7,1511301009480.png,FALSE
3461,A1945USNZHTROX,banana,https://langcog.stanford.edu/expts/BLL/kiddraw-recognitionRatings/sketches/banana/banana_sketch_4_E1c_1510691847400.png,banana,banana_sketch_4_E1c_1510691847400.png,4,1510691847400.png,TRUE
3462,A1945USNZHTROX,carrot,https://langcog.stanford.edu/expts/BLL/kiddraw-recognitionRatings/sketches/carrot/carrot_sketch_10_E1c_1511301807087.png,carrot,carrot_sketch_10_E1c_1511301807087.png,10,1511301807087.png,TRUE
3463,A1945USNZHTROX,foot,https://langcog.stanford.edu/expts/BLL/kiddraw-recognitionRatings/sketches/foot/foot_sketch_8_E1c_1511293754661.png,foot,foot_sketch_8_E1c_1511293754661.png,8,1511293754661.png,TRUE
3464,A1945USNZHTROX,flower,https://langcog.stanford.edu/expts/BLL/kiddraw-recognitionRatings/sketches/flower/flower_sketch_8_E1c_1510870628731.png,flower,flower_sketch_8_E1c_1510870628731.png,8,1510870628731.png,TRUE
3465,A1945USNZHTROX,chair,https://langcog.stanford.edu/expts/BLL/kiddraw-recognitionRatings/sketches/chair/chair_sketch_10_E1c_1511301807087.png,chair,chair_sketch_10_E1c_1511301807087.png,10,1511301807087.png,TRUE
3466,A1945USNZHTROX,car,https://langcog.stanford.edu/expts/BLL/kiddraw-recognitionRatings/sketches/foot/foot_sketch_5_E1c_1510786719020.png,foot,foot_sketch_5_E1c_1510786719020.png,5,1510786719020.png,FALSE
3467,A1945USNZHTROX,train,https://langcog.stanford.edu/expts/BLL/kiddraw-recognitionRatings/sketches/train/train_sketch_8_E1c_1510870628731.png,train,train_sketch_8_E1c_1510870628731.png,8,1510870628731.png,TRUE
3468,A1945USNZHTROX,cup,https://langcog.stanford.edu/expts/BLL/kiddraw-recognitionRatings/sketches/cup/cup_sketch_8_E1c_1510787010922.png,cup,cup_sketch_8_E1c_1510787010922.png,8,1510787010922.png,TRUE
3469,A1945USNZHTROX,cat,https://langcog.stanford.edu/expts/BLL/kiddraw-recognitionRatings/sketches/frog/frog_sketch_8_E1c_1510787010922.png,frog,frog_sketch_8_E1c_1510787010922.png,8,1510787010922.png,FALSE
3470,A1945USNZHTROX,cat,https://langcog.stanford.edu/expts/BLL/kiddraw-recognitionRatings/sketches/rabbit/rabbit_sketch_8_E1c_1511300355318.png,rabbit,rabbit_sketch_8_E1c_1511300355318.png,8,1511300355318.png,FALSE
3471,A1945USNZHTROX,banana,https://langcog.stanford.edu/expts/BLL/kiddraw-recognitionRatings/sketches/cup/cup_sketch_8_E1c_1510254933095.png,cup,cup_sketch_8_E1c_1510254933095.png,8,1510254933095.png,FALSE
3472,A1945USNZHTROX,train,https://langcog.stanford.edu/expts/BLL/kiddraw-recognitionRatings/sketches/train/train_sketch_6_E1c_1510253415559.png,train,train_sketch_6_E1c_1510253415559.png,6,1510253415559.png,TRUE
3473,A1945USNZHTROX,shoe,https://langcog.stanford.edu/expts/BLL/kiddraw-recognitionRatings/sketches/shoe/shoe_sketch_10_E1c_1511293452162.png,shoe,shoe_sketch_10_E1c_1511293452162.png,10,1511293452162.png,TRUE
3474,A1945USNZHTROX,cup,https://langcog.stanford.edu/expts/BLL/kiddraw-recognitionRatings/sketches/cup/cup_sketch_10_E1c_1511301807087.png,cup,cup_sketch_10_E1c_1511301807087.png,10,1511301807087.png,TRUE
3475,A1945USNZHTROX,car,https://langcog.stanford.edu/expts/BLL/kiddraw-recognitionRatings/sketches/car/car_sketch_6_E1c_1510782034963.png,car,car_sketch_6_E1c_1510782034963.png,6,1510782034963.png,TRUE
3476,A1945USNZHTROX,foot,https://langcog.stanford.edu/expts/BLL/kiddraw-recognitionRatings/sketches/foot/foot_sketch_5_E1c_1511301440421.png,foot,foot_sketch_5_E1c_1511301440421.png,5,1511301440421.png,TRUE
3477,A1945USNZHTROX,flower,https://langcog.stanford.edu/expts/BLL/kiddraw-recognitionRatings/sketches/flower/flower_sketch_8_E1c_1511293924452.png,flower,flower_sketch_8_E1c_1511293924452.png,8,1511293924452.png,TRUE
3478,A1945USNZHTROX,car,https://langcog.stanford.edu/expts/BLL/kiddraw-recognitionRatings/sketches/couch/couch_sketch_5_E1c_1510786719020.png,couch,couch_sketch_5_E1c_1510786719020.png,5,1510786719020.png,FALSE
3479,A1945USNZHTROX,boat,https://langcog.stanford.edu/expts/BLL/kiddraw-recognitionRatings/sketches/boat/boat_sketch_6_E1c_1511292286803.png,boat,boat_sketch_6_E1c_1511292286803.png,6,1511292286803.png,TRUE
3480,A1945USNZHTROX,foot,https://langcog.stanford.edu/expts/BLL/kiddraw-recognitionRatings/sketches/shoe/shoe_sketch_6_E1c_1510695588717.png,shoe,shoe_sketch_6_E1c_1510695588717.png,6,1510695588717.png,FALSE
3481,A1945USNZHTROX,cat,https://langcog.stanford.edu/expts/BLL/kiddraw-recognitionRatings/sketches/cat/cat_sketch_6_E1c_1510700570912.png,cat,cat_sketch_6_E1c_1510700570912.png,6,1510700570912.png,TRUE
3482,A1945USNZHTROX,cat,https://langcog.stanford.edu/expts/BLL/kiddraw-recognitionRatings/sketches/rabbit/rabbit_sketch_8_E1c_1511300850043.png,rabbit,rabbit_sketch_8_E1c_1511300850043.png,8,1511300850043.png,FALSE
3483,A1945USNZHTROX,car,https://langcog.stanford.edu/expts/BLL/kiddraw-recognitionRatings/sketches/train/train_sketch_8_E1c_1510787010922.png,train,train_sketch_8_E1c_1510787010922.png,8,1510787010922.png,FALSE
3484,A1945USNZHTROX,boat,https://langcog.stanford.edu/expts/BLL/kiddraw-recognitionRatings/sketches/boat/boat_sketch_9_E1c_1510686242527.png,boat,boat_sketch_9_E1c_1510686242527.png,9,1510686242527.png,TRUE
3485,A1945USNZHTROX,cat,https://langcog.stanford.edu/expts/BLL/kiddraw-recognitionRatings/sketches/cat/cat_sketch_8_E1c_1510787010922.png,cat,cat_sketch_8_E1c_1510787010922.png,8,1510787010922.png,TRUE
3486,A1945USNZHTROX,cat,https://langcog.stanford.edu/expts/BLL/kiddraw-recognitionRatings/sketches/cat/cat_sketch_5_E1c_1510786719020.png,cat,cat_sketch_5_E1c_1510786719020.png,5,1510786719020.png,TRUE
3487,A1945USNZHTROX,carrot,https://langcog.stanford.edu/expts/BLL/kiddraw-recognitionRatings/sketches/carrot/carrot_sketch_9_E1c_1510689458884.png,carrot,carrot_sketch_9_E1c_1510689458884.png,9,1510689458884.png,TRUE
3488,A1945USNZHTROX,phone,https://langcog.stanford.edu/expts/BLL/kiddraw-recognitionRatings/sketches/cup/cup_sketch_6_E1c_1510695588717.png,cup,cup_sketch_6_E1c_1510695588717.png,6,1510695588717.png,FALSE
3489,A1945USNZHTROX,car,https://langcog.stanford.edu/expts/BLL/kiddraw-recognitionRatings/sketches/couch/couch_sketch_5_E1c_1510258311547.png,couch,couch_sketch_5_E1c_1510258311547.png,5,1510258311547.png,FALSE
3490,A1945USNZHTROX,phone,https://langcog.stanford.edu/expts/BLL/kiddraw-recognitionRatings/sketches/phone/phone_sketch_7_E1c_1511301009480.png,phone,phone_sketch_7_E1c_1511301009480.png,7,1511301009480.png,TRUE
3491,A1945USNZHTROX,foot,https://langcog.stanford.edu/expts/BLL/kiddraw-recognitionRatings/sketches/shoe/shoe_sketch_7_E1c_1510263944688.png,shoe,shoe_sketch_7_E1c_1510263944688.png,7,1510263944688.png,FALSE
3492,A1945USNZHTROX,train,https://langcog.stanford.edu/expts/BLL/kiddraw-recognitionRatings/sketches/train/train_sketch_10_E1c_1511293452162.png,train,train_sketch_10_E1c_1511293452162.png,10,1511293452162.png,TRUE
3493,A1945USNZHTROX,car,https://langcog.stanford.edu/expts/BLL/kiddraw-recognitionRatings/sketches/car/car_sketch_8_E1c_1510254933095.png,car,car_sketch_8_E1c_1510254933095.png,8,1510254933095.png,TRUE
3494,A1945USNZHTROX,frog,https://langcog.stanford.edu/expts/BLL/kiddraw-recognitionRatings/sketches/frog/frog_sketch_6_E1c_1511293092153.png,frog,frog_sketch_6_E1c_1511293092153.png,6,1511293092153.png,TRUE
3495,A1945USNZHTROX,cat,https://langcog.stanford.edu/expts/BLL/kiddraw-recognitionRatings/sketches/cat/cat_sketch_10_E1c_1510684833991.png,cat,cat_sketch_10_E1c_1510684833991.png,10,1510684833991.png,TRUE
3496,A1945USNZHTROX,car,https://langcog.stanford.edu/expts/BLL/kiddraw-recognitionRatings/sketches/car/car_sketch_7_E1c_1510783353272.png,car,car_sketch_7_E1c_1510783353272.png,7,1510783353272.png,TRUE
3497,A1945USNZHTROX,cat,https://langcog.stanford.edu/expts/BLL/kiddraw-recognitionRatings/sketches/rabbit/rabbit_sketch_6_E1c_1510253415559.png,rabbit,rabbit_sketch_6_E1c_1510253415559.png,6,1510253415559.png,FALSE
3498,A1945USNZHTROX,flower,https://langcog.stanford.edu/expts/BLL/kiddraw-recognitionRatings/sketches/flower/flower_sketch_8_E1c_1510254933095.png,flower,flower_sketch_8_E1c_1510254933095.png,8,1510254933095.png,TRUE
3499,A1945USNZHTROX,carrot,https://langcog.stanford.edu/expts/BLL/kiddraw-recognitionRatings/sketches/carrot/carrot_sketch_10_E1c_1510684833991.png,carrot,carrot_sketch_10_E1c_1510684833991.png,10,1510684833991.png,TRUE
3500,A1945USNZHTROX,carrot,https://langcog.stanford.edu/expts/BLL/kiddraw-recognitionRatings/sketches/foot/foot_sketch_4_E1c_1510691847400.png,foot,foot_sketch_4_E1c_1510691847400.png,4,1510691847400.png,FALSE
3501,A1945USNZHTROX,carrot,https://langcog.stanford.edu/expts/BLL/kiddraw-recognitionRatings/sketches/couch/couch_sketch_4_E1c_1510268275436.png,couch,couch_sketch_4_E1c_1510268275436.png,4,1510268275436.png,FALSE
3502,A1945USNZHTROX,carrot,https://langcog.stanford.edu/expts/BLL/kiddraw-recognitionRatings/sketches/couch/couch_sketch_6_E1c_1510783818788.png,couch,couch_sketch_6_E1c_1510783818788.png,6,1510783818788.png,FALSE
3503,A1945USNZHTROX,banana,https://langcog.stanford.edu/expts/BLL/kiddraw-recognitionRatings/sketches/phone/phone_sketch_8_E1c_1511300850043.png,phone,phone_sketch_8_E1c_1511300850043.png,8,1511300850043.png,FALSE
3504,A1945USNZHTROX,rabbit,https://langcog.stanford.edu/expts/BLL/kiddraw-recognitionRatings/sketches/rabbit/rabbit_sketch_6_E1c_1511292286803.png,rabbit,rabbit_sketch_6_E1c_1511292286803.png,6,1511292286803.png,TRUE
3505,A1945USNZHTROX,carrot,https://langcog.stanford.edu/expts/BLL/kiddraw-recognitionRatings/sketches/carrot/carrot_sketch_4_E1c_1510268275436.png,carrot,carrot_sketch_4_E1c_1510268275436.png,4,1510268275436.png,TRUE
3506,A1945USNZHTROX,boat,https://langcog.stanford.edu/expts/BLL/kiddraw-recognitionRatings/sketches/boat/boat_sketch_6_E1c_1510783818788.png,boat,boat_sketch_6_E1c_1510783818788.png,6,1510783818788.png,TRUE
3507,A1945USNZHTROX,boat,https://langcog.stanford.edu/expts/BLL/kiddraw-recognitionRatings/sketches/boat/boat_sketch_10_E1c_1511293452162.png,boat,boat_sketch_10_E1c_1511293452162.png,10,1511293452162.png,TRUE
3508,A1945USNZHTROX,chair,https://langcog.stanford.edu/expts/BLL/kiddraw-recognitionRatings/sketches/chair/chair_sketch_10_E1c_1511293452162.png,chair,chair_sketch_10_E1c_1511293452162.png,10,1511293452162.png,TRUE
3509,A1945USNZHTROX,chair,https://langcog.stanford.edu/expts/BLL/kiddraw-recognitionRatings/sketches/chair/chair_sketch_5_E1c_1510870384576.png,chair,chair_sketch_5_E1c_1510870384576.png,5,1510870384576.png,TRUE
3510,A1945USNZHTROX,chair,https://langcog.stanford.edu/expts/BLL/kiddraw-recognitionRatings/sketches/ice cream/ice cream_sketch_5_E1c_1510253748384.png,ice cream,ice cream_sketch_5_E1c_1510253748384.png,5,1510253748384.png,FALSE
3511,A1945USNZHTROX,cat,https://langcog.stanford.edu/expts/BLL/kiddraw-recognitionRatings/sketches/cat/cat_sketch_8_E1c_1510870628731.png,cat,cat_sketch_8_E1c_1510870628731.png,8,1510870628731.png,TRUE
3512,A1945USNZHTROX,carrot,https://langcog.stanford.edu/expts/BLL/kiddraw-recognitionRatings/sketches/ice cream/ice cream_sketch_7_E1c_1510870100423.png,ice cream,ice cream_sketch_7_E1c_1510870100423.png,7,1510870100423.png,FALSE
3513,A1945USNZHTROX,flower,https://langcog.stanford.edu/expts/BLL/kiddraw-recognitionRatings/sketches/flower/flower_sketch_7_E1c_1510870100423.png,flower,flower_sketch_7_E1c_1510870100423.png,7,1510870100423.png,TRUE
3514,A1945USNZHTROX,chair,https://langcog.stanford.edu/expts/BLL/kiddraw-recognitionRatings/sketches/chair/chair_sketch_6_E1c_1510783818788.png,chair,chair_sketch_6_E1c_1510783818788.png,6,1510783818788.png,TRUE
3515,A1945USNZHTROX,banana,https://langcog.stanford.edu/expts/BLL/kiddraw-recognitionRatings/sketches/banana/banana_sketch_5_E1c_1510253748384.png,banana,banana_sketch_5_E1c_1510253748384.png,5,1510253748384.png,TRUE
3516,A1945USNZHTROX,chair,https://langcog.stanford.edu/expts/BLL/kiddraw-recognitionRatings/sketches/chair/chair_sketch_5_E1c_1511301440421.png,chair,chair_sketch_5_E1c_1511301440421.png,5,1511301440421.png,TRUE
3517,A1945USNZHTROX,phone,https://langcog.stanford.edu/expts/BLL/kiddraw-recognitionRatings/sketches/phone/phone_sketch_8_E1c_1511293924452.png,phone,phone_sketch_8_E1c_1511293924452.png,8,1511293924452.png,TRUE
3518,A1945USNZHTROX,cat,https://langcog.stanford.edu/expts/BLL/kiddraw-recognitionRatings/sketches/rabbit/rabbit_sketch_4_E1c_1510691847400.png,rabbit,rabbit_sketch_4_E1c_1510691847400.png,4,1510691847400.png,FALSE
3519,A1945USNZHTROX,phone,https://langcog.stanford.edu/expts/BLL/kiddraw-recognitionRatings/sketches/phone/phone_sketch_6_E1c_1510690510319.png,phone,phone_sketch_6_E1c_1510690510319.png,6,1510690510319.png,TRUE
3520,A1945USNZHTROX,flower,https://langcog.stanford.edu/expts/BLL/kiddraw-recognitionRatings/sketches/flower/flower_sketch_8_E1c_1511293754661.png,flower,flower_sketch_8_E1c_1511293754661.png,8,1511293754661.png,TRUE
3521,A1945USNZHTROX,phone,https://langcog.stanford.edu/expts/BLL/kiddraw-recognitionRatings/sketches/phone/phone_sketch_7_E1c_1510263944688.png,phone,phone_sketch_7_E1c_1510263944688.png,7,1510263944688.png,TRUE
3522,A1945USNZHTROX,carrot,https://langcog.stanford.edu/expts/BLL/kiddraw-recognitionRatings/sketches/carrot/carrot_sketch_4_E1c_1510263067113.png,carrot,carrot_sketch_4_E1c_1510263067113.png,4,1510263067113.png,TRUE
3523,A1945USNZHTROX,frog,https://langcog.stanford.edu/expts/BLL/kiddraw-recognitionRatings/sketches/frog/frog_sketch_8_E1c_1510690264523.png,frog,frog_sketch_8_E1c_1510690264523.png,8,1510690264523.png,TRUE
3524,A1945USNZHTROX,boat,https://langcog.stanford.edu/expts/BLL/kiddraw-recognitionRatings/sketches/boat/boat_sketch_10_E1c_1511301807087.png,boat,boat_sketch_10_E1c_1511301807087.png,10,1511301807087.png,TRUE
3525,A1945USNZHTROX,banana,https://langcog.stanford.edu/expts/BLL/kiddraw-recognitionRatings/sketches/banana/banana_sketch_7_E1c_1511301009480.png,banana,banana_sketch_7_E1c_1511301009480.png,7,1511301009480.png,TRUE
3526,A1945USNZHTROX,carrot,https://langcog.stanford.edu/expts/BLL/kiddraw-recognitionRatings/sketches/foot/foot_sketch_4_E1c_1510252568116.png,foot,foot_sketch_4_E1c_1510252568116.png,4,1510252568116.png,FALSE
3527,A1945USNZHTROX,carrot,https://langcog.stanford.edu/expts/BLL/kiddraw-recognitionRatings/sketches/foot/foot_sketch_5_E1c_1510258311547.png,foot,foot_sketch_5_E1c_1510258311547.png,5,1510258311547.png,FALSE
3528,A1945USNZHTROX,cup,https://langcog.stanford.edu/expts/BLL/kiddraw-recognitionRatings/sketches/cup/cup_sketch_9_E1c_1510689458884.png,cup,cup_sketch_9_E1c_1510689458884.png,9,1510689458884.png,TRUE
3529,A1945USNZHTROX,foot,https://langcog.stanford.edu/expts/BLL/kiddraw-recognitionRatings/sketches/foot/foot_sketch_6_E1c_1511292022297.png,foot,foot_sketch_6_E1c_1511292022297.png,6,1511292022297.png,TRUE
3530,A1945USNZHTROX,car,https://langcog.stanford.edu/expts/BLL/kiddraw-recognitionRatings/sketches/car/car_sketch_6_E1c_1510695588717.png,car,car_sketch_6_E1c_1510695588717.png,6,1510695588717.png,TRUE
3531,A1945USNZHTROX,cat,https://langcog.stanford.edu/expts/BLL/kiddraw-recognitionRatings/sketches/cat/cat_sketch_7_E1c_1510870100423.png,cat,cat_sketch_7_E1c_1510870100423.png,7,1510870100423.png,TRUE
3532,A1945USNZHTROX,train,https://langcog.stanford.edu/expts/BLL/kiddraw-recognitionRatings/sketches/train/train_sketch_6_E1c_1511292286803.png,train,train_sketch_6_E1c_1511292286803.png,6,1511292286803.png,TRUE
3533,A1945USNZHTROX,banana,https://langcog.stanford.edu/expts/BLL/kiddraw-recognitionRatings/sketches/banana/banana_sketch_6_E1c_1510782034963.png,banana,banana_sketch_6_E1c_1510782034963.png,6,1510782034963.png,TRUE
3534,A1945USNZHTROX,chair,https://langcog.stanford.edu/expts/BLL/kiddraw-recognitionRatings/sketches/shoe/shoe_sketch_8_E1c_1511300355318.png,shoe,shoe_sketch_8_E1c_1511300355318.png,8,1511300355318.png,FALSE
3535,A1945USNZHTROX,frog,https://langcog.stanford.edu/expts/BLL/kiddraw-recognitionRatings/sketches/frog/frog_sketch_10_E1c_1510684833991.png,frog,frog_sketch_10_E1c_1510684833991.png,10,1510684833991.png,TRUE
3536,A1945USNZHTROX,car,https://langcog.stanford.edu/expts/BLL/kiddraw-recognitionRatings/sketches/train/train_sketch_6_E1c_1511292022297.png,train,train_sketch_6_E1c_1511292022297.png,6,1511292022297.png,FALSE
3537,A1945USNZHTROX,cat,https://langcog.stanford.edu/expts/BLL/kiddraw-recognitionRatings/sketches/cat/cat_sketch_10_E1c_1511293452162.png,cat,cat_sketch_10_E1c_1511293452162.png,10,1511293452162.png,TRUE
3538,A1945USNZHTROX,foot,https://langcog.stanford.edu/expts/BLL/kiddraw-recognitionRatings/sketches/shoe/shoe_sketch_6_E1c_1511292022297.png,shoe,shoe_sketch_6_E1c_1511292022297.png,6,1511292022297.png,FALSE
3539,A1945USNZHTROX,car,https://langcog.stanford.edu/expts/BLL/kiddraw-recognitionRatings/sketches/couch/couch_sketch_10_E1c_1511301807087.png,couch,couch_sketch_10_E1c_1511301807087.png,10,1511301807087.png,FALSE
3540,A1945USNZHTROX,flower,https://langcog.stanford.edu/expts/BLL/kiddraw-recognitionRatings/sketches/flower/flower_sketch_9_E1c_1510689458884.png,flower,flower_sketch_9_E1c_1510689458884.png,9,1510689458884.png,TRUE
3541,A1945USNZHTROX,car,https://langcog.stanford.edu/expts/BLL/kiddraw-recognitionRatings/sketches/car/car_sketch_7_E1c_1511301009480.png,car,car_sketch_7_E1c_1511301009480.png,7,1511301009480.png,TRUE
3542,A1945USNZHTROX,flower,https://langcog.stanford.edu/expts/BLL/kiddraw-recognitionRatings/sketches/flower/flower_sketch_6_E1c_1510700570912.png,flower,flower_sketch_6_E1c_1510700570912.png,6,1510700570912.png,TRUE
3543,A1945USNZHTROX,carrot,https://langcog.stanford.edu/expts/BLL/kiddraw-recognitionRatings/sketches/flower/flower_sketch_7_E1c_1511301009480.png,flower,flower_sketch_7_E1c_1511301009480.png,7,1511301009480.png,FALSE
3544,A1945USNZHTROX,banana,https://langcog.stanford.edu/expts/BLL/kiddraw-recognitionRatings/sketches/banana/banana_sketch_6_E1c_1511292286803.png,banana,banana_sketch_6_E1c_1511292286803.png,6,1511292286803.png,TRUE
3545,A1945USNZHTROX,ice cream,https://langcog.stanford.edu/expts/BLL/kiddraw-recognitionRatings/sketches/carrot/carrot_sketch_8_E1c_1510254933095.png,carrot,carrot_sketch_8_E1c_1510254933095.png,8,1510254933095.png,FALSE
3546,A1945USNZHTROX,cup,https://langcog.stanford.edu/expts/BLL/kiddraw-recognitionRatings/sketches/cup/cup_sketch_10_E1c_1510255462419.png,cup,cup_sketch_10_E1c_1510255462419.png,10,1510255462419.png,TRUE
3547,A1945USNZHTROX,chair,https://langcog.stanford.edu/expts/BLL/kiddraw-recognitionRatings/sketches/chair/chair_sketch_6_E1c_1511292286803.png,chair,chair_sketch_6_E1c_1511292286803.png,6,1511292286803.png,TRUE
3548,A1945USNZHTROX,rabbit,https://langcog.stanford.edu/expts/BLL/kiddraw-recognitionRatings/sketches/rabbit/rabbit_sketch_6_E1c_1511292022297.png,rabbit,rabbit_sketch_6_E1c_1511292022297.png,6,1511292022297.png,TRUE
3549,A1945USNZHTROX,foot,https://langcog.stanford.edu/expts/BLL/kiddraw-recognitionRatings/sketches/foot/foot_sketch_10_E1c_1510684833991.png,foot,foot_sketch_10_E1c_1510684833991.png,10,1510684833991.png,TRUE
3550,A1945USNZHTROX,phone,https://langcog.stanford.edu/expts/BLL/kiddraw-recognitionRatings/sketches/phone/phone_sketch_6_E1c_1510783818788.png,phone,phone_sketch_6_E1c_1510783818788.png,6,1510783818788.png,TRUE
3551,A1945USNZHTROX,carrot,https://langcog.stanford.edu/expts/BLL/kiddraw-recognitionRatings/sketches/carrot/carrot_sketch_8_E1c_1511300850043.png,carrot,carrot_sketch_8_E1c_1511300850043.png,8,1511300850043.png,TRUE
3552,A1945USNZHTROX,cat,https://langcog.stanford.edu/expts/BLL/kiddraw-recognitionRatings/sketches/rabbit/rabbit_sketch_10_E1c_1510684833991.png,rabbit,rabbit_sketch_10_E1c_1510684833991.png,10,1510684833991.png,FALSE
3553,A1945USNZHTROX,rabbit,https://langcog.stanford.edu/expts/BLL/kiddraw-recognitionRatings/sketches/rabbit/rabbit_sketch_8_E1c_1510870628731.png,rabbit,rabbit_sketch_8_E1c_1510870628731.png,8,1510870628731.png,TRUE
3554,A1945USNZHTROX,carrot,https://langcog.stanford.edu/expts/BLL/kiddraw-recognitionRatings/sketches/carrot/carrot_sketch_7_E1c_1510870100423.png,carrot,carrot_sketch_7_E1c_1510870100423.png,7,1510870100423.png,TRUE
3555,A1945USNZHTROX,carrot,https://langcog.stanford.edu/expts/BLL/kiddraw-recognitionRatings/sketches/carrot/carrot_sketch_7_E1c_1511301634355.png,carrot,carrot_sketch_7_E1c_1511301634355.png,7,1511301634355.png,TRUE
3556,A1945USNZHTROX,cat,https://langcog.stanford.edu/expts/BLL/kiddraw-recognitionRatings/sketches/cat/cat_sketch_8_E1c_1511292658766.png,cat,cat_sketch_8_E1c_1511292658766.png,8,1511292658766.png,TRUE
3557,A1945USNZHTROX,foot,https://langcog.stanford.edu/expts/BLL/kiddraw-recognitionRatings/sketches/shoe/shoe_sketch_8_E1c_1510262448790.png,shoe,shoe_sketch_8_E1c_1510262448790.png,8,1510262448790.png,FALSE
3558,A1945USNZHTROX,carrot,https://langcog.stanford.edu/expts/BLL/kiddraw-recognitionRatings/sketches/carrot/carrot_sketch_8_E1c_1511293754661.png,carrot,carrot_sketch_8_E1c_1511293754661.png,8,1511293754661.png,TRUE
3559,A1945USNZHTROX,banana,https://langcog.stanford.edu/expts/BLL/kiddraw-recognitionRatings/sketches/banana/banana_sketch_10_E1c_1511293452162.png,banana,banana_sketch_10_E1c_1511293452162.png,10,1511293452162.png,TRUE
3560,A1945USNZHTROX,carrot,https://langcog.stanford.edu/expts/BLL/kiddraw-recognitionRatings/sketches/chair/chair_sketch_4_E1c_1510252568116.png,chair,chair_sketch_4_E1c_1510252568116.png,4,1510252568116.png,FALSE
3561,A1945USNZHTROX,rabbit,https://langcog.stanford.edu/expts/BLL/kiddraw-recognitionRatings/sketches/rabbit/rabbit_sketch_10_E1c_1511293452162.png,rabbit,rabbit_sketch_10_E1c_1511293452162.png,10,1511293452162.png,TRUE
3562,A1945USNZHTROX,foot,https://langcog.stanford.edu/expts/BLL/kiddraw-recognitionRatings/sketches/foot/foot_sketch_8_E1c_1510254933095.png,foot,foot_sketch_8_E1c_1510254933095.png,8,1510254933095.png,TRUE
3563,A1945USNZHTROX,cat,https://langcog.stanford.edu/expts/BLL/kiddraw-recognitionRatings/sketches/cat/cat_sketch_8_E1c_1511300355318.png,cat,cat_sketch_8_E1c_1511300355318.png,8,1511300355318.png,TRUE
3564,A1945USNZHTROX,carrot,https://langcog.stanford.edu/expts/BLL/kiddraw-recognitionRatings/sketches/carrot/carrot_sketch_10_E1c_1511293452162.png,carrot,carrot_sketch_10_E1c_1511293452162.png,10,1511293452162.png,TRUE
3565,A1945USNZHTROX,foot,https://langcog.stanford.edu/expts/BLL/kiddraw-recognitionRatings/sketches/foot/foot_sketch_6_E1c_1510782034963.png,foot,foot_sketch_6_E1c_1510782034963.png,6,1510782034963.png,TRUE
3566,A1945USNZHTROX,chair,https://langcog.stanford.edu/expts/BLL/kiddraw-recognitionRatings/sketches/chair/chair_sketch_8_E1c_1511293924452.png,chair,chair_sketch_8_E1c_1511293924452.png,8,1511293924452.png,TRUE
3567,A1945USNZHTROX,chair,https://langcog.stanford.edu/expts/BLL/kiddraw-recognitionRatings/sketches/frog/frog_sketch_5_E1c_1510258311547.png,frog,frog_sketch_5_E1c_1510258311547.png,5,1510258311547.png,FALSE
3568,A1945USNZHTROX,carrot,https://langcog.stanford.edu/expts/BLL/kiddraw-recognitionRatings/sketches/banana/banana_sketch_8_E1c_1510787010922.png,banana,banana_sketch_8_E1c_1510787010922.png,8,1510787010922.png,FALSE
3569,A1945USNZHTROX,rabbit,https://langcog.stanford.edu/expts/BLL/kiddraw-recognitionRatings/sketches/rabbit/rabbit_sketch_6_E1c_1511293092153.png,rabbit,rabbit_sketch_6_E1c_1511293092153.png,6,1511293092153.png,TRUE
3570,A1945USNZHTROX,banana,https://langcog.stanford.edu/expts/BLL/kiddraw-recognitionRatings/sketches/banana/banana_sketch_6_E1c_1511292022297.png,banana,banana_sketch_6_E1c_1511292022297.png,6,1511292022297.png,TRUE
3571,A1945USNZHTROX,car,https://langcog.stanford.edu/expts/BLL/kiddraw-recognitionRatings/sketches/couch/couch_sketch_8_E1c_1511293754661.png,couch,couch_sketch_8_E1c_1511293754661.png,8,1511293754661.png,FALSE
3572,A1945USNZHTROX,chair,https://langcog.stanford.edu/expts/BLL/kiddraw-recognitionRatings/sketches/chair/chair_sketch_7_E1c_1510783353272.png,chair,chair_sketch_7_E1c_1510783353272.png,7,1510783353272.png,TRUE
3573,A1945USNZHTROX,banana,https://langcog.stanford.edu/expts/BLL/kiddraw-recognitionRatings/sketches/banana/banana_sketch_10_E1c_1510684833991.png,banana,banana_sketch_10_E1c_1510684833991.png,10,1510684833991.png,TRUE
3574,A1945USNZHTROX,chair,https://langcog.stanford.edu/expts/BLL/kiddraw-recognitionRatings/sketches/chair/chair_sketch_10_E1c_1510684833991.png,chair,chair_sketch_10_E1c_1510684833991.png,10,1510684833991.png,TRUE
3575,A1945USNZHTROX,phone,https://langcog.stanford.edu/expts/BLL/kiddraw-recognitionRatings/sketches/phone/phone_sketch_10_E1c_1511293452162.png,phone,phone_sketch_10_E1c_1511293452162.png,10,1511293452162.png,TRUE
3576,A1945USNZHTROX,chair,https://langcog.stanford.edu/expts/BLL/kiddraw-recognitionRatings/sketches/boat/boat_sketch_5_E1c_1510786719020.png,boat,boat_sketch_5_E1c_1510786719020.png,5,1510786719020.png,FALSE
3577,A1945USNZHTROX,frog,https://langcog.stanford.edu/expts/BLL/kiddraw-recognitionRatings/sketches/frog/frog_sketch_8_E1c_1510262448790.png,frog,frog_sketch_8_E1c_1510262448790.png,8,1510262448790.png,TRUE
3578,A1945USNZHTROX,cat,https://langcog.stanford.edu/expts/BLL/kiddraw-recognitionRatings/sketches/cat/cat_sketch_10_E1c_1510783638074.png,cat,cat_sketch_10_E1c_1510783638074.png,10,1510783638074.png,TRUE
3579,A1945USNZHTROX,car,https://langcog.stanford.edu/expts/BLL/kiddraw-recognitionRatings/sketches/car/car_sketch_8_E1c_1511293754661.png,car,car_sketch_8_E1c_1511293754661.png,8,1511293754661.png,TRUE
3580,A1945USNZHTROX,ice cream,https://langcog.stanford.edu/expts/BLL/kiddraw-recognitionRatings/sketches/ice cream/ice cream_sketch_6_E1c_1510700570912.png,ice cream,ice cream_sketch_6_E1c_1510700570912.png,6,1510700570912.png,TRUE
3581,A1945USNZHTROX,ice cream,https://langcog.stanford.edu/expts/BLL/kiddraw-recognitionRatings/sketches/ice cream/ice cream_sketch_6_E1c_1510690510319.png,ice cream,ice cream_sketch_6_E1c_1510690510319.png,6,1510690510319.png,TRUE
3582,A1945USNZHTROX,boat,https://langcog.stanford.edu/expts/BLL/kiddraw-recognitionRatings/sketches/boat/boat_sketch_10_E1c_1510684833991.png,boat,boat_sketch_10_E1c_1510684833991.png,10,1510684833991.png,TRUE
3583,A1945USNZHTROX,cat,https://langcog.stanford.edu/expts/BLL/kiddraw-recognitionRatings/sketches/rabbit/rabbit_sketch_5_E1c_1510786719020.png,rabbit,rabbit_sketch_5_E1c_1510786719020.png,5,1510786719020.png,FALSE
3584,A1945USNZHTROX,train,https://langcog.stanford.edu/expts/BLL/kiddraw-recognitionRatings/sketches/train/train_sketch_6_E1c_1510690510319.png,train,train_sketch_6_E1c_1510690510319.png,6,1510690510319.png,TRUE
3585,A1945USNZHTROX,boat,https://langcog.stanford.edu/expts/BLL/kiddraw-recognitionRatings/sketches/boat/boat_sketch_8_E1c_1511293924452.png,boat,boat_sketch_8_E1c_1511293924452.png,8,1511293924452.png,TRUE
3586,A1945USNZHTROX,flower,https://langcog.stanford.edu/expts/BLL/kiddraw-recognitionRatings/sketches/flower/flower_sketch_8_E1c_1510787010922.png,flower,flower_sketch_8_E1c_1510787010922.png,8,1510787010922.png,TRUE
3587,A1945USNZHTROX,boat,https://langcog.stanford.edu/expts/BLL/kiddraw-recognitionRatings/sketches/boat/boat_sketch_8_E1c_1510870628731.png,boat,boat_sketch_8_E1c_1510870628731.png,8,1510870628731.png,TRUE
3588,A1945USNZHTROX,chair,https://langcog.stanford.edu/expts/BLL/kiddraw-recognitionRatings/sketches/shoe/shoe_sketch_8_E1c_1510787010922.png,shoe,shoe_sketch_8_E1c_1510787010922.png,8,1510787010922.png,FALSE
3589,A1945USNZHTROX,ice cream,https://langcog.stanford.edu/expts/BLL/kiddraw-recognitionRatings/sketches/ice cream/ice cream_sketch_8_E1c_1511293754661.png,ice cream,ice cream_sketch_8_E1c_1511293754661.png,8,1511293754661.png,TRUE
3590,A1945USNZHTROX,boat,https://langcog.stanford.edu/expts/BLL/kiddraw-recognitionRatings/sketches/boat/boat_sketch_8_E1c_1511292658766.png,boat,boat_sketch_8_E1c_1511292658766.png,8,1511292658766.png,TRUE
3591,A1945USNZHTROX,ice cream,https://langcog.stanford.edu/expts/BLL/kiddraw-recognitionRatings/sketches/ice cream/ice cream_sketch_5_E1c_1511301440421.png,ice cream,ice cream_sketch_5_E1c_1511301440421.png,5,1511301440421.png,TRUE
3592,A1945USNZHTROX,boat,https://langcog.stanford.edu/expts/BLL/kiddraw-recognitionRatings/sketches/boat/boat_sketch_6_E1c_1510695588717.png,boat,boat_sketch_6_E1c_1510695588717.png,6,1510695588717.png,TRUE
3593,A1945USNZHTROX,car,https://langcog.stanford.edu/expts/BLL/kiddraw-recognitionRatings/sketches/car/car_sketch_6_E1c_1510690510319.png,car,car_sketch_6_E1c_1510690510319.png,6,1510690510319.png,TRUE
3594,A1945USNZHTROX,shoe,https://langcog.stanford.edu/expts/BLL/kiddraw-recognitionRatings/sketches/shoe/shoe_sketch_8_E1c_1510254933095.png,shoe,shoe_sketch_8_E1c_1510254933095.png,8,1510254933095.png,TRUE
3595,A1945USNZHTROX,rabbit,https://langcog.stanford.edu/expts/BLL/kiddraw-recognitionRatings/sketches/rabbit/rabbit_sketch_7_E1c_1510870100423.png,rabbit,rabbit_sketch_7_E1c_1510870100423.png,7,1510870100423.png,TRUE
3596,A1945USNZHTROX,chair,https://langcog.stanford.edu/expts/BLL/kiddraw-recognitionRatings/sketches/ice cream/ice cream_sketch_8_E1c_1511300355318.png,ice cream,ice cream_sketch_8_E1c_1511300355318.png,8,1511300355318.png,FALSE
3597,A1945USNZHTROX,boat,https://langcog.stanford.edu/expts/BLL/kiddraw-recognitionRatings/sketches/shoe/shoe_sketch_7_E1c_1511301634355.png,shoe,shoe_sketch_7_E1c_1511301634355.png,7,1511301634355.png,FALSE
3598,A1945USNZHTROX,ice cream,https://langcog.stanford.edu/expts/BLL/kiddraw-recognitionRatings/sketches/ice cream/ice cream_sketch_5_E1c_1510870384576.png,ice cream,ice cream_sketch_5_E1c_1510870384576.png,5,1510870384576.png,TRUE
3599,A1945USNZHTROX,banana,https://langcog.stanford.edu/expts/BLL/kiddraw-recognitionRatings/sketches/banana/banana_sketch_8_E1c_1511292658766.png,banana,banana_sketch_8_E1c_1511292658766.png,8,1511292658766.png,TRUE
3600,A1945USNZHTROX,boat,https://langcog.stanford.edu/expts/BLL/kiddraw-recognitionRatings/sketches/shoe/shoe_sketch_6_E1c_1511292286803.png,shoe,shoe_sketch_6_E1c_1511292286803.png,6,1511292286803.png,FALSE
3601,A1945USNZHTROX,ice cream,https://langcog.stanford.edu/expts/BLL/kiddraw-recognitionRatings/sketches/carrot/carrot_sketch_5_E1c_1511301440421.png,carrot,carrot_sketch_5_E1c_1511301440421.png,5,1511301440421.png,FALSE
3602,A1945USNZHTROX,train,https://langcog.stanford.edu/expts/BLL/kiddraw-recognitionRatings/sketches/train/train_sketch_6_E1c_1510700570912.png,train,train_sketch_6_E1c_1510700570912.png,6,1510700570912.png,TRUE
3603,A1945USNZHTROX,phone,https://langcog.stanford.edu/expts/BLL/kiddraw-recognitionRatings/sketches/phone/phone_sketch_8_E1c_1510254933095.png,phone,phone_sketch_8_E1c_1510254933095.png,8,1510254933095.png,TRUE
3604,A1945USNZHTROX,foot,https://langcog.stanford.edu/expts/BLL/kiddraw-recognitionRatings/sketches/shoe/shoe_sketch_5_E1c_1510786719020.png,shoe,shoe_sketch_5_E1c_1510786719020.png,5,1510786719020.png,FALSE
3605,A1945USNZHTROX,car,https://langcog.stanford.edu/expts/BLL/kiddraw-recognitionRatings/sketches/couch/couch_sketch_10_E1c_1510684833991.png,couch,couch_sketch_10_E1c_1510684833991.png,10,1510684833991.png,FALSE
3606,A1945USNZHTROX,ice cream,https://langcog.stanford.edu/expts/BLL/kiddraw-recognitionRatings/sketches/ice cream/ice cream_sketch_10_E1c_1510684833991.png,ice cream,ice cream_sketch_10_E1c_1510684833991.png,10,1510684833991.png,TRUE
3607,A1945USNZHTROX,train,https://langcog.stanford.edu/expts/BLL/kiddraw-recognitionRatings/sketches/train/train_sketch_10_E1c_1511301807087.png,train,train_sketch_10_E1c_1511301807087.png,10,1511301807087.png,TRUE
3608,A1945USNZHTROX,foot,https://langcog.stanford.edu/expts/BLL/kiddraw-recognitionRatings/sketches/foot/foot_sketch_8_E1c_1510690264523.png,foot,foot_sketch_8_E1c_1510690264523.png,8,1510690264523.png,TRUE
3609,A1945USNZHTROX,phone,https://langcog.stanford.edu/expts/BLL/kiddraw-recognitionRatings/sketches/phone/phone_sketch_7_E1c_1510870100423.png,phone,phone_sketch_7_E1c_1510870100423.png,7,1510870100423.png,TRUE
3610,A1945USNZHTROX,ice cream,https://langcog.stanford.edu/expts/BLL/kiddraw-recognitionRatings/sketches/ice cream/ice cream_sketch_8_E1c_1510254933095.png,ice cream,ice cream_sketch_8_E1c_1510254933095.png,8,1510254933095.png,TRUE
3611,A1945USNZHTROX,banana,https://langcog.stanford.edu/expts/BLL/kiddraw-recognitionRatings/sketches/banana/banana_sketch_6_E1c_1511293092153.png,banana,banana_sketch_6_E1c_1511293092153.png,6,1511293092153.png,TRUE
3612,A1945USNZHTROX,ice cream,https://langcog.stanford.edu/expts/BLL/kiddraw-recognitionRatings/sketches/ice cream/ice cream_sketch_6_E1c_1511292286803.png,ice cream,ice cream_sketch_6_E1c_1511292286803.png,6,1511292286803.png,TRUE
3613,A1945USNZHTROX,foot,https://langcog.stanford.edu/expts/BLL/kiddraw-recognitionRatings/sketches/foot/foot_sketch_8_E1c_1510787010922.png,foot,foot_sketch_8_E1c_1510787010922.png,8,1510787010922.png,TRUE
3614,A1945USNZHTROX,train,https://langcog.stanford.edu/expts/BLL/kiddraw-recognitionRatings/sketches/train/train_sketch_5_E1c_1510870384576.png,train,train_sketch_5_E1c_1510870384576.png,5,1510870384576.png,TRUE
3615,A1945USNZHTROX,foot,https://langcog.stanford.edu/expts/BLL/kiddraw-recognitionRatings/sketches/foot/foot_sketch_8_E1c_1510262448790.png,foot,foot_sketch_8_E1c_1510262448790.png,8,1510262448790.png,TRUE
3616,A1945USNZHTROX,ice cream,https://langcog.stanford.edu/expts/BLL/kiddraw-recognitionRatings/sketches/ice cream/ice cream_sketch_7_E1c_1511301634355.png,ice cream,ice cream_sketch_7_E1c_1511301634355.png,7,1511301634355.png,TRUE
3617,A1945USNZHTROX,cat,https://langcog.stanford.edu/expts/BLL/kiddraw-recognitionRatings/sketches/cat/cat_sketch_7_E1c_1511301634355.png,cat,cat_sketch_7_E1c_1511301634355.png,7,1511301634355.png,TRUE
3618,A1945USNZHTROX,cat,https://langcog.stanford.edu/expts/BLL/kiddraw-recognitionRatings/sketches/cat/cat_sketch_8_E1c_1511300850043.png,cat,cat_sketch_8_E1c_1511300850043.png,8,1511300850043.png,TRUE
3619,A1945USNZHTROX,cat,https://langcog.stanford.edu/expts/BLL/kiddraw-recognitionRatings/sketches/rabbit/rabbit_sketch_5_E1c_1510256904834.png,rabbit,rabbit_sketch_5_E1c_1510256904834.png,5,1510256904834.png,FALSE
3620,A1945USNZHTROX,foot,https://langcog.stanford.edu/expts/BLL/kiddraw-recognitionRatings/sketches/foot/foot_sketch_5_E1c_1510256904834.png,foot,foot_sketch_5_E1c_1510256904834.png,5,1510256904834.png,TRUE
3621,A1945USNZHTROX,boat,https://langcog.stanford.edu/expts/BLL/kiddraw-recognitionRatings/sketches/boat/boat_sketch_6_E1c_1510700570912.png,boat,boat_sketch_6_E1c_1510700570912.png,6,1510700570912.png,TRUE
3622,A1945USNZHTROX,car,https://langcog.stanford.edu/expts/BLL/kiddraw-recognitionRatings/sketches/couch/couch_sketch_8_E1c_1510254933095.png,couch,couch_sketch_8_E1c_1510254933095.png,8,1510254933095.png,FALSE
3623,A1945USNZHTROX,car,https://langcog.stanford.edu/expts/BLL/kiddraw-recognitionRatings/sketches/car/car_sketch_8_E1c_1510787010922.png,car,car_sketch_8_E1c_1510787010922.png,8,1510787010922.png,TRUE
3624,A1945USNZHTROX,train,https://langcog.stanford.edu/expts/BLL/kiddraw-recognitionRatings/sketches/train/train_sketch_6_E1c_1510782034963.png,train,train_sketch_6_E1c_1510782034963.png,6,1510782034963.png,TRUE
3625,A1945USNZHTROX,boat,https://langcog.stanford.edu/expts/BLL/kiddraw-recognitionRatings/sketches/boat/boat_sketch_5_E1c_1510258311547.png,boat,boat_sketch_5_E1c_1510258311547.png,5,1510258311547.png,TRUE
3626,A1945USNZHTROX,phone,https://langcog.stanford.edu/expts/BLL/kiddraw-recognitionRatings/sketches/phone/phone_sketch_10_E1c_1510783638074.png,phone,phone_sketch_10_E1c_1510783638074.png,10,1510783638074.png,TRUE
3627,A1945USNZHTROX,foot,https://langcog.stanford.edu/expts/BLL/kiddraw-recognitionRatings/sketches/banana/banana_sketch_8_E1c_1511300355318.png,banana,banana_sketch_8_E1c_1511300355318.png,8,1511300355318.png,FALSE
3628,A1945USNZHTROX,cat,https://langcog.stanford.edu/expts/BLL/kiddraw-recognitionRatings/sketches/cat/cat_sketch_8_E1c_1511293924452.png,cat,cat_sketch_8_E1c_1511293924452.png,8,1511293924452.png,TRUE
3629,A1945USNZHTROX,ice cream,https://langcog.stanford.edu/expts/BLL/kiddraw-recognitionRatings/sketches/ice cream/ice cream_sketch_10_E1c_1510783638074.png,ice cream,ice cream_sketch_10_E1c_1510783638074.png,10,1510783638074.png,TRUE
3630,A1945USNZHTROX,cup,https://langcog.stanford.edu/expts/BLL/kiddraw-recognitionRatings/sketches/cup/cup_sketch_10_E1c_1510684833991.png,cup,cup_sketch_10_E1c_1510684833991.png,10,1510684833991.png,TRUE
3631,A1945USNZHTROX,carrot,https://langcog.stanford.edu/expts/BLL/kiddraw-recognitionRatings/sketches/carrot/carrot_sketch_10_E1c_1510255462419.png,carrot,carrot_sketch_10_E1c_1510255462419.png,10,1510255462419.png,TRUE
3632,A1945USNZHTROX,phone,https://langcog.stanford.edu/expts/BLL/kiddraw-recognitionRatings/sketches/cup/cup_sketch_6_E1c_1510690510319.png,cup,cup_sketch_6_E1c_1510690510319.png,6,1510690510319.png,FALSE
3633,A1945USNZHTROX,chair,https://langcog.stanford.edu/expts/BLL/kiddraw-recognitionRatings/sketches/couch/couch_sketch_8_E1c_1511300355318.png,couch,couch_sketch_8_E1c_1511300355318.png,8,1511300355318.png,FALSE
3634,A1945USNZHTROX,flower,https://langcog.stanford.edu/expts/BLL/kiddraw-recognitionRatings/sketches/flower/flower_sketch_5_E1c_1510786719020.png,flower,flower_sketch_5_E1c_1510786719020.png,5,1510786719020.png,TRUE
3635,A1945USNZHTROX,cup,https://langcog.stanford.edu/expts/BLL/kiddraw-recognitionRatings/sketches/cup/cup_sketch_7_E1c_1511301634355.png,cup,cup_sketch_7_E1c_1511301634355.png,7,1511301634355.png,TRUE
3636,A1945USNZHTROX,cat,https://langcog.stanford.edu/expts/BLL/kiddraw-recognitionRatings/sketches/cat/cat_sketch_8_E1c_1510690264523.png,cat,cat_sketch_8_E1c_1510690264523.png,8,1510690264523.png,TRUE
3637,A1945USNZHTROX,car,https://langcog.stanford.edu/expts/BLL/kiddraw-recognitionRatings/sketches/car/car_sketch_6_E1c_1510253415559.png,car,car_sketch_6_E1c_1510253415559.png,6,1510253415559.png,TRUE
3638,A1945USNZHTROX,chair,https://langcog.stanford.edu/expts/BLL/kiddraw-recognitionRatings/sketches/chair/chair_sketch_6_E1c_1511293092153.png,chair,chair_sketch_6_E1c_1511293092153.png,6,1511293092153.png,TRUE
3639,A1945USNZHTROX,car,https://langcog.stanford.edu/expts/BLL/kiddraw-recognitionRatings/sketches/car/car_sketch_6_E1c_1511293092153.png,car,car_sketch_6_E1c_1511293092153.png,6,1511293092153.png,TRUE
3640,A1945USNZHTROX,train,https://langcog.stanford.edu/expts/BLL/kiddraw-recognitionRatings/sketches/train/train_sketch_7_E1c_1510870100423.png,train,train_sketch_7_E1c_1510870100423.png,7,1510870100423.png,TRUE
3641,A1945USNZHTROX,ice cream,https://langcog.stanford.edu/expts/BLL/kiddraw-recognitionRatings/sketches/flower/flower_sketch_5_E1c_1510253748384.png,flower,flower_sketch_5_E1c_1510253748384.png,5,1510253748384.png,FALSE
3642,A1945USNZHTROX,chair,https://langcog.stanford.edu/expts/BLL/kiddraw-recognitionRatings/sketches/chair/chair_sketch_8_E1c_1510690264523.png,chair,chair_sketch_8_E1c_1510690264523.png,8,1510690264523.png,TRUE
3643,A1945USNZHTROX,foot,https://langcog.stanford.edu/expts/BLL/kiddraw-recognitionRatings/sketches/shoe/shoe_sketch_5_E1c_1510256904834.png,shoe,shoe_sketch_5_E1c_1510256904834.png,5,1510256904834.png,FALSE
3644,A1945USNZHTROX,boat,https://langcog.stanford.edu/expts/BLL/kiddraw-recognitionRatings/sketches/car/car_sketch_4_E1c_1510263067113.png,car,car_sketch_4_E1c_1510263067113.png,4,1510263067113.png,FALSE
3645,A1945USNZHTROX,cat,https://langcog.stanford.edu/expts/BLL/kiddraw-recognitionRatings/sketches/rabbit/rabbit_sketch_6_E1c_1510783818788.png,rabbit,rabbit_sketch_6_E1c_1510783818788.png,6,1510783818788.png,FALSE
3646,A1945USNZHTROX,boat,https://langcog.stanford.edu/expts/BLL/kiddraw-recognitionRatings/sketches/rabbit/rabbit_sketch_4_E1c_1510263067113.png,rabbit,rabbit_sketch_4_E1c_1510263067113.png,4,1510263067113.png,FALSE
3647,A1945USNZHTROX,cat,https://langcog.stanford.edu/expts/BLL/kiddraw-recognitionRatings/sketches/cat/cat_sketch_7_E1c_1510263944688.png,cat,cat_sketch_7_E1c_1510263944688.png,7,1510263944688.png,TRUE
3648,A1945USNZHTROX,chair,https://langcog.stanford.edu/expts/BLL/kiddraw-recognitionRatings/sketches/frog/frog_sketch_5_E1c_1510256904834.png,frog,frog_sketch_5_E1c_1510256904834.png,5,1510256904834.png,FALSE
3649,A1945USNZHTROX,frog,https://langcog.stanford.edu/expts/BLL/kiddraw-recognitionRatings/sketches/frog/frog_sketch_8_E1c_1511293754661.png,frog,frog_sketch_8_E1c_1511293754661.png,8,1511293754661.png,TRUE
3650,A1945USNZHTROX,boat,https://langcog.stanford.edu/expts/BLL/kiddraw-recognitionRatings/sketches/boat/boat_sketch_7_E1c_1511301009480.png,boat,boat_sketch_7_E1c_1511301009480.png,7,1511301009480.png,TRUE
3651,A1945USNZHTROX,car,https://langcog.stanford.edu/expts/BLL/kiddraw-recognitionRatings/sketches/train/train_sketch_5_E1c_1510786719020.png,train,train_sketch_5_E1c_1510786719020.png,5,1510786719020.png,FALSE
3652,A1945USNZHTROX,banana,https://langcog.stanford.edu/expts/BLL/kiddraw-recognitionRatings/sketches/banana/banana_sketch_8_E1c_1510254933095.png,banana,banana_sketch_8_E1c_1510254933095.png,8,1510254933095.png,TRUE
3653,A1945USNZHTROX,car,https://langcog.stanford.edu/expts/BLL/kiddraw-recognitionRatings/sketches/train/train_sketch_8_E1c_1511300355318.png,train,train_sketch_8_E1c_1511300355318.png,8,1511300355318.png,FALSE
3654,A1945USNZHTROX,chair,https://langcog.stanford.edu/expts/BLL/kiddraw-recognitionRatings/sketches/couch/couch_sketch_5_E1c_1510256904834.png,couch,couch_sketch_5_E1c_1510256904834.png,5,1510256904834.png,FALSE
3655,A1945USNZHTROX,car,https://langcog.stanford.edu/expts/BLL/kiddraw-recognitionRatings/sketches/train/train_sketch_7_E1c_1510263944688.png,train,train_sketch_7_E1c_1510263944688.png,7,1510263944688.png,FALSE
3656,A1945USNZHTROX,phone,https://langcog.stanford.edu/expts/BLL/kiddraw-recognitionRatings/sketches/phone/phone_sketch_7_E1c_1511301634355.png,phone,phone_sketch_7_E1c_1511301634355.png,7,1511301634355.png,TRUE
3657,A1945USNZHTROX,phone,https://langcog.stanford.edu/expts/BLL/kiddraw-recognitionRatings/sketches/phone/phone_sketch_10_E1c_1510684833991.png,phone,phone_sketch_10_E1c_1510684833991.png,10,1510684833991.png,TRUE
3658,A1945USNZHTROX,phone,https://langcog.stanford.edu/expts/BLL/kiddraw-recognitionRatings/sketches/phone/phone_sketch_6_E1c_1510782034963.png,phone,phone_sketch_6_E1c_1510782034963.png,6,1510782034963.png,TRUE
3659,A1945USNZHTROX,cup,https://langcog.stanford.edu/expts/BLL/kiddraw-recognitionRatings/sketches/cup/cup_sketch_10_E1c_1511293452162.png,cup,cup_sketch_10_E1c_1511293452162.png,10,1511293452162.png,TRUE
3660,A1945USNZHTROX,train,https://langcog.stanford.edu/expts/BLL/kiddraw-recognitionRatings/sketches/train/train_sketch_10_E1c_1510684833991.png,train,train_sketch_10_E1c_1510684833991.png,10,1510684833991.png,TRUE
3661,A1945USNZHTROX,frog,https://langcog.stanford.edu/expts/BLL/kiddraw-recognitionRatings/sketches/frog/frog_sketch_10_E1c_1511293452162.png,frog,frog_sketch_10_E1c_1511293452162.png,10,1511293452162.png,TRUE
3662,A1945USNZHTROX,chair,https://langcog.stanford.edu/expts/BLL/kiddraw-recognitionRatings/sketches/train/train_sketch_4_E1c_1510268275436.png,train,train_sketch_4_E1c_1510268275436.png,4,1510268275436.png,FALSE
3663,A1945USNZHTROX,cat,https://langcog.stanford.edu/expts/BLL/kiddraw-recognitionRatings/sketches/cat/cat_sketch_8_E1c_1510254933095.png,cat,cat_sketch_8_E1c_1510254933095.png,8,1510254933095.png,TRUE
3664,A1945USNZHTROX,flower,https://langcog.stanford.edu/expts/BLL/kiddraw-recognitionRatings/sketches/flower/flower_sketch_10_E1c_1510684833991.png,flower,flower_sketch_10_E1c_1510684833991.png,10,1510684833991.png,TRUE
3665,A1945USNZHTROX,boat,https://langcog.stanford.edu/expts/BLL/kiddraw-recognitionRatings/sketches/boat/boat_sketch_4_E1c_1510263067113.png,boat,boat_sketch_4_E1c_1510263067113.png,4,1510263067113.png,TRUE
3666,A1945USNZHTROX,train,https://langcog.stanford.edu/expts/BLL/kiddraw-recognitionRatings/sketches/train/train_sketch_6_E1c_1510783818788.png,train,train_sketch_6_E1c_1510783818788.png,6,1510783818788.png,TRUE
3667,A1945USNZHTROX,cup,https://langcog.stanford.edu/expts/BLL/kiddraw-recognitionRatings/sketches/cup/cup_sketch_8_E1c_1511293924452.png,cup,cup_sketch_8_E1c_1511293924452.png,8,1511293924452.png,TRUE
3668,A1945USNZHTROX,cat,https://langcog.stanford.edu/expts/BLL/kiddraw-recognitionRatings/sketches/frog/frog_sketch_8_E1c_1510870628731.png,frog,frog_sketch_8_E1c_1510870628731.png,8,1510870628731.png,FALSE
3669,A1945USNZHTROX,flower,https://langcog.stanford.edu/expts/BLL/kiddraw-recognitionRatings/sketches/flower/flower_sketch_8_E1c_1510262448790.png,flower,flower_sketch_8_E1c_1510262448790.png,8,1510262448790.png,TRUE
3670,A1945USNZHTROX,frog,https://langcog.stanford.edu/expts/BLL/kiddraw-recognitionRatings/sketches/frog/frog_sketch_8_E1c_1511293924452.png,frog,frog_sketch_8_E1c_1511293924452.png,8,1511293924452.png,TRUE
3671,A1945USNZHTROX,cup,https://langcog.stanford.edu/expts/BLL/kiddraw-recognitionRatings/sketches/cup/cup_sketch_8_E1c_1511300355318.png,cup,cup_sketch_8_E1c_1511300355318.png,8,1511300355318.png,TRUE
3672,A1945USNZHTROX,ice cream,https://langcog.stanford.edu/expts/BLL/kiddraw-recognitionRatings/sketches/ice cream/ice cream_sketch_8_E1c_1511300850043.png,ice cream,ice cream_sketch_8_E1c_1511300850043.png,8,1511300850043.png,TRUE
3673,A1945USNZHTROX,cat,https://langcog.stanford.edu/expts/BLL/kiddraw-recognitionRatings/sketches/frog/frog_sketch_10_E1c_1510255462419.png,frog,frog_sketch_10_E1c_1510255462419.png,10,1510255462419.png,FALSE
3674,A1945USNZHTROX,chair,https://langcog.stanford.edu/expts/BLL/kiddraw-recognitionRatings/sketches/chair/chair_sketch_8_E1c_1510870628731.png,chair,chair_sketch_8_E1c_1510870628731.png,8,1510870628731.png,TRUE
3675,A1945USNZHTROX,foot,https://langcog.stanford.edu/expts/BLL/kiddraw-recognitionRatings/sketches/couch/couch_sketch_8_E1c_1510870628731.png,couch,couch_sketch_8_E1c_1510870628731.png,8,1510870628731.png,FALSE
3676,A1945USNZHTROX,foot,https://langcog.stanford.edu/expts/BLL/kiddraw-recognitionRatings/sketches/foot/foot_sketch_6_E1c_1511292286803.png,foot,foot_sketch_6_E1c_1511292286803.png,6,1511292286803.png,TRUE
3677,A1945USNZHTROX,ice cream,https://langcog.stanford.edu/expts/BLL/kiddraw-recognitionRatings/sketches/ice cream/ice cream_sketch_4_E1c_1510691847400.png,ice cream,ice cream_sketch_4_E1c_1510691847400.png,4,1510691847400.png,TRUE
3678,A1945USNZHTROX,foot,https://langcog.stanford.edu/expts/BLL/kiddraw-recognitionRatings/sketches/shoe/shoe_sketch_6_E1c_1510700570912.png,shoe,shoe_sketch_6_E1c_1510700570912.png,6,1510700570912.png,FALSE
3679,A1945USNZHTROX,rabbit,https://langcog.stanford.edu/expts/BLL/kiddraw-recognitionRatings/sketches/rabbit/rabbit_sketch_8_E1c_1510690264523.png,rabbit,rabbit_sketch_8_E1c_1510690264523.png,8,1510690264523.png,TRUE
3680,A1945USNZHTROX,flower,https://langcog.stanford.edu/expts/BLL/kiddraw-recognitionRatings/sketches/flower/flower_sketch_8_E1c_1511300850043.png,flower,flower_sketch_8_E1c_1511300850043.png,8,1511300850043.png,TRUE
3681,A1945USNZHTROX,chair,https://langcog.stanford.edu/expts/BLL/kiddraw-recognitionRatings/sketches/chair/chair_sketch_6_E1c_1510690510319.png,chair,chair_sketch_6_E1c_1510690510319.png,6,1510690510319.png,TRUE
3682,A1945USNZHTROX,phone,https://langcog.stanford.edu/expts/BLL/kiddraw-recognitionRatings/sketches/phone/phone_sketch_8_E1c_1510870628731.png,phone,phone_sketch_8_E1c_1510870628731.png,8,1510870628731.png,TRUE
3683,A1945USNZHTROX,carrot,https://langcog.stanford.edu/expts/BLL/kiddraw-recognitionRatings/sketches/carrot/carrot_sketch_5_E1c_1510786719020.png,carrot,carrot_sketch_5_E1c_1510786719020.png,5,1510786719020.png,TRUE
3684,A1945USNZHTROX,ice cream,https://langcog.stanford.edu/expts/BLL/kiddraw-recognitionRatings/sketches/chair/chair_sketch_4_E1c_1510268275436.png,chair,chair_sketch_4_E1c_1510268275436.png,4,1510268275436.png,FALSE
3685,A1945USNZHTROX,carrot,https://langcog.stanford.edu/expts/BLL/kiddraw-recognitionRatings/sketches/carrot/carrot_sketch_7_E1c_1510263944688.png,carrot,carrot_sketch_7_E1c_1510263944688.png,7,1510263944688.png,TRUE
3686,A1945USNZHTROX,flower,https://langcog.stanford.edu/expts/BLL/kiddraw-recognitionRatings/sketches/flower/flower_sketch_8_E1c_1511300355318.png,flower,flower_sketch_8_E1c_1511300355318.png,8,1511300355318.png,TRUE
3687,A1945USNZHTROX,chair,https://langcog.stanford.edu/expts/BLL/kiddraw-recognitionRatings/sketches/chair/chair_sketch_5_E1c_1510253748384.png,chair,chair_sketch_5_E1c_1510253748384.png,5,1510253748384.png,TRUE
3688,A1945USNZHTROX,cup,https://langcog.stanford.edu/expts/BLL/kiddraw-recognitionRatings/sketches/cup/cup_sketch_8_E1c_1510870628731.png,cup,cup_sketch_8_E1c_1510870628731.png,8,1510870628731.png,TRUE
3689,A1945USNZHTROX,chair,https://langcog.stanford.edu/expts/BLL/kiddraw-recognitionRatings/sketches/chair/chair_sketch_8_E1c_1510787010922.png,chair,chair_sketch_8_E1c_1510787010922.png,8,1510787010922.png,TRUE
3690,A1945USNZHTROX,cup,https://langcog.stanford.edu/expts/BLL/kiddraw-recognitionRatings/sketches/cup/cup_sketch_8_E1c_1510690264523.png,cup,cup_sketch_8_E1c_1510690264523.png,8,1510690264523.png,TRUE
3691,A1945USNZHTROX,chair,https://langcog.stanford.edu/expts/BLL/kiddraw-recognitionRatings/sketches/couch/couch_sketch_6_E1c_1511292022297.png,couch,couch_sketch_6_E1c_1511292022297.png,6,1511292022297.png,FALSE
3692,A1945USNZHTROX,train,https://langcog.stanford.edu/expts/BLL/kiddraw-recognitionRatings/sketches/train/train_sketch_9_E1c_1510689458884.png,train,train_sketch_9_E1c_1510689458884.png,9,1510689458884.png,TRUE
3693,A1945USNZHTROX,banana,https://langcog.stanford.edu/expts/BLL/kiddraw-recognitionRatings/sketches/banana/banana_sketch_8_E1c_1510870628731.png,banana,banana_sketch_8_E1c_1510870628731.png,8,1510870628731.png,TRUE
3694,A1945USNZHTROX,carrot,https://langcog.stanford.edu/expts/BLL/kiddraw-recognitionRatings/sketches/ice cream/ice cream_sketch_8_E1c_1510787010922.png,ice cream,ice cream_sketch_8_E1c_1510787010922.png,8,1510787010922.png,FALSE
3695,A1945USNZHTROX,flower,https://langcog.stanford.edu/expts/BLL/kiddraw-recognitionRatings/sketches/flower/flower_sketch_4_E1c_1510691847400.png,flower,flower_sketch_4_E1c_1510691847400.png,4,1510691847400.png,TRUE
3696,A1945USNZHTROX,chair,https://langcog.stanford.edu/expts/BLL/kiddraw-recognitionRatings/sketches/chair/chair_sketch_7_E1c_1510870100423.png,chair,chair_sketch_7_E1c_1510870100423.png,7,1510870100423.png,TRUE
3697,A1945USNZHTROX,foot,https://langcog.stanford.edu/expts/BLL/kiddraw-recognitionRatings/sketches/shoe/shoe_sketch_10_E1c_1511301807087.png,shoe,shoe_sketch_10_E1c_1511301807087.png,10,1511301807087.png,FALSE
3698,A1945USNZHTROX,boat,https://langcog.stanford.edu/expts/BLL/kiddraw-recognitionRatings/sketches/boat/boat_sketch_8_E1c_1511300355318.png,boat,boat_sketch_8_E1c_1511300355318.png,8,1511300355318.png,TRUE
3699,A1945USNZHTROX,frog,https://langcog.stanford.edu/expts/BLL/kiddraw-recognitionRatings/sketches/frog/frog_sketch_6_E1c_1510700570912.png,frog,frog_sketch_6_E1c_1510700570912.png,6,1510700570912.png,TRUE
3700,A1945USNZHTROX,boat,https://langcog.stanford.edu/expts/BLL/kiddraw-recognitionRatings/sketches/cup/cup_sketch_5_E1c_1510870384576.png,cup,cup_sketch_5_E1c_1510870384576.png,5,1510870384576.png,FALSE
3701,A1945USNZHTROX,rabbit,https://langcog.stanford.edu/expts/BLL/kiddraw-recognitionRatings/sketches/rabbit/rabbit_sketch_8_E1c_1511293924452.png,rabbit,rabbit_sketch_8_E1c_1511293924452.png,8,1511293924452.png,TRUE
3702,A1945USNZHTROX,foot,https://langcog.stanford.edu/expts/BLL/kiddraw-recognitionRatings/sketches/shoe/shoe_sketch_8_E1c_1510870628731.png,shoe,shoe_sketch_8_E1c_1510870628731.png,8,1510870628731.png,FALSE
3703,A1945USNZHTROX,couch,https://langcog.stanford.edu/expts/BLL/kiddraw-recognitionRatings/sketches/couch/couch_sketch_7_E1c_1511301634355.png,couch,couch_sketch_7_E1c_1511301634355.png,7,1511301634355.png,TRUE
3704,A1945USNZHTROX,flower,https://langcog.stanford.edu/expts/BLL/kiddraw-recognitionRatings/sketches/flower/flower_sketch_10_E1c_1511293452162.png,flower,flower_sketch_10_E1c_1511293452162.png,10,1511293452162.png,TRUE
3705,A1945USNZHTROX,chair,https://langcog.stanford.edu/expts/BLL/kiddraw-recognitionRatings/sketches/train/train_sketch_5_E1c_1510258311547.png,train,train_sketch_5_E1c_1510258311547.png,5,1510258311547.png,FALSE
3706,A1945USNZHTROX,boat,https://langcog.stanford.edu/expts/BLL/kiddraw-recognitionRatings/sketches/couch/couch_sketch_8_E1c_1510787010922.png,couch,couch_sketch_8_E1c_1510787010922.png,8,1510787010922.png,FALSE
3707,A1945USNZHTROX,chair,https://langcog.stanford.edu/expts/BLL/kiddraw-recognitionRatings/sketches/cup/cup_sketch_4_E1c_1510691847400.png,cup,cup_sketch_4_E1c_1510691847400.png,4,1510691847400.png,FALSE
3708,A1945USNZHTROX,carrot,https://langcog.stanford.edu/expts/BLL/kiddraw-recognitionRatings/sketches/carrot/carrot_sketch_6_E1c_1510695588717.png,carrot,carrot_sketch_6_E1c_1510695588717.png,6,1510695588717.png,TRUE
3709,A1945USNZHTROX,couch,https://langcog.stanford.edu/expts/BLL/kiddraw-recognitionRatings/sketches/couch/couch_sketch_6_E1c_1511293092153.png,couch,couch_sketch_6_E1c_1511293092153.png,6,1511293092153.png,TRUE
3710,A1945USNZHTROX,flower,https://langcog.stanford.edu/expts/BLL/kiddraw-recognitionRatings/sketches/flower/flower_sketch_10_E1c_1510783638074.png,flower,flower_sketch_10_E1c_1510783638074.png,10,1510783638074.png,TRUE
3711,A1945USNZHTROX,rabbit,https://langcog.stanford.edu/expts/BLL/kiddraw-recognitionRatings/sketches/shoe/shoe_sketch_5_E1c_1510870384576.png,shoe,shoe_sketch_5_E1c_1510870384576.png,5,1510870384576.png,FALSE
3712,A1945USNZHTROX,cat,https://langcog.stanford.edu/expts/BLL/kiddraw-recognitionRatings/sketches/phone/phone_sketch_5_E1c_1511301440421.png,phone,phone_sketch_5_E1c_1511301440421.png,5,1511301440421.png,FALSE
3713,A1945USNZHTROX,car,https://langcog.stanford.edu/expts/BLL/kiddraw-recognitionRatings/sketches/car/car_sketch_10_E1c_1510684833991.png,car,car_sketch_10_E1c_1510684833991.png,10,1510684833991.png,TRUE
3714,A1945USNZHTROX,couch,https://langcog.stanford.edu/expts/BLL/kiddraw-recognitionRatings/sketches/boat/boat_sketch_5_E1c_1510253748384.png,boat,boat_sketch_5_E1c_1510253748384.png,5,1510253748384.png,FALSE
3715,A1945USNZHTROX,car,https://langcog.stanford.edu/expts/BLL/kiddraw-recognitionRatings/sketches/car/car_sketch_6_E1c_1511292022297.png,car,car_sketch_6_E1c_1511292022297.png,6,1511292022297.png,TRUE
3716,A1945USNZHTROX,chair,https://langcog.stanford.edu/expts/BLL/kiddraw-recognitionRatings/sketches/banana/banana_sketch_5_E1c_1511301440421.png,banana,banana_sketch_5_E1c_1511301440421.png,5,1511301440421.png,FALSE
3717,A1945USNZHTROX,frog,https://langcog.stanford.edu/expts/BLL/kiddraw-recognitionRatings/sketches/frog/frog_sketch_6_E1c_1510782034963.png,frog,frog_sketch_6_E1c_1510782034963.png,6,1510782034963.png,TRUE
3718,A1945USNZHTROX,car,https://langcog.stanford.edu/expts/BLL/kiddraw-recognitionRatings/sketches/train/train_sketch_6_E1c_1511293092153.png,train,train_sketch_6_E1c_1511293092153.png,6,1511293092153.png,FALSE
3719,AA4KKLIU4C3NY,carrot,https://langcog.stanford.edu/expts/BLL/kiddraw-recognitionRatings/sketches/carrot/carrot_sketch_10_E1c_1511301807087.png,carrot,carrot_sketch_10_E1c_1511301807087.png,10,1511301807087.png,TRUE
3720,AA4KKLIU4C3NY,flower,https://langcog.stanford.edu/expts/BLL/kiddraw-recognitionRatings/sketches/flower/flower_sketch_8_E1c_1510870628731.png,flower,flower_sketch_8_E1c_1510870628731.png,8,1510870628731.png,TRUE
3721,AA4KKLIU4C3NY,car,https://langcog.stanford.edu/expts/BLL/kiddraw-recognitionRatings/sketches/car/car_sketch_7_E1c_1510783353272.png,car,car_sketch_7_E1c_1510783353272.png,7,1510783353272.png,TRUE
3722,AA4KKLIU4C3NY,bean,https://langcog.stanford.edu/expts/BLL/kiddraw-recognitionRatings/sketches/shoe/shoe_sketch_10_E1c_1510255462419.png,shoe,shoe_sketch_10_E1c_1510255462419.png,10,1510255462419.png,FALSE
3723,AA4KKLIU4C3NY,cannott tell at all,https://langcog.stanford.edu/expts/BLL/kiddraw-recognitionRatings/sketches/ice cream/ice cream_sketch_4_E1c_1510691847400.png,ice cream,ice cream_sketch_4_E1c_1510691847400.png,4,1510691847400.png,FALSE
3724,AA4KKLIU4C3NY,cannott tell at all,https://langcog.stanford.edu/expts/BLL/kiddraw-recognitionRatings/sketches/shoe/shoe_sketch_6_E1c_1511292022297.png,shoe,shoe_sketch_6_E1c_1511292022297.png,6,1511292022297.png,FALSE
3725,AA4KKLIU4C3NY,arm,https://langcog.stanford.edu/expts/BLL/kiddraw-recognitionRatings/sketches/shoe/shoe_sketch_5_E1c_1510256904834.png,shoe,shoe_sketch_5_E1c_1510256904834.png,5,1510256904834.png,FALSE
3726,AA4KKLIU4C3NY,banana,https://langcog.stanford.edu/expts/BLL/kiddraw-recognitionRatings/sketches/banana/banana_sketch_7_E1c_1511301009480.png,banana,banana_sketch_7_E1c_1511301009480.png,7,1511301009480.png,TRUE
3727,AA4KKLIU4C3NY,train,https://langcog.stanford.edu/expts/BLL/kiddraw-recognitionRatings/sketches/car/car_sketch_7_E1c_1511301009480.png,car,car_sketch_7_E1c_1511301009480.png,7,1511301009480.png,FALSE
3728,AA4KKLIU4C3NY,flower,https://langcog.stanford.edu/expts/BLL/kiddraw-recognitionRatings/sketches/flower/flower_sketch_8_E1c_1510262448790.png,flower,flower_sketch_8_E1c_1510262448790.png,8,1510262448790.png,TRUE
3729,AA4KKLIU4C3NY,boat,https://langcog.stanford.edu/expts/BLL/kiddraw-recognitionRatings/sketches/boat/boat_sketch_10_E1c_1511293452162.png,boat,boat_sketch_10_E1c_1511293452162.png,10,1511293452162.png,TRUE
3730,AA4KKLIU4C3NY,person,https://langcog.stanford.edu/expts/BLL/kiddraw-recognitionRatings/sketches/ice cream/ice cream_sketch_8_E1c_1511300355318.png,ice cream,ice cream_sketch_8_E1c_1511300355318.png,8,1511300355318.png,FALSE
3731,AA4KKLIU4C3NY,cannott tell at all,https://langcog.stanford.edu/expts/BLL/kiddraw-recognitionRatings/sketches/phone/phone_sketch_6_E1c_1510782034963.png,phone,phone_sketch_6_E1c_1510782034963.png,6,1510782034963.png,FALSE
3732,AA4KKLIU4C3NY,cannott tell at all,https://langcog.stanford.edu/expts/BLL/kiddraw-recognitionRatings/sketches/couch/couch_sketch_6_E1c_1511292022297.png,couch,couch_sketch_6_E1c_1511292022297.png,6,1511292022297.png,FALSE
3733,AA4KKLIU4C3NY,cannott tell at all,https://langcog.stanford.edu/expts/BLL/kiddraw-recognitionRatings/sketches/chair/chair_sketch_7_E1c_1510870100423.png,chair,chair_sketch_7_E1c_1510870100423.png,7,1510870100423.png,FALSE
3734,AA4KKLIU4C3NY,car,https://langcog.stanford.edu/expts/BLL/kiddraw-recognitionRatings/sketches/car/car_sketch_6_E1c_1510782034963.png,car,car_sketch_6_E1c_1510782034963.png,6,1510782034963.png,TRUE
3735,AA4KKLIU4C3NY,cat,https://langcog.stanford.edu/expts/BLL/kiddraw-recognitionRatings/sketches/rabbit/rabbit_sketch_6_E1c_1510253415559.png,rabbit,rabbit_sketch_6_E1c_1510253415559.png,6,1510253415559.png,FALSE
3736,AA4KKLIU4C3NY,cannott tell at all,https://langcog.stanford.edu/expts/BLL/kiddraw-recognitionRatings/sketches/boat/boat_sketch_6_E1c_1511292286803.png,boat,boat_sketch_6_E1c_1511292286803.png,6,1511292286803.png,FALSE
3737,AA4KKLIU4C3NY,cannott tell at all,https://langcog.stanford.edu/expts/BLL/kiddraw-recognitionRatings/sketches/chair/chair_sketch_4_E1c_1510268275436.png,chair,chair_sketch_4_E1c_1510268275436.png,4,1510268275436.png,FALSE
3738,AA4KKLIU4C3NY,cannott tell at all,https://langcog.stanford.edu/expts/BLL/kiddraw-recognitionRatings/sketches/banana/banana_sketch_8_E1c_1510870628731.png,banana,banana_sketch_8_E1c_1510870628731.png,8,1510870628731.png,FALSE
3739,AA4KKLIU4C3NY,train,https://langcog.stanford.edu/expts/BLL/kiddraw-recognitionRatings/sketches/train/train_sketch_6_E1c_1510783818788.png,train,train_sketch_6_E1c_1510783818788.png,6,1510783818788.png,TRUE
3740,AA4KKLIU4C3NY,cup,https://langcog.stanford.edu/expts/BLL/kiddraw-recognitionRatings/sketches/cup/cup_sketch_9_E1c_1510689458884.png,cup,cup_sketch_9_E1c_1510689458884.png,9,1510689458884.png,TRUE
3741,AA4KKLIU4C3NY,phone,https://langcog.stanford.edu/expts/BLL/kiddraw-recognitionRatings/sketches/phone/phone_sketch_8_E1c_1510690264523.png,phone,phone_sketch_8_E1c_1510690264523.png,8,1510690264523.png,TRUE
3742,AA4KKLIU4C3NY,train,https://langcog.stanford.edu/expts/BLL/kiddraw-recognitionRatings/sketches/train/train_sketch_6_E1c_1511293092153.png,train,train_sketch_6_E1c_1511293092153.png,6,1511293092153.png,TRUE
3743,AA4KKLIU4C3NY,cup,https://langcog.stanford.edu/expts/BLL/kiddraw-recognitionRatings/sketches/cup/cup_sketch_5_E1c_1510258311547.png,cup,cup_sketch_5_E1c_1510258311547.png,5,1510258311547.png,TRUE
3744,AA4KKLIU4C3NY,person,https://langcog.stanford.edu/expts/BLL/kiddraw-recognitionRatings/sketches/chair/chair_sketch_8_E1c_1510787010922.png,chair,chair_sketch_8_E1c_1510787010922.png,8,1510787010922.png,FALSE
3745,AA4KKLIU4C3NY,banana,https://langcog.stanford.edu/expts/BLL/kiddraw-recognitionRatings/sketches/banana/banana_sketch_10_E1c_1511293452162.png,banana,banana_sketch_10_E1c_1511293452162.png,10,1511293452162.png,TRUE
3746,AA4KKLIU4C3NY,cat,https://langcog.stanford.edu/expts/BLL/kiddraw-recognitionRatings/sketches/rabbit/rabbit_sketch_10_E1c_1511293452162.png,rabbit,rabbit_sketch_10_E1c_1511293452162.png,10,1511293452162.png,FALSE
3747,AA4KKLIU4C3NY,cat,https://langcog.stanford.edu/expts/BLL/kiddraw-recognitionRatings/sketches/rabbit/rabbit_sketch_8_E1c_1510254933095.png,rabbit,rabbit_sketch_8_E1c_1510254933095.png,8,1510254933095.png,FALSE
3748,AA4KKLIU4C3NY,cannott tell at all,https://langcog.stanford.edu/expts/BLL/kiddraw-recognitionRatings/sketches/foot/foot_sketch_5_E1c_1511301440421.png,foot,foot_sketch_5_E1c_1511301440421.png,5,1511301440421.png,FALSE
3749,AA4KKLIU4C3NY,cup,https://langcog.stanford.edu/expts/BLL/kiddraw-recognitionRatings/sketches/boat/boat_sketch_6_E1c_1510700570912.png,boat,boat_sketch_6_E1c_1510700570912.png,6,1510700570912.png,FALSE
3750,AA4KKLIU4C3NY,cannott tell at all,https://langcog.stanford.edu/expts/BLL/kiddraw-recognitionRatings/sketches/banana/banana_sketch_8_E1c_1511300355318.png,banana,banana_sketch_8_E1c_1511300355318.png,8,1511300355318.png,FALSE
3751,AA4KKLIU4C3NY,car,https://langcog.stanford.edu/expts/BLL/kiddraw-recognitionRatings/sketches/car/car_sketch_8_E1c_1511293924452.png,car,car_sketch_8_E1c_1511293924452.png,8,1511293924452.png,TRUE
3752,AA4KKLIU4C3NY,cup,https://langcog.stanford.edu/expts/BLL/kiddraw-recognitionRatings/sketches/cup/cup_sketch_8_E1c_1511293924452.png,cup,cup_sketch_8_E1c_1511293924452.png,8,1511293924452.png,TRUE
3753,AA4KKLIU4C3NY,carrot,https://langcog.stanford.edu/expts/BLL/kiddraw-recognitionRatings/sketches/carrot/carrot_sketch_10_E1c_1511293452162.png,carrot,carrot_sketch_10_E1c_1511293452162.png,10,1511293452162.png,TRUE
3754,AA4KKLIU4C3NY,cannott tell at all,https://langcog.stanford.edu/expts/BLL/kiddraw-recognitionRatings/sketches/shoe/shoe_sketch_8_E1c_1511300355318.png,shoe,shoe_sketch_8_E1c_1511300355318.png,8,1511300355318.png,FALSE
3755,AA4KKLIU4C3NY,cup,https://langcog.stanford.edu/expts/BLL/kiddraw-recognitionRatings/sketches/cup/cup_sketch_10_E1c_1511293452162.png,cup,cup_sketch_10_E1c_1511293452162.png,10,1511293452162.png,TRUE
3756,AA4KKLIU4C3NY,train,https://langcog.stanford.edu/expts/BLL/kiddraw-recognitionRatings/sketches/train/train_sketch_6_E1c_1510690510319.png,train,train_sketch_6_E1c_1510690510319.png,6,1510690510319.png,TRUE
3757,AA4KKLIU4C3NY,train,https://langcog.stanford.edu/expts/BLL/kiddraw-recognitionRatings/sketches/train/train_sketch_10_E1c_1511301807087.png,train,train_sketch_10_E1c_1511301807087.png,10,1511301807087.png,TRUE
3758,AA4KKLIU4C3NY,cannott tell at all,https://langcog.stanford.edu/expts/BLL/kiddraw-recognitionRatings/sketches/phone/phone_sketch_7_E1c_1511301634355.png,phone,phone_sketch_7_E1c_1511301634355.png,7,1511301634355.png,FALSE
3759,AA4KKLIU4C3NY,cat,https://langcog.stanford.edu/expts/BLL/kiddraw-recognitionRatings/sketches/cat/cat_sketch_8_E1c_1511300850043.png,cat,cat_sketch_8_E1c_1511300850043.png,8,1511300850043.png,TRUE
3760,AA4KKLIU4C3NY,cannott tell at all,https://langcog.stanford.edu/expts/BLL/kiddraw-recognitionRatings/sketches/banana/banana_sketch_6_E1c_1511292022297.png,banana,banana_sketch_6_E1c_1511292022297.png,6,1511292022297.png,FALSE
3761,AA4KKLIU4C3NY,cannott tell at all,https://langcog.stanford.edu/expts/BLL/kiddraw-recognitionRatings/sketches/couch/couch_sketch_6_E1c_1510783818788.png,couch,couch_sketch_6_E1c_1510783818788.png,6,1510783818788.png,FALSE
3762,AA4KKLIU4C3NY,person,https://langcog.stanford.edu/expts/BLL/kiddraw-recognitionRatings/sketches/cup/cup_sketch_10_E1c_1510255462419.png,cup,cup_sketch_10_E1c_1510255462419.png,10,1510255462419.png,FALSE
3763,AA4KKLIU4C3NY,cannott tell at all,https://langcog.stanford.edu/expts/BLL/kiddraw-recognitionRatings/sketches/couch/couch_sketch_4_E1c_1510268275436.png,couch,couch_sketch_4_E1c_1510268275436.png,4,1510268275436.png,FALSE
3764,AA4KKLIU4C3NY,flower,https://langcog.stanford.edu/expts/BLL/kiddraw-recognitionRatings/sketches/flower/flower_sketch_8_E1c_1511300355318.png,flower,flower_sketch_8_E1c_1511300355318.png,8,1511300355318.png,TRUE
3765,AA4KKLIU4C3NY,car,https://langcog.stanford.edu/expts/BLL/kiddraw-recognitionRatings/sketches/car/car_sketch_6_E1c_1511292022297.png,car,car_sketch_6_E1c_1511292022297.png,6,1511292022297.png,TRUE
3766,AA4KKLIU4C3NY,person,https://langcog.stanford.edu/expts/BLL/kiddraw-recognitionRatings/sketches/frog/frog_sketch_5_E1c_1510256904834.png,frog,frog_sketch_5_E1c_1510256904834.png,5,1510256904834.png,FALSE
3767,AA4KKLIU4C3NY,person,https://langcog.stanford.edu/expts/BLL/kiddraw-recognitionRatings/sketches/couch/couch_sketch_5_E1c_1510258311547.png,couch,couch_sketch_5_E1c_1510258311547.png,5,1510258311547.png,FALSE
3768,AA4KKLIU4C3NY,phone,https://langcog.stanford.edu/expts/BLL/kiddraw-recognitionRatings/sketches/phone/phone_sketch_7_E1c_1510870100423.png,phone,phone_sketch_7_E1c_1510870100423.png,7,1510870100423.png,TRUE
3769,AA4KKLIU4C3NY,cannott tell at all,https://langcog.stanford.edu/expts/BLL/kiddraw-recognitionRatings/sketches/chair/chair_sketch_8_E1c_1510870628731.png,chair,chair_sketch_8_E1c_1510870628731.png,8,1510870628731.png,FALSE
3770,AA4KKLIU4C3NY,cat,https://langcog.stanford.edu/expts/BLL/kiddraw-recognitionRatings/sketches/rabbit/rabbit_sketch_8_E1c_1511293924452.png,rabbit,rabbit_sketch_8_E1c_1511293924452.png,8,1511293924452.png,FALSE
3771,AA4KKLIU4C3NY,carrot,https://langcog.stanford.edu/expts/BLL/kiddraw-recognitionRatings/sketches/carrot/carrot_sketch_8_E1c_1511293754661.png,carrot,carrot_sketch_8_E1c_1511293754661.png,8,1511293754661.png,TRUE
3772,AA4KKLIU4C3NY,ice cream,https://langcog.stanford.edu/expts/BLL/kiddraw-recognitionRatings/sketches/ice cream/ice cream_sketch_8_E1c_1511300850043.png,ice cream,ice cream_sketch_8_E1c_1511300850043.png,8,1511300850043.png,TRUE
3773,AA4KKLIU4C3NY,cannott tell at all,https://langcog.stanford.edu/expts/BLL/kiddraw-recognitionRatings/sketches/carrot/carrot_sketch_7_E1c_1511301634355.png,carrot,carrot_sketch_7_E1c_1511301634355.png,7,1511301634355.png,FALSE
3774,AA4KKLIU4C3NY,cat,https://langcog.stanford.edu/expts/BLL/kiddraw-recognitionRatings/sketches/rabbit/rabbit_sketch_8_E1c_1510870628731.png,rabbit,rabbit_sketch_8_E1c_1510870628731.png,8,1510870628731.png,FALSE
3775,AA4KKLIU4C3NY,car,https://langcog.stanford.edu/expts/BLL/kiddraw-recognitionRatings/sketches/train/train_sketch_6_E1c_1510253415559.png,train,train_sketch_6_E1c_1510253415559.png,6,1510253415559.png,FALSE
3776,AA4KKLIU4C3NY,ice cream,https://langcog.stanford.edu/expts/BLL/kiddraw-recognitionRatings/sketches/ice cream/ice cream_sketch_8_E1c_1511293754661.png,ice cream,ice cream_sketch_8_E1c_1511293754661.png,8,1511293754661.png,TRUE
3777,AA4KKLIU4C3NY,boat,https://langcog.stanford.edu/expts/BLL/kiddraw-recognitionRatings/sketches/boat/boat_sketch_8_E1c_1511293924452.png,boat,boat_sketch_8_E1c_1511293924452.png,8,1511293924452.png,TRUE
3778,AA4KKLIU4C3NY,cannott tell at all,https://langcog.stanford.edu/expts/BLL/kiddraw-recognitionRatings/sketches/couch/couch_sketch_8_E1c_1510787010922.png,couch,couch_sketch_8_E1c_1510787010922.png,8,1510787010922.png,FALSE
3779,AA4KKLIU4C3NY,cannott tell at all,https://langcog.stanford.edu/expts/BLL/kiddraw-recognitionRatings/sketches/chair/chair_sketch_8_E1c_1510254933095.png,chair,chair_sketch_8_E1c_1510254933095.png,8,1510254933095.png,FALSE
3780,AA4KKLIU4C3NY,car,https://langcog.stanford.edu/expts/BLL/kiddraw-recognitionRatings/sketches/train/train_sketch_8_E1c_1511300355318.png,train,train_sketch_8_E1c_1511300355318.png,8,1511300355318.png,FALSE
3781,AA4KKLIU4C3NY,cup,https://langcog.stanford.edu/expts/BLL/kiddraw-recognitionRatings/sketches/ice cream/ice cream_sketch_5_E1c_1510253748384.png,ice cream,ice cream_sketch_5_E1c_1510253748384.png,5,1510253748384.png,FALSE
3782,AA4KKLIU4C3NY,cannott tell at all,https://langcog.stanford.edu/expts/BLL/kiddraw-recognitionRatings/sketches/foot/foot_sketch_5_E1c_1510786719020.png,foot,foot_sketch_5_E1c_1510786719020.png,5,1510786719020.png,FALSE
3783,AA4KKLIU4C3NY,cannott tell at all,https://langcog.stanford.edu/expts/BLL/kiddraw-recognitionRatings/sketches/shoe/shoe_sketch_7_E1c_1510263944688.png,shoe,shoe_sketch_7_E1c_1510263944688.png,7,1510263944688.png,FALSE
3784,AA4KKLIU4C3NY,person,https://langcog.stanford.edu/expts/BLL/kiddraw-recognitionRatings/sketches/cup/cup_sketch_6_E1c_1510695588717.png,cup,cup_sketch_6_E1c_1510695588717.png,6,1510695588717.png,FALSE
3785,AA4KKLIU4C3NY,person,https://langcog.stanford.edu/expts/BLL/kiddraw-recognitionRatings/sketches/rabbit/rabbit_sketch_5_E1c_1510786719020.png,rabbit,rabbit_sketch_5_E1c_1510786719020.png,5,1510786719020.png,FALSE
3786,AA4KKLIU4C3NY,cannott tell at all,https://langcog.stanford.edu/expts/BLL/kiddraw-recognitionRatings/sketches/chair/chair_sketch_8_E1c_1511293924452.png,chair,chair_sketch_8_E1c_1511293924452.png,8,1511293924452.png,FALSE
3787,AA4KKLIU4C3NY,ice cream,https://langcog.stanford.edu/expts/BLL/kiddraw-recognitionRatings/sketches/ice cream/ice cream_sketch_10_E1c_1510684833991.png,ice cream,ice cream_sketch_10_E1c_1510684833991.png,10,1510684833991.png,TRUE
3788,AA4KKLIU4C3NY,cannott tell at all,https://langcog.stanford.edu/expts/BLL/kiddraw-recognitionRatings/sketches/phone/phone_sketch_7_E1c_1510263944688.png,phone,phone_sketch_7_E1c_1510263944688.png,7,1510263944688.png,FALSE
3789,AA4KKLIU4C3NY,cannott tell at all,https://langcog.stanford.edu/expts/BLL/kiddraw-recognitionRatings/sketches/banana/banana_sketch_4_E1c_1510691847400.png,banana,banana_sketch_4_E1c_1510691847400.png,4,1510691847400.png,FALSE
3790,AA4KKLIU4C3NY,car,https://langcog.stanford.edu/expts/BLL/kiddraw-recognitionRatings/sketches/boat/boat_sketch_6_E1c_1510783818788.png,boat,boat_sketch_6_E1c_1510783818788.png,6,1510783818788.png,FALSE
3791,AA4KKLIU4C3NY,person,https://langcog.stanford.edu/expts/BLL/kiddraw-recognitionRatings/sketches/frog/frog_sketch_8_E1c_1510690264523.png,frog,frog_sketch_8_E1c_1510690264523.png,8,1510690264523.png,FALSE
3792,AA4KKLIU4C3NY,cat,https://langcog.stanford.edu/expts/BLL/kiddraw-recognitionRatings/sketches/rabbit/rabbit_sketch_7_E1c_1510870100423.png,rabbit,rabbit_sketch_7_E1c_1510870100423.png,7,1510870100423.png,FALSE
3793,AA4KKLIU4C3NY,cat,https://langcog.stanford.edu/expts/BLL/kiddraw-recognitionRatings/sketches/rabbit/rabbit_sketch_8_E1c_1511300850043.png,rabbit,rabbit_sketch_8_E1c_1511300850043.png,8,1511300850043.png,FALSE
3794,AA4KKLIU4C3NY,foot,https://langcog.stanford.edu/expts/BLL/kiddraw-recognitionRatings/sketches/foot/foot_sketch_10_E1c_1510783638074.png,foot,foot_sketch_10_E1c_1510783638074.png,10,1510783638074.png,TRUE
3795,AA4KKLIU4C3NY,cup,https://langcog.stanford.edu/expts/BLL/kiddraw-recognitionRatings/sketches/cup/cup_sketch_10_E1c_1511301807087.png,cup,cup_sketch_10_E1c_1511301807087.png,10,1511301807087.png,TRUE
3796,AA4KKLIU4C3NY,cup,https://langcog.stanford.edu/expts/BLL/kiddraw-recognitionRatings/sketches/cup/cup_sketch_7_E1c_1511301634355.png,cup,cup_sketch_7_E1c_1511301634355.png,7,1511301634355.png,TRUE
3797,AA4KKLIU4C3NY,person,https://langcog.stanford.edu/expts/BLL/kiddraw-recognitionRatings/sketches/rabbit/rabbit_sketch_5_E1c_1510256904834.png,rabbit,rabbit_sketch_5_E1c_1510256904834.png,5,1510256904834.png,FALSE
3798,AA4KKLIU4C3NY,chair,https://langcog.stanford.edu/expts/BLL/kiddraw-recognitionRatings/sketches/chair/chair_sketch_10_E1c_1511301807087.png,chair,chair_sketch_10_E1c_1511301807087.png,10,1511301807087.png,TRUE
3799,AA4KKLIU4C3NY,cannott tell at all,https://langcog.stanford.edu/expts/BLL/kiddraw-recognitionRatings/sketches/shoe/shoe_sketch_6_E1c_1510695588717.png,shoe,shoe_sketch_6_E1c_1510695588717.png,6,1510695588717.png,FALSE
3800,AA4KKLIU4C3NY,car,https://langcog.stanford.edu/expts/BLL/kiddraw-recognitionRatings/sketches/car/car_sketch_6_E1c_1510253415559.png,car,car_sketch_6_E1c_1510253415559.png,6,1510253415559.png,TRUE
3801,AA4KKLIU4C3NY,cannott tell at all,https://langcog.stanford.edu/expts/BLL/kiddraw-recognitionRatings/sketches/shoe/shoe_sketch_8_E1c_1510787010922.png,shoe,shoe_sketch_8_E1c_1510787010922.png,8,1510787010922.png,FALSE
3802,AA4KKLIU4C3NY,cat,https://langcog.stanford.edu/expts/BLL/kiddraw-recognitionRatings/sketches/rabbit/rabbit_sketch_6_E1c_1511292022297.png,rabbit,rabbit_sketch_6_E1c_1511292022297.png,6,1511292022297.png,FALSE
3803,AA4KKLIU4C3NY,flower,https://langcog.stanford.edu/expts/BLL/kiddraw-recognitionRatings/sketches/flower/flower_sketch_8_E1c_1511292658766.png,flower,flower_sketch_8_E1c_1511292658766.png,8,1511292658766.png,TRUE
3804,AA4KKLIU4C3NY,cat,https://langcog.stanford.edu/expts/BLL/kiddraw-recognitionRatings/sketches/frog/frog_sketch_8_E1c_1511293924452.png,frog,frog_sketch_8_E1c_1511293924452.png,8,1511293924452.png,FALSE
3805,AA4KKLIU4C3NY,carrot,https://langcog.stanford.edu/expts/BLL/kiddraw-recognitionRatings/sketches/carrot/carrot_sketch_8_E1c_1511300850043.png,carrot,carrot_sketch_8_E1c_1511300850043.png,8,1511300850043.png,TRUE
3806,AA4KKLIU4C3NY,cat,https://langcog.stanford.edu/expts/BLL/kiddraw-recognitionRatings/sketches/rabbit/rabbit_sketch_8_E1c_1511300355318.png,rabbit,rabbit_sketch_8_E1c_1511300355318.png,8,1511300355318.png,FALSE
3807,AA4KKLIU4C3NY,carrot,https://langcog.stanford.edu/expts/BLL/kiddraw-recognitionRatings/sketches/carrot/carrot_sketch_10_E1c_1510684833991.png,carrot,carrot_sketch_10_E1c_1510684833991.png,10,1510684833991.png,TRUE
3808,AA4KKLIU4C3NY,phone,https://langcog.stanford.edu/expts/BLL/kiddraw-recognitionRatings/sketches/phone/phone_sketch_8_E1c_1511293924452.png,phone,phone_sketch_8_E1c_1511293924452.png,8,1511293924452.png,TRUE
3809,AA4KKLIU4C3NY,person,https://langcog.stanford.edu/expts/BLL/kiddraw-recognitionRatings/sketches/couch/couch_sketch_8_E1c_1510254933095.png,couch,couch_sketch_8_E1c_1510254933095.png,8,1510254933095.png,FALSE
3810,AA4KKLIU4C3NY,cannott tell at all,https://langcog.stanford.edu/expts/BLL/kiddraw-recognitionRatings/sketches/chair/chair_sketch_5_E1c_1510786719020.png,chair,chair_sketch_5_E1c_1510786719020.png,5,1510786719020.png,FALSE
3811,AA4KKLIU4C3NY,ice cream,https://langcog.stanford.edu/expts/BLL/kiddraw-recognitionRatings/sketches/ice cream/ice cream_sketch_7_E1c_1511301634355.png,ice cream,ice cream_sketch_7_E1c_1511301634355.png,7,1511301634355.png,TRUE
3812,AA4KKLIU4C3NY,cannott tell at all,https://langcog.stanford.edu/expts/BLL/kiddraw-recognitionRatings/sketches/shoe/shoe_sketch_6_E1c_1511292286803.png,shoe,shoe_sketch_6_E1c_1511292286803.png,6,1511292286803.png,FALSE
3813,AA4KKLIU4C3NY,cannott tell at all,https://langcog.stanford.edu/expts/BLL/kiddraw-recognitionRatings/sketches/cup/cup_sketch_8_E1c_1511300355318.png,cup,cup_sketch_8_E1c_1511300355318.png,8,1511300355318.png,FALSE
3814,AA4KKLIU4C3NY,cannott tell at all,https://langcog.stanford.edu/expts/BLL/kiddraw-recognitionRatings/sketches/flower/flower_sketch_4_E1c_1510691847400.png,flower,flower_sketch_4_E1c_1510691847400.png,4,1510691847400.png,FALSE
3815,AA4KKLIU4C3NY,person,https://langcog.stanford.edu/expts/BLL/kiddraw-recognitionRatings/sketches/ice cream/ice cream_sketch_7_E1c_1510870100423.png,ice cream,ice cream_sketch_7_E1c_1510870100423.png,7,1510870100423.png,FALSE
3816,AA4KKLIU4C3NY,cat,https://langcog.stanford.edu/expts/BLL/kiddraw-recognitionRatings/sketches/shoe/shoe_sketch_5_E1c_1510870384576.png,shoe,shoe_sketch_5_E1c_1510870384576.png,5,1510870384576.png,FALSE
3817,AA4KKLIU4C3NY,cat,https://langcog.stanford.edu/expts/BLL/kiddraw-recognitionRatings/sketches/frog/frog_sketch_6_E1c_1511293092153.png,frog,frog_sketch_6_E1c_1511293092153.png,6,1511293092153.png,FALSE
3818,AA4KKLIU4C3NY,foot,https://langcog.stanford.edu/expts/BLL/kiddraw-recognitionRatings/sketches/foot/foot_sketch_8_E1c_1510262448790.png,foot,foot_sketch_8_E1c_1510262448790.png,8,1510262448790.png,TRUE
3819,AA4KKLIU4C3NY,chair,https://langcog.stanford.edu/expts/BLL/kiddraw-recognitionRatings/sketches/chair/chair_sketch_6_E1c_1511292286803.png,chair,chair_sketch_6_E1c_1511292286803.png,6,1511292286803.png,TRUE
3820,AA4KKLIU4C3NY,cannott tell at all,https://langcog.stanford.edu/expts/BLL/kiddraw-recognitionRatings/sketches/car/car_sketch_6_E1c_1510690510319.png,car,car_sketch_6_E1c_1510690510319.png,6,1510690510319.png,FALSE
3821,AA4KKLIU4C3NY,banana,https://langcog.stanford.edu/expts/BLL/kiddraw-recognitionRatings/sketches/banana/banana_sketch_8_E1c_1510787010922.png,banana,banana_sketch_8_E1c_1510787010922.png,8,1510787010922.png,TRUE
3822,AA4KKLIU4C3NY,cat,https://langcog.stanford.edu/expts/BLL/kiddraw-recognitionRatings/sketches/cat/cat_sketch_6_E1c_1510700570912.png,cat,cat_sketch_6_E1c_1510700570912.png,6,1510700570912.png,TRUE
3823,AA4KKLIU4C3NY,cannott tell at all,https://langcog.stanford.edu/expts/BLL/kiddraw-recognitionRatings/sketches/foot/foot_sketch_5_E1c_1510258311547.png,foot,foot_sketch_5_E1c_1510258311547.png,5,1510258311547.png,FALSE
3824,AA4KKLIU4C3NY,carrot,https://langcog.stanford.edu/expts/BLL/kiddraw-recognitionRatings/sketches/carrot/carrot_sketch_10_E1c_1510255462419.png,carrot,carrot_sketch_10_E1c_1510255462419.png,10,1510255462419.png,TRUE
3825,AA4KKLIU4C3NY,cannott tell at all,https://langcog.stanford.edu/expts/BLL/kiddraw-recognitionRatings/sketches/chair/chair_sketch_6_E1c_1510783818788.png,chair,chair_sketch_6_E1c_1510783818788.png,6,1510783818788.png,FALSE
3826,AA4KKLIU4C3NY,ice cream,https://langcog.stanford.edu/expts/BLL/kiddraw-recognitionRatings/sketches/carrot/carrot_sketch_8_E1c_1510254933095.png,carrot,carrot_sketch_8_E1c_1510254933095.png,8,1510254933095.png,FALSE
3827,AA4KKLIU4C3NY,cannott tell at all,https://langcog.stanford.edu/expts/BLL/kiddraw-recognitionRatings/sketches/phone/phone_sketch_4_E1c_1510252568116.png,phone,phone_sketch_4_E1c_1510252568116.png,4,1510252568116.png,FALSE
3828,AA4KKLIU4C3NY,ice cream,https://langcog.stanford.edu/expts/BLL/kiddraw-recognitionRatings/sketches/ice cream/ice cream_sketch_10_E1c_1510783638074.png,ice cream,ice cream_sketch_10_E1c_1510783638074.png,10,1510783638074.png,TRUE
3829,AA4KKLIU4C3NY,chair,https://langcog.stanford.edu/expts/BLL/kiddraw-recognitionRatings/sketches/chair/chair_sketch_5_E1c_1510253748384.png,chair,chair_sketch_5_E1c_1510253748384.png,5,1510253748384.png,TRUE
3830,AA4KKLIU4C3NY,car,https://langcog.stanford.edu/expts/BLL/kiddraw-recognitionRatings/sketches/train/train_sketch_7_E1c_1510263944688.png,train,train_sketch_7_E1c_1510263944688.png,7,1510263944688.png,FALSE
3831,AA4KKLIU4C3NY,shoe,https://langcog.stanford.edu/expts/BLL/kiddraw-recognitionRatings/sketches/shoe/shoe_sketch_10_E1c_1511293452162.png,shoe,shoe_sketch_10_E1c_1511293452162.png,10,1511293452162.png,TRUE
3832,AA4KKLIU4C3NY,cannott tell at all,https://langcog.stanford.edu/expts/BLL/kiddraw-recognitionRatings/sketches/foot/foot_sketch_4_E1c_1510691847400.png,foot,foot_sketch_4_E1c_1510691847400.png,4,1510691847400.png,FALSE
3833,AA4KKLIU4C3NY,flower,https://langcog.stanford.edu/expts/BLL/kiddraw-recognitionRatings/sketches/flower/flower_sketch_6_E1c_1510700570912.png,flower,flower_sketch_6_E1c_1510700570912.png,6,1510700570912.png,TRUE
3834,AA4KKLIU4C3NY,cannott tell at all,https://langcog.stanford.edu/expts/BLL/kiddraw-recognitionRatings/sketches/boat/boat_sketch_4_E1c_1510263067113.png,boat,boat_sketch_4_E1c_1510263067113.png,4,1510263067113.png,FALSE
3835,AA4KKLIU4C3NY,car,https://langcog.stanford.edu/expts/BLL/kiddraw-recognitionRatings/sketches/car/car_sketch_5_E1c_1511301440421.png,car,car_sketch_5_E1c_1511301440421.png,5,1511301440421.png,TRUE
3836,AA4KKLIU4C3NY,ice cream,https://langcog.stanford.edu/expts/BLL/kiddraw-recognitionRatings/sketches/ice cream/ice cream_sketch_8_E1c_1510254933095.png,ice cream,ice cream_sketch_8_E1c_1510254933095.png,8,1510254933095.png,TRUE
3837,AA4KKLIU4C3NY,cannott tell at all,https://langcog.stanford.edu/expts/BLL/kiddraw-recognitionRatings/sketches/banana/banana_sketch_5_E1c_1510253748384.png,banana,banana_sketch_5_E1c_1510253748384.png,5,1510253748384.png,FALSE
3838,AA4KKLIU4C3NY,train,https://langcog.stanford.edu/expts/BLL/kiddraw-recognitionRatings/sketches/train/train_sketch_6_E1c_1511292286803.png,train,train_sketch_6_E1c_1511292286803.png,6,1511292286803.png,TRUE
3839,AA4KKLIU4C3NY,cannott tell at all,https://langcog.stanford.edu/expts/BLL/kiddraw-recognitionRatings/sketches/phone/phone_sketch_5_E1c_1511301440421.png,phone,phone_sketch_5_E1c_1511301440421.png,5,1511301440421.png,FALSE
3840,AA4KKLIU4C3NY,cannott tell at all,https://langcog.stanford.edu/expts/BLL/kiddraw-recognitionRatings/sketches/carrot/carrot_sketch_5_E1c_1510786719020.png,carrot,carrot_sketch_5_E1c_1510786719020.png,5,1510786719020.png,FALSE
3841,AA4KKLIU4C3NY,car,https://langcog.stanford.edu/expts/BLL/kiddraw-recognitionRatings/sketches/couch/couch_sketch_8_E1c_1511293754661.png,couch,couch_sketch_8_E1c_1511293754661.png,8,1511293754661.png,FALSE
3842,AA4KKLIU4C3NY,cat,https://langcog.stanford.edu/expts/BLL/kiddraw-recognitionRatings/sketches/cat/cat_sketch_8_E1c_1510787010922.png,cat,cat_sketch_8_E1c_1510787010922.png,8,1510787010922.png,TRUE
3843,AA4KKLIU4C3NY,foot,https://langcog.stanford.edu/expts/BLL/kiddraw-recognitionRatings/sketches/foot/foot_sketch_6_E1c_1510782034963.png,foot,foot_sketch_6_E1c_1510782034963.png,6,1510782034963.png,TRUE
3844,AA4KKLIU4C3NY,car,https://langcog.stanford.edu/expts/BLL/kiddraw-recognitionRatings/sketches/couch/couch_sketch_10_E1c_1511301807087.png,couch,couch_sketch_10_E1c_1511301807087.png,10,1511301807087.png,FALSE
3845,AA4KKLIU4C3NY,car,https://langcog.stanford.edu/expts/BLL/kiddraw-recognitionRatings/sketches/couch/couch_sketch_10_E1c_1510684833991.png,couch,couch_sketch_10_E1c_1510684833991.png,10,1510684833991.png,FALSE
3846,AA4KKLIU4C3NY,train,https://langcog.stanford.edu/expts/BLL/kiddraw-recognitionRatings/sketches/train/train_sketch_10_E1c_1511293452162.png,train,train_sketch_10_E1c_1511293452162.png,10,1511293452162.png,TRUE
3847,AA4KKLIU4C3NY,person,https://langcog.stanford.edu/expts/BLL/kiddraw-recognitionRatings/sketches/boat/boat_sketch_8_E1c_1510870628731.png,boat,boat_sketch_8_E1c_1510870628731.png,8,1510870628731.png,FALSE
3848,AA4KKLIU4C3NY,chair,https://langcog.stanford.edu/expts/BLL/kiddraw-recognitionRatings/sketches/chair/chair_sketch_5_E1c_1511301440421.png,chair,chair_sketch_5_E1c_1511301440421.png,5,1511301440421.png,TRUE
3849,AA4KKLIU4C3NY,ice cream,https://langcog.stanford.edu/expts/BLL/kiddraw-recognitionRatings/sketches/ice cream/ice cream_sketch_5_E1c_1511301440421.png,ice cream,ice cream_sketch_5_E1c_1511301440421.png,5,1511301440421.png,TRUE
3850,AA4KKLIU4C3NY,boat,https://langcog.stanford.edu/expts/BLL/kiddraw-recognitionRatings/sketches/boat/boat_sketch_8_E1c_1511292658766.png,boat,boat_sketch_8_E1c_1511292658766.png,8,1511292658766.png,TRUE
3851,AA4KKLIU4C3NY,car,https://langcog.stanford.edu/expts/BLL/kiddraw-recognitionRatings/sketches/car/car_sketch_10_E1c_1510783638074.png,car,car_sketch_10_E1c_1510783638074.png,10,1510783638074.png,TRUE
3852,AA4KKLIU4C3NY,person,https://langcog.stanford.edu/expts/BLL/kiddraw-recognitionRatings/sketches/rabbit/rabbit_sketch_7_E1c_1511301009480.png,rabbit,rabbit_sketch_7_E1c_1511301009480.png,7,1511301009480.png,FALSE
3853,AA4KKLIU4C3NY,boat,https://langcog.stanford.edu/expts/BLL/kiddraw-recognitionRatings/sketches/boat/boat_sketch_10_E1c_1510684833991.png,boat,boat_sketch_10_E1c_1510684833991.png,10,1510684833991.png,TRUE
3854,AA4KKLIU4C3NY,cannott tell at all,https://langcog.stanford.edu/expts/BLL/kiddraw-recognitionRatings/sketches/cup/cup_sketch_6_E1c_1510690510319.png,cup,cup_sketch_6_E1c_1510690510319.png,6,1510690510319.png,FALSE
3855,AA4KKLIU4C3NY,cannott tell at all,https://langcog.stanford.edu/expts/BLL/kiddraw-recognitionRatings/sketches/flower/flower_sketch_7_E1c_1511301009480.png,flower,flower_sketch_7_E1c_1511301009480.png,7,1511301009480.png,FALSE
3856,AA4KKLIU4C3NY,cannott tell at all,https://langcog.stanford.edu/expts/BLL/kiddraw-recognitionRatings/sketches/frog/frog_sketch_8_E1c_1510870628731.png,frog,frog_sketch_8_E1c_1510870628731.png,8,1510870628731.png,FALSE
3857,AA4KKLIU4C3NY,train,https://langcog.stanford.edu/expts/BLL/kiddraw-recognitionRatings/sketches/train/train_sketch_8_E1c_1510870628731.png,train,train_sketch_8_E1c_1510870628731.png,8,1510870628731.png,TRUE
3858,AA4KKLIU4C3NY,cat,https://langcog.stanford.edu/expts/BLL/kiddraw-recognitionRatings/sketches/cat/cat_sketch_8_E1c_1510254933095.png,cat,cat_sketch_8_E1c_1510254933095.png,8,1510254933095.png,TRUE
3859,AA4KKLIU4C3NY,carrot,https://langcog.stanford.edu/expts/BLL/kiddraw-recognitionRatings/sketches/carrot/carrot_sketch_7_E1c_1510870100423.png,carrot,carrot_sketch_7_E1c_1510870100423.png,7,1510870100423.png,TRUE
3860,AA4KKLIU4C3NY,foot,https://langcog.stanford.edu/expts/BLL/kiddraw-recognitionRatings/sketches/foot/foot_sketch_10_E1c_1510684833991.png,foot,foot_sketch_10_E1c_1510684833991.png,10,1510684833991.png,TRUE
3861,AA4KKLIU4C3NY,flower,https://langcog.stanford.edu/expts/BLL/kiddraw-recognitionRatings/sketches/flower/flower_sketch_8_E1c_1510787010922.png,flower,flower_sketch_8_E1c_1510787010922.png,8,1510787010922.png,TRUE
3862,AA4KKLIU4C3NY,cat,https://langcog.stanford.edu/expts/BLL/kiddraw-recognitionRatings/sketches/frog/frog_sketch_10_E1c_1510255462419.png,frog,frog_sketch_10_E1c_1510255462419.png,10,1510255462419.png,FALSE
3863,AA4KKLIU4C3NY,foot,https://langcog.stanford.edu/expts/BLL/kiddraw-recognitionRatings/sketches/foot/foot_sketch_6_E1c_1511292286803.png,foot,foot_sketch_6_E1c_1511292286803.png,6,1511292286803.png,TRUE
3864,AA4KKLIU4C3NY,cat,https://langcog.stanford.edu/expts/BLL/kiddraw-recognitionRatings/sketches/rabbit/rabbit_sketch_6_E1c_1511293092153.png,rabbit,rabbit_sketch_6_E1c_1511293092153.png,6,1511293092153.png,FALSE
3865,AA4KKLIU4C3NY,ice cream,https://langcog.stanford.edu/expts/BLL/kiddraw-recognitionRatings/sketches/ice cream/ice cream_sketch_6_E1c_1511292286803.png,ice cream,ice cream_sketch_6_E1c_1511292286803.png,6,1511292286803.png,TRUE
3866,AA4KKLIU4C3NY,ice cream,https://langcog.stanford.edu/expts/BLL/kiddraw-recognitionRatings/sketches/foot/foot_sketch_4_E1c_1510252568116.png,foot,foot_sketch_4_E1c_1510252568116.png,4,1510252568116.png,FALSE
3867,AA4KKLIU4C3NY,car,https://langcog.stanford.edu/expts/BLL/kiddraw-recognitionRatings/sketches/car/car_sketch_8_E1c_1511293754661.png,car,car_sketch_8_E1c_1511293754661.png,8,1511293754661.png,TRUE
3868,AA4KKLIU4C3NY,cat,https://langcog.stanford.edu/expts/BLL/kiddraw-recognitionRatings/sketches/frog/frog_sketch_8_E1c_1511293754661.png,frog,frog_sketch_8_E1c_1511293754661.png,8,1511293754661.png,FALSE
3869,AA4KKLIU4C3NY,cannott tell at all,https://langcog.stanford.edu/expts/BLL/kiddraw-recognitionRatings/sketches/boat/boat_sketch_5_E1c_1510258311547.png,boat,boat_sketch_5_E1c_1510258311547.png,5,1510258311547.png,FALSE
3870,AA4KKLIU4C3NY,car,https://langcog.stanford.edu/expts/BLL/kiddraw-recognitionRatings/sketches/car/car_sketch_6_E1c_1510695588717.png,car,car_sketch_6_E1c_1510695588717.png,6,1510695588717.png,TRUE
3871,AA4KKLIU4C3NY,cat,https://langcog.stanford.edu/expts/BLL/kiddraw-recognitionRatings/sketches/rabbit/rabbit_sketch_9_E1c_1510686242527.png,rabbit,rabbit_sketch_9_E1c_1510686242527.png,9,1510686242527.png,FALSE
3872,AA4KKLIU4C3NY,cannott tell at all,https://langcog.stanford.edu/expts/BLL/kiddraw-recognitionRatings/sketches/banana/banana_sketch_6_E1c_1511292286803.png,banana,banana_sketch_6_E1c_1511292286803.png,6,1511292286803.png,FALSE
3873,AA4KKLIU4C3NY,phone,https://langcog.stanford.edu/expts/BLL/kiddraw-recognitionRatings/sketches/phone/phone_sketch_10_E1c_1511293452162.png,phone,phone_sketch_10_E1c_1511293452162.png,10,1511293452162.png,TRUE
3874,AA4KKLIU4C3NY,cannott tell at all,https://langcog.stanford.edu/expts/BLL/kiddraw-recognitionRatings/sketches/foot/foot_sketch_5_E1c_1510256904834.png,foot,foot_sketch_5_E1c_1510256904834.png,5,1510256904834.png,FALSE
3875,AA4KKLIU4C3NY,cup,https://langcog.stanford.edu/expts/BLL/kiddraw-recognitionRatings/sketches/cup/cup_sketch_10_E1c_1510684833991.png,cup,cup_sketch_10_E1c_1510684833991.png,10,1510684833991.png,TRUE
3876,AA4KKLIU4C3NY,carrot,https://langcog.stanford.edu/expts/BLL/kiddraw-recognitionRatings/sketches/carrot/carrot_sketch_6_E1c_1510695588717.png,carrot,carrot_sketch_6_E1c_1510695588717.png,6,1510695588717.png,TRUE
3877,AA4KKLIU4C3NY,person,https://langcog.stanford.edu/expts/BLL/kiddraw-recognitionRatings/sketches/rabbit/rabbit_sketch_6_E1c_1510783818788.png,rabbit,rabbit_sketch_6_E1c_1510783818788.png,6,1510783818788.png,FALSE
3878,AA4KKLIU4C3NY,person,https://langcog.stanford.edu/expts/BLL/kiddraw-recognitionRatings/sketches/rabbit/rabbit_sketch_8_E1c_1510787010922.png,rabbit,rabbit_sketch_8_E1c_1510787010922.png,8,1510787010922.png,FALSE
3879,AA4KKLIU4C3NY,cannott tell at all,https://langcog.stanford.edu/expts/BLL/kiddraw-recognitionRatings/sketches/couch/couch_sketch_8_E1c_1510870628731.png,couch,couch_sketch_8_E1c_1510870628731.png,8,1510870628731.png,FALSE
3880,AA4KKLIU4C3NY,cannott tell at all,https://langcog.stanford.edu/expts/BLL/kiddraw-recognitionRatings/sketches/cup/cup_sketch_8_E1c_1510254933095.png,cup,cup_sketch_8_E1c_1510254933095.png,8,1510254933095.png,FALSE
3881,AA4KKLIU4C3NY,car,https://langcog.stanford.edu/expts/BLL/kiddraw-recognitionRatings/sketches/car/car_sketch_10_E1c_1510684833991.png,car,car_sketch_10_E1c_1510684833991.png,10,1510684833991.png,TRUE
3882,AA4KKLIU4C3NY,cannott tell at all,https://langcog.stanford.edu/expts/BLL/kiddraw-recognitionRatings/sketches/phone/phone_sketch_8_E1c_1510870628731.png,phone,phone_sketch_8_E1c_1510870628731.png,8,1510870628731.png,FALSE
3883,AA4KKLIU4C3NY,foot,https://langcog.stanford.edu/expts/BLL/kiddraw-recognitionRatings/sketches/foot/foot_sketch_8_E1c_1510690264523.png,foot,foot_sketch_8_E1c_1510690264523.png,8,1510690264523.png,TRUE
3884,AA4KKLIU4C3NY,arm,https://langcog.stanford.edu/expts/BLL/kiddraw-recognitionRatings/sketches/shoe/shoe_sketch_6_E1c_1510700570912.png,shoe,shoe_sketch_6_E1c_1510700570912.png,6,1510700570912.png,FALSE
3885,AA4KKLIU4C3NY,boat,https://langcog.stanford.edu/expts/BLL/kiddraw-recognitionRatings/sketches/boat/boat_sketch_6_E1c_1510695588717.png,boat,boat_sketch_6_E1c_1510695588717.png,6,1510695588717.png,TRUE
3886,AA4KKLIU4C3NY,cat,https://langcog.stanford.edu/expts/BLL/kiddraw-recognitionRatings/sketches/cat/cat_sketch_10_E1c_1510783638074.png,cat,cat_sketch_10_E1c_1510783638074.png,10,1510783638074.png,TRUE
3887,AA4KKLIU4C3NY,ice cream,https://langcog.stanford.edu/expts/BLL/kiddraw-recognitionRatings/sketches/ice cream/ice cream_sketch_8_E1c_1510787010922.png,ice cream,ice cream_sketch_8_E1c_1510787010922.png,8,1510787010922.png,TRUE
3888,AA4KKLIU4C3NY,phone,https://langcog.stanford.edu/expts/BLL/kiddraw-recognitionRatings/sketches/phone/phone_sketch_10_E1c_1510684833991.png,phone,phone_sketch_10_E1c_1510684833991.png,10,1510684833991.png,TRUE
3889,AA4KKLIU4C3NY,frog,https://langcog.stanford.edu/expts/BLL/kiddraw-recognitionRatings/sketches/frog/frog_sketch_10_E1c_1511293452162.png,frog,frog_sketch_10_E1c_1511293452162.png,10,1511293452162.png,TRUE
3890,AA4KKLIU4C3NY,cat,https://langcog.stanford.edu/expts/BLL/kiddraw-recognitionRatings/sketches/rabbit/rabbit_sketch_10_E1c_1510684833991.png,rabbit,rabbit_sketch_10_E1c_1510684833991.png,10,1510684833991.png,FALSE
3891,AA4KKLIU4C3NY,frog,https://langcog.stanford.edu/expts/BLL/kiddraw-recognitionRatings/sketches/frog/frog_sketch_6_E1c_1510700570912.png,frog,frog_sketch_6_E1c_1510700570912.png,6,1510700570912.png,TRUE
3892,AA4KKLIU4C3NY,foot,https://langcog.stanford.edu/expts/BLL/kiddraw-recognitionRatings/sketches/foot/foot_sketch_6_E1c_1511292022297.png,foot,foot_sketch_6_E1c_1511292022297.png,6,1511292022297.png,TRUE
3893,AA4KKLIU4C3NY,cat,https://langcog.stanford.edu/expts/BLL/kiddraw-recognitionRatings/sketches/rabbit/rabbit_sketch_6_E1c_1511292286803.png,rabbit,rabbit_sketch_6_E1c_1511292286803.png,6,1511292286803.png,FALSE
3894,AA4KKLIU4C3NY,cannott tell at all,https://langcog.stanford.edu/expts/BLL/kiddraw-recognitionRatings/sketches/cup/cup_sketch_4_E1c_1510691847400.png,cup,cup_sketch_4_E1c_1510691847400.png,4,1510691847400.png,FALSE
3895,AA4KKLIU4C3NY,cannott tell at all,https://langcog.stanford.edu/expts/BLL/kiddraw-recognitionRatings/sketches/banana/banana_sketch_9_E1c_1510686242527.png,banana,banana_sketch_9_E1c_1510686242527.png,9,1510686242527.png,FALSE
3896,AA4KKLIU4C3NY,shoe,https://langcog.stanford.edu/expts/BLL/kiddraw-recognitionRatings/sketches/shoe/shoe_sketch_7_E1c_1511301634355.png,shoe,shoe_sketch_7_E1c_1511301634355.png,7,1511301634355.png,TRUE
3897,AA4KKLIU4C3NY,cup,https://langcog.stanford.edu/expts/BLL/kiddraw-recognitionRatings/sketches/cup/cup_sketch_8_E1c_1510870628731.png,cup,cup_sketch_8_E1c_1510870628731.png,8,1510870628731.png,TRUE
3898,AA4KKLIU4C3NY,cannott tell at all,https://langcog.stanford.edu/expts/BLL/kiddraw-recognitionRatings/sketches/shoe/shoe_sketch_10_E1c_1511301807087.png,shoe,shoe_sketch_10_E1c_1511301807087.png,10,1511301807087.png,FALSE
3899,AA4KKLIU4C3NY,cannott tell at all,https://langcog.stanford.edu/expts/BLL/kiddraw-recognitionRatings/sketches/carrot/carrot_sketch_4_E1c_1510268275436.png,carrot,carrot_sketch_4_E1c_1510268275436.png,4,1510268275436.png,FALSE
3900,AA4KKLIU4C3NY,couch,https://langcog.stanford.edu/expts/BLL/kiddraw-recognitionRatings/sketches/chair/chair_sketch_8_E1c_1510690264523.png,chair,chair_sketch_8_E1c_1510690264523.png,8,1510690264523.png,FALSE
3901,AA4KKLIU4C3NY,cat,https://langcog.stanford.edu/expts/BLL/kiddraw-recognitionRatings/sketches/cat/cat_sketch_8_E1c_1510870628731.png,cat,cat_sketch_8_E1c_1510870628731.png,8,1510870628731.png,TRUE
3902,AA4KKLIU4C3NY,cat,https://langcog.stanford.edu/expts/BLL/kiddraw-recognitionRatings/sketches/cat/cat_sketch_10_E1c_1510684833991.png,cat,cat_sketch_10_E1c_1510684833991.png,10,1510684833991.png,TRUE
3903,AA4KKLIU4C3NY,flower,https://langcog.stanford.edu/expts/BLL/kiddraw-recognitionRatings/sketches/flower/flower_sketch_8_E1c_1511300850043.png,flower,flower_sketch_8_E1c_1511300850043.png,8,1511300850043.png,TRUE
3904,AA4KKLIU4C3NY,car,https://langcog.stanford.edu/expts/BLL/kiddraw-recognitionRatings/sketches/car/car_sketch_8_E1c_1510787010922.png,car,car_sketch_8_E1c_1510787010922.png,8,1510787010922.png,TRUE
3905,AA4KKLIU4C3NY,train,https://langcog.stanford.edu/expts/BLL/kiddraw-recognitionRatings/sketches/train/train_sketch_10_E1c_1510684833991.png,train,train_sketch_10_E1c_1510684833991.png,10,1510684833991.png,TRUE
3906,AA4KKLIU4C3NY,car,https://langcog.stanford.edu/expts/BLL/kiddraw-recognitionRatings/sketches/train/train_sketch_5_E1c_1510870384576.png,train,train_sketch_5_E1c_1510870384576.png,5,1510870384576.png,FALSE
3907,AA4KKLIU4C3NY,banana,https://langcog.stanford.edu/expts/BLL/kiddraw-recognitionRatings/sketches/banana/banana_sketch_10_E1c_1510684833991.png,banana,banana_sketch_10_E1c_1510684833991.png,10,1510684833991.png,TRUE
3908,AA4KKLIU4C3NY,phone,https://langcog.stanford.edu/expts/BLL/kiddraw-recognitionRatings/sketches/phone/phone_sketch_7_E1c_1511301009480.png,phone,phone_sketch_7_E1c_1511301009480.png,7,1511301009480.png,TRUE
3909,AA4KKLIU4C3NY,flower,https://langcog.stanford.edu/expts/BLL/kiddraw-recognitionRatings/sketches/flower/flower_sketch_8_E1c_1510254933095.png,flower,flower_sketch_8_E1c_1510254933095.png,8,1510254933095.png,TRUE
3910,AA4KKLIU4C3NY,car,https://langcog.stanford.edu/expts/BLL/kiddraw-recognitionRatings/sketches/car/car_sketch_5_E1c_1510870384576.png,car,car_sketch_5_E1c_1510870384576.png,5,1510870384576.png,TRUE
3911,AA4KKLIU4C3NY,cat,https://langcog.stanford.edu/expts/BLL/kiddraw-recognitionRatings/sketches/cat/cat_sketch_10_E1c_1511293452162.png,cat,cat_sketch_10_E1c_1511293452162.png,10,1511293452162.png,TRUE
3912,AA4KKLIU4C3NY,cannott tell at all,https://langcog.stanford.edu/expts/BLL/kiddraw-recognitionRatings/sketches/chair/chair_sketch_6_E1c_1510690510319.png,chair,chair_sketch_6_E1c_1510690510319.png,6,1510690510319.png,FALSE
3913,AA4KKLIU4C3NY,person,https://langcog.stanford.edu/expts/BLL/kiddraw-recognitionRatings/sketches/car/car_sketch_8_E1c_1510254933095.png,car,car_sketch_8_E1c_1510254933095.png,8,1510254933095.png,FALSE
3914,AA4KKLIU4C3NY,cannott tell at all,https://langcog.stanford.edu/expts/BLL/kiddraw-recognitionRatings/sketches/frog/frog_sketch_5_E1c_1510258311547.png,frog,frog_sketch_5_E1c_1510258311547.png,5,1510258311547.png,FALSE
3915,AA4KKLIU4C3NY,flower,https://langcog.stanford.edu/expts/BLL/kiddraw-recognitionRatings/sketches/flower/flower_sketch_9_E1c_1510689458884.png,flower,flower_sketch_9_E1c_1510689458884.png,9,1510689458884.png,TRUE
3916,AA4KKLIU4C3NY,flower,https://langcog.stanford.edu/expts/BLL/kiddraw-recognitionRatings/sketches/flower/flower_sketch_10_E1c_1510684833991.png,flower,flower_sketch_10_E1c_1510684833991.png,10,1510684833991.png,TRUE
3917,AA4KKLIU4C3NY,carrot,https://langcog.stanford.edu/expts/BLL/kiddraw-recognitionRatings/sketches/ice cream/ice cream_sketch_6_E1c_1510690510319.png,ice cream,ice cream_sketch_6_E1c_1510690510319.png,6,1510690510319.png,FALSE
3918,AA4KKLIU4C3NY,cup,https://langcog.stanford.edu/expts/BLL/kiddraw-recognitionRatings/sketches/cup/cup_sketch_8_E1c_1510690264523.png,cup,cup_sketch_8_E1c_1510690264523.png,8,1510690264523.png,TRUE
3919,AA4KKLIU4C3NY,train,https://langcog.stanford.edu/expts/BLL/kiddraw-recognitionRatings/sketches/train/train_sketch_9_E1c_1510689458884.png,train,train_sketch_9_E1c_1510689458884.png,9,1510689458884.png,TRUE
3920,AA4KKLIU4C3NY,flower,https://langcog.stanford.edu/expts/BLL/kiddraw-recognitionRatings/sketches/flower/flower_sketch_10_E1c_1511293452162.png,flower,flower_sketch_10_E1c_1511293452162.png,10,1511293452162.png,TRUE
3921,AA4KKLIU4C3NY,cannott tell at all,https://langcog.stanford.edu/expts/BLL/kiddraw-recognitionRatings/sketches/couch/couch_sketch_6_E1c_1510695588717.png,couch,couch_sketch_6_E1c_1510695588717.png,6,1510695588717.png,FALSE
3922,AA4KKLIU4C3NY,cannott tell at all,https://langcog.stanford.edu/expts/BLL/kiddraw-recognitionRatings/sketches/carrot/carrot_sketch_9_E1c_1510686242527.png,carrot,carrot_sketch_9_E1c_1510686242527.png,9,1510686242527.png,FALSE
3923,AA4KKLIU4C3NY,cannott tell at all,https://langcog.stanford.edu/expts/BLL/kiddraw-recognitionRatings/sketches/boat/boat_sketch_5_E1c_1510253748384.png,boat,boat_sketch_5_E1c_1510253748384.png,5,1510253748384.png,FALSE
3924,AA4KKLIU4C3NY,cat,https://langcog.stanford.edu/expts/BLL/kiddraw-recognitionRatings/sketches/cat/cat_sketch_5_E1c_1510786719020.png,cat,cat_sketch_5_E1c_1510786719020.png,5,1510786719020.png,TRUE
3925,AA4KKLIU4C3NY,flower,https://langcog.stanford.edu/expts/BLL/kiddraw-recognitionRatings/sketches/flower/flower_sketch_7_E1c_1510870100423.png,flower,flower_sketch_7_E1c_1510870100423.png,7,1510870100423.png,TRUE
3926,AA4KKLIU4C3NY,chair,https://langcog.stanford.edu/expts/BLL/kiddraw-recognitionRatings/sketches/chair/chair_sketch_7_E1c_1510783353272.png,chair,chair_sketch_7_E1c_1510783353272.png,7,1510783353272.png,TRUE
3927,AA4KKLIU4C3NY,cat,https://langcog.stanford.edu/expts/BLL/kiddraw-recognitionRatings/sketches/cat/cat_sketch_8_E1c_1511300355318.png,cat,cat_sketch_8_E1c_1511300355318.png,8,1511300355318.png,TRUE
3928,AA4KKLIU4C3NY,train,https://langcog.stanford.edu/expts/BLL/kiddraw-recognitionRatings/sketches/train/train_sketch_7_E1c_1510870100423.png,train,train_sketch_7_E1c_1510870100423.png,7,1510870100423.png,TRUE
3929,AA4KKLIU4C3NY,cat,https://langcog.stanford.edu/expts/BLL/kiddraw-recognitionRatings/sketches/cat/cat_sketch_7_E1c_1510870100423.png,cat,cat_sketch_7_E1c_1510870100423.png,7,1510870100423.png,TRUE
3930,AA4KKLIU4C3NY,cup,https://langcog.stanford.edu/expts/BLL/kiddraw-recognitionRatings/sketches/cup/cup_sketch_8_E1c_1510787010922.png,cup,cup_sketch_8_E1c_1510787010922.png,8,1510787010922.png,TRUE
3931,AA4KKLIU4C3NY,chair,https://langcog.stanford.edu/expts/BLL/kiddraw-recognitionRatings/sketches/chair/chair_sketch_10_E1c_1510684833991.png,chair,chair_sketch_10_E1c_1510684833991.png,10,1510684833991.png,TRUE
3932,AA4KKLIU4C3NY,cat,https://langcog.stanford.edu/expts/BLL/kiddraw-recognitionRatings/sketches/rabbit/rabbit_sketch_8_E1c_1510690264523.png,rabbit,rabbit_sketch_8_E1c_1510690264523.png,8,1510690264523.png,FALSE
3933,AA4KKLIU4C3NY,train,https://langcog.stanford.edu/expts/BLL/kiddraw-recognitionRatings/sketches/train/train_sketch_6_E1c_1510782034963.png,train,train_sketch_6_E1c_1510782034963.png,6,1510782034963.png,TRUE
3934,AA4KKLIU4C3NY,cat,https://langcog.stanford.edu/expts/BLL/kiddraw-recognitionRatings/sketches/cat/cat_sketch_8_E1c_1511292658766.png,cat,cat_sketch_8_E1c_1511292658766.png,8,1511292658766.png,TRUE
3935,AA4KKLIU4C3NY,cat,https://langcog.stanford.edu/expts/BLL/kiddraw-recognitionRatings/sketches/rabbit/rabbit_sketch_4_E1c_1510691847400.png,rabbit,rabbit_sketch_4_E1c_1510691847400.png,4,1510691847400.png,FALSE
3936,AA4KKLIU4C3NY,cannott tell at all,https://langcog.stanford.edu/expts/BLL/kiddraw-recognitionRatings/sketches/car/car_sketch_4_E1c_1510263067113.png,car,car_sketch_4_E1c_1510263067113.png,4,1510263067113.png,FALSE
3937,AA4KKLIU4C3NY,cannott tell at all,https://langcog.stanford.edu/expts/BLL/kiddraw-recognitionRatings/sketches/boat/boat_sketch_8_E1c_1511300355318.png,boat,boat_sketch_8_E1c_1511300355318.png,8,1511300355318.png,FALSE
3938,AA4KKLIU4C3NY,phone,https://langcog.stanford.edu/expts/BLL/kiddraw-recognitionRatings/sketches/phone/phone_sketch_6_E1c_1510690510319.png,phone,phone_sketch_6_E1c_1510690510319.png,6,1510690510319.png,TRUE
3939,AA4KKLIU4C3NY,car,https://langcog.stanford.edu/expts/BLL/kiddraw-recognitionRatings/sketches/train/train_sketch_6_E1c_1510700570912.png,train,train_sketch_6_E1c_1510700570912.png,6,1510700570912.png,FALSE
3940,AA4KKLIU4C3NY,foot,https://langcog.stanford.edu/expts/BLL/kiddraw-recognitionRatings/sketches/foot/foot_sketch_8_E1c_1511293754661.png,foot,foot_sketch_8_E1c_1511293754661.png,8,1511293754661.png,TRUE
3941,AA4KKLIU4C3NY,chair,https://langcog.stanford.edu/expts/BLL/kiddraw-recognitionRatings/sketches/chair/chair_sketch_6_E1c_1511293092153.png,chair,chair_sketch_6_E1c_1511293092153.png,6,1511293092153.png,TRUE
3942,AA4KKLIU4C3NY,car,https://langcog.stanford.edu/expts/BLL/kiddraw-recognitionRatings/sketches/car/car_sketch_5_E1c_1510786719020.png,car,car_sketch_5_E1c_1510786719020.png,5,1510786719020.png,TRUE
3943,AA4KKLIU4C3NY,car,https://langcog.stanford.edu/expts/BLL/kiddraw-recognitionRatings/sketches/train/train_sketch_5_E1c_1510786719020.png,train,train_sketch_5_E1c_1510786719020.png,5,1510786719020.png,FALSE
3944,AA4KKLIU4C3NY,cannott tell at all,https://langcog.stanford.edu/expts/BLL/kiddraw-recognitionRatings/sketches/banana/banana_sketch_6_E1c_1511293092153.png,banana,banana_sketch_6_E1c_1511293092153.png,6,1511293092153.png,FALSE
3945,AA4KKLIU4C3NY,phone,https://langcog.stanford.edu/expts/BLL/kiddraw-recognitionRatings/sketches/phone/phone_sketch_6_E1c_1510783818788.png,phone,phone_sketch_6_E1c_1510783818788.png,6,1510783818788.png,TRUE
3946,AA4KKLIU4C3NY,carrot,https://langcog.stanford.edu/expts/BLL/kiddraw-recognitionRatings/sketches/carrot/carrot_sketch_9_E1c_1510689458884.png,carrot,carrot_sketch_9_E1c_1510689458884.png,9,1510689458884.png,TRUE
3947,AA4KKLIU4C3NY,banana,https://langcog.stanford.edu/expts/BLL/kiddraw-recognitionRatings/sketches/banana/banana_sketch_8_E1c_1510254933095.png,banana,banana_sketch_8_E1c_1510254933095.png,8,1510254933095.png,TRUE
3948,AA4KKLIU4C3NY,cannott tell at all,https://langcog.stanford.edu/expts/BLL/kiddraw-recognitionRatings/sketches/boat/boat_sketch_5_E1c_1510786719020.png,boat,boat_sketch_5_E1c_1510786719020.png,5,1510786719020.png,FALSE
3949,AA4KKLIU4C3NY,cannott tell at all,https://langcog.stanford.edu/expts/BLL/kiddraw-recognitionRatings/sketches/banana/banana_sketch_5_E1c_1511301440421.png,banana,banana_sketch_5_E1c_1511301440421.png,5,1511301440421.png,FALSE
3950,AA4KKLIU4C3NY,cannott tell at all,https://langcog.stanford.edu/expts/BLL/kiddraw-recognitionRatings/sketches/shoe/shoe_sketch_5_E1c_1510786719020.png,shoe,shoe_sketch_5_E1c_1510786719020.png,5,1510786719020.png,FALSE
3951,AA4KKLIU4C3NY,carrot,https://langcog.stanford.edu/expts/BLL/kiddraw-recognitionRatings/sketches/carrot/carrot_sketch_7_E1c_1510263944688.png,carrot,carrot_sketch_7_E1c_1510263944688.png,7,1510263944688.png,TRUE
3952,AA4KKLIU4C3NY,chair,https://langcog.stanford.edu/expts/BLL/kiddraw-recognitionRatings/sketches/chair/chair_sketch_10_E1c_1511293452162.png,chair,chair_sketch_10_E1c_1511293452162.png,10,1511293452162.png,TRUE
3953,AA4KKLIU4C3NY,ice cream,https://langcog.stanford.edu/expts/BLL/kiddraw-recognitionRatings/sketches/ice cream/ice cream_sketch_8_E1c_1510262448790.png,ice cream,ice cream_sketch_8_E1c_1510262448790.png,8,1510262448790.png,TRUE
3954,AA4KKLIU4C3NY,cannott tell at all,https://langcog.stanford.edu/expts/BLL/kiddraw-recognitionRatings/sketches/train/train_sketch_8_E1c_1510787010922.png,train,train_sketch_8_E1c_1510787010922.png,8,1510787010922.png,FALSE
3955,AA4KKLIU4C3NY,cannott tell at all,https://langcog.stanford.edu/expts/BLL/kiddraw-recognitionRatings/sketches/couch/couch_sketch_7_E1c_1511301634355.png,couch,couch_sketch_7_E1c_1511301634355.png,7,1511301634355.png,FALSE
3956,AA4KKLIU4C3NY,cannott tell at all,https://langcog.stanford.edu/expts/BLL/kiddraw-recognitionRatings/sketches/couch/couch_sketch_6_E1c_1511293092153.png,couch,couch_sketch_6_E1c_1511293092153.png,6,1511293092153.png,FALSE
3957,AA4KKLIU4C3NY,foot,https://langcog.stanford.edu/expts/BLL/kiddraw-recognitionRatings/sketches/foot/foot_sketch_8_E1c_1510787010922.png,foot,foot_sketch_8_E1c_1510787010922.png,8,1510787010922.png,TRUE
3958,AA4KKLIU4C3NY,ice cream,https://langcog.stanford.edu/expts/BLL/kiddraw-recognitionRatings/sketches/ice cream/ice cream_sketch_5_E1c_1510870384576.png,ice cream,ice cream_sketch_5_E1c_1510870384576.png,5,1510870384576.png,TRUE
3959,AA4KKLIU4C3NY,boat,https://langcog.stanford.edu/expts/BLL/kiddraw-recognitionRatings/sketches/boat/boat_sketch_9_E1c_1510686242527.png,boat,boat_sketch_9_E1c_1510686242527.png,9,1510686242527.png,TRUE
3960,AA4KKLIU4C3NY,cat,https://langcog.stanford.edu/expts/BLL/kiddraw-recognitionRatings/sketches/cat/cat_sketch_8_E1c_1511293924452.png,cat,cat_sketch_8_E1c_1511293924452.png,8,1511293924452.png,TRUE
3961,AA4KKLIU4C3NY,cannott tell at all,https://langcog.stanford.edu/expts/BLL/kiddraw-recognitionRatings/sketches/carrot/carrot_sketch_5_E1c_1511301440421.png,carrot,carrot_sketch_5_E1c_1511301440421.png,5,1511301440421.png,FALSE
3962,AA4KKLIU4C3NY,boat,https://langcog.stanford.edu/expts/BLL/kiddraw-recognitionRatings/sketches/boat/boat_sketch_7_E1c_1511301009480.png,boat,boat_sketch_7_E1c_1511301009480.png,7,1511301009480.png,TRUE
3963,AA4KKLIU4C3NY,cat,https://langcog.stanford.edu/expts/BLL/kiddraw-recognitionRatings/sketches/cat/cat_sketch_8_E1c_1510690264523.png,cat,cat_sketch_8_E1c_1510690264523.png,8,1510690264523.png,TRUE
3964,AA4KKLIU4C3NY,cat,https://langcog.stanford.edu/expts/BLL/kiddraw-recognitionRatings/sketches/frog/frog_sketch_8_E1c_1510262448790.png,frog,frog_sketch_8_E1c_1510262448790.png,8,1510262448790.png,FALSE
3965,AA4KKLIU4C3NY,flower,https://langcog.stanford.edu/expts/BLL/kiddraw-recognitionRatings/sketches/flower/flower_sketch_7_E1c_1510783353272.png,flower,flower_sketch_7_E1c_1510783353272.png,7,1510783353272.png,TRUE
3966,AA4KKLIU4C3NY,shoe,https://langcog.stanford.edu/expts/BLL/kiddraw-recognitionRatings/sketches/shoe/shoe_sketch_8_E1c_1510262448790.png,shoe,shoe_sketch_8_E1c_1510262448790.png,8,1510262448790.png,TRUE
3967,AA4KKLIU4C3NY,cannott tell at all,https://langcog.stanford.edu/expts/BLL/kiddraw-recognitionRatings/sketches/chair/chair_sketch_4_E1c_1510252568116.png,chair,chair_sketch_4_E1c_1510252568116.png,4,1510252568116.png,FALSE
3968,AA4KKLIU4C3NY,cannott tell at all,https://langcog.stanford.edu/expts/BLL/kiddraw-recognitionRatings/sketches/banana/banana_sketch_6_E1c_1510782034963.png,banana,banana_sketch_6_E1c_1510782034963.png,6,1510782034963.png,FALSE
3969,AA4KKLIU4C3NY,cannott tell at all,https://langcog.stanford.edu/expts/BLL/kiddraw-recognitionRatings/sketches/banana/banana_sketch_8_E1c_1511292658766.png,banana,banana_sketch_8_E1c_1511292658766.png,8,1511292658766.png,FALSE
3970,AA4KKLIU4C3NY,phone,https://langcog.stanford.edu/expts/BLL/kiddraw-recognitionRatings/sketches/phone/phone_sketch_10_E1c_1510783638074.png,phone,phone_sketch_10_E1c_1510783638074.png,10,1510783638074.png,TRUE
3971,AA4KKLIU4C3NY,cannott tell at all,https://langcog.stanford.edu/expts/BLL/kiddraw-recognitionRatings/sketches/banana/banana_sketch_5_E1c_1510786719020.png,banana,banana_sketch_5_E1c_1510786719020.png,5,1510786719020.png,FALSE
3972,AA4KKLIU4C3NY,cat,https://langcog.stanford.edu/expts/BLL/kiddraw-recognitionRatings/sketches/cat/cat_sketch_7_E1c_1510263944688.png,cat,cat_sketch_7_E1c_1510263944688.png,7,1510263944688.png,TRUE
3973,AA4KKLIU4C3NY,foot,https://langcog.stanford.edu/expts/BLL/kiddraw-recognitionRatings/sketches/shoe/shoe_sketch_8_E1c_1510870628731.png,shoe,shoe_sketch_8_E1c_1510870628731.png,8,1510870628731.png,FALSE
3974,AA4KKLIU4C3NY,cannott tell at all,https://langcog.stanford.edu/expts/BLL/kiddraw-recognitionRatings/sketches/train/train_sketch_5_E1c_1510258311547.png,train,train_sketch_5_E1c_1510258311547.png,5,1510258311547.png,FALSE
3975,AA4KKLIU4C3NY,boat,https://langcog.stanford.edu/expts/BLL/kiddraw-recognitionRatings/sketches/boat/boat_sketch_10_E1c_1511301807087.png,boat,boat_sketch_10_E1c_1511301807087.png,10,1511301807087.png,TRUE
3976,AA4KKLIU4C3NY,rabbit,https://langcog.stanford.edu/expts/BLL/kiddraw-recognitionRatings/sketches/frog/frog_sketch_7_E1c_1510263944688.png,frog,frog_sketch_7_E1c_1510263944688.png,7,1510263944688.png,FALSE
3977,AA4KKLIU4C3NY,foot,https://langcog.stanford.edu/expts/BLL/kiddraw-recognitionRatings/sketches/foot/foot_sketch_8_E1c_1510254933095.png,foot,foot_sketch_8_E1c_1510254933095.png,8,1510254933095.png,TRUE
3978,AA4KKLIU4C3NY,cannott tell at all,https://langcog.stanford.edu/expts/BLL/kiddraw-recognitionRatings/sketches/carrot/carrot_sketch_4_E1c_1510263067113.png,carrot,carrot_sketch_4_E1c_1510263067113.png,4,1510263067113.png,FALSE
3979,AA4KKLIU4C3NY,cannott tell at all,https://langcog.stanford.edu/expts/BLL/kiddraw-recognitionRatings/sketches/train/train_sketch_4_E1c_1510268275436.png,train,train_sketch_4_E1c_1510268275436.png,4,1510268275436.png,FALSE
3980,AA4KKLIU4C3NY,cannott tell at all,https://langcog.stanford.edu/expts/BLL/kiddraw-recognitionRatings/sketches/train/train_sketch_5_E1c_1510253748384.png,train,train_sketch_5_E1c_1510253748384.png,5,1510253748384.png,FALSE
3981,AA4KKLIU4C3NY,cat,https://langcog.stanford.edu/expts/BLL/kiddraw-recognitionRatings/sketches/cat/cat_sketch_7_E1c_1511301634355.png,cat,cat_sketch_7_E1c_1511301634355.png,7,1511301634355.png,TRUE
3982,AA4KKLIU4C3NY,flower,https://langcog.stanford.edu/expts/BLL/kiddraw-recognitionRatings/sketches/flower/flower_sketch_8_E1c_1511293754661.png,flower,flower_sketch_8_E1c_1511293754661.png,8,1511293754661.png,TRUE
3983,AA4KKLIU4C3NY,cannott tell at all,https://langcog.stanford.edu/expts/BLL/kiddraw-recognitionRatings/sketches/couch/couch_sketch_5_E1c_1510256904834.png,couch,couch_sketch_5_E1c_1510256904834.png,5,1510256904834.png,FALSE
3984,AA4KKLIU4C3NY,frog,https://langcog.stanford.edu/expts/BLL/kiddraw-recognitionRatings/sketches/frog/frog_sketch_6_E1c_1510782034963.png,frog,frog_sketch_6_E1c_1510782034963.png,6,1510782034963.png,TRUE
3985,AA4KKLIU4C3NY,cannott tell at all,https://langcog.stanford.edu/expts/BLL/kiddraw-recognitionRatings/sketches/boat/boat_sketch_8_E1c_1510787010922.png,boat,boat_sketch_8_E1c_1510787010922.png,8,1510787010922.png,FALSE
3986,AA4KKLIU4C3NY,frog,https://langcog.stanford.edu/expts/BLL/kiddraw-recognitionRatings/sketches/frog/frog_sketch_10_E1c_1510684833991.png,frog,frog_sketch_10_E1c_1510684833991.png,10,1510684833991.png,TRUE
3987,AA4KKLIU4C3NY,cannott tell at all,https://langcog.stanford.edu/expts/BLL/kiddraw-recognitionRatings/sketches/cup/cup_sketch_5_E1c_1510870384576.png,cup,cup_sketch_5_E1c_1510870384576.png,5,1510870384576.png,FALSE
3988,AA4KKLIU4C3NY,flower,https://langcog.stanford.edu/expts/BLL/kiddraw-recognitionRatings/sketches/flower/flower_sketch_5_E1c_1510253748384.png,flower,flower_sketch_5_E1c_1510253748384.png,5,1510253748384.png,TRUE
3989,AA4KKLIU4C3NY,flower,https://langcog.stanford.edu/expts/BLL/kiddraw-recognitionRatings/sketches/flower/flower_sketch_5_E1c_1510786719020.png,flower,flower_sketch_5_E1c_1510786719020.png,5,1510786719020.png,TRUE
3990,AA4KKLIU4C3NY,car,https://langcog.stanford.edu/expts/BLL/kiddraw-recognitionRatings/sketches/car/car_sketch_6_E1c_1511293092153.png,car,car_sketch_6_E1c_1511293092153.png,6,1511293092153.png,TRUE
3991,AA4KKLIU4C3NY,car,https://langcog.stanford.edu/expts/BLL/kiddraw-recognitionRatings/sketches/train/train_sketch_6_E1c_1511292022297.png,train,train_sketch_6_E1c_1511292022297.png,6,1511292022297.png,FALSE
3992,AA4KKLIU4C3NY,car,https://langcog.stanford.edu/expts/BLL/kiddraw-recognitionRatings/sketches/train/train_sketch_7_E1c_1510783353272.png,train,train_sketch_7_E1c_1510783353272.png,7,1510783353272.png,FALSE
3993,AA4KKLIU4C3NY,ice cream,https://langcog.stanford.edu/expts/BLL/kiddraw-recognitionRatings/sketches/ice cream/ice cream_sketch_6_E1c_1510700570912.png,ice cream,ice cream_sketch_6_E1c_1510700570912.png,6,1510700570912.png,TRUE
3994,AA4KKLIU4C3NY,person,https://langcog.stanford.edu/expts/BLL/kiddraw-recognitionRatings/sketches/frog/frog_sketch_8_E1c_1510787010922.png,frog,frog_sketch_8_E1c_1510787010922.png,8,1510787010922.png,FALSE
3995,AA4KKLIU4C3NY,cannott tell at all,https://langcog.stanford.edu/expts/BLL/kiddraw-recognitionRatings/sketches/couch/couch_sketch_5_E1c_1510786719020.png,couch,couch_sketch_5_E1c_1510786719020.png,5,1510786719020.png,FALSE
3996,AA4KKLIU4C3NY,cannott tell at all,https://langcog.stanford.edu/expts/BLL/kiddraw-recognitionRatings/sketches/shoe/shoe_sketch_8_E1c_1510254933095.png,shoe,shoe_sketch_8_E1c_1510254933095.png,8,1510254933095.png,FALSE
3997,AA4KKLIU4C3NY,cannott tell at all,https://langcog.stanford.edu/expts/BLL/kiddraw-recognitionRatings/sketches/rabbit/rabbit_sketch_4_E1c_1510263067113.png,rabbit,rabbit_sketch_4_E1c_1510263067113.png,4,1510263067113.png,FALSE
3998,AA4KKLIU4C3NY,flower,https://langcog.stanford.edu/expts/BLL/kiddraw-recognitionRatings/sketches/flower/flower_sketch_8_E1c_1511293924452.png,flower,flower_sketch_8_E1c_1511293924452.png,8,1511293924452.png,TRUE
3999,AA4KKLIU4C3NY,flower,https://langcog.stanford.edu/expts/BLL/kiddraw-recognitionRatings/sketches/flower/flower_sketch_10_E1c_1510783638074.png,flower,flower_sketch_10_E1c_1510783638074.png,10,1510783638074.png,TRUE
4000,AA4KKLIU4C3NY,chair,https://langcog.stanford.edu/expts/BLL/kiddraw-recognitionRatings/sketches/chair/chair_sketch_5_E1c_1510870384576.png,chair,chair_sketch_5_E1c_1510870384576.png,5,1510870384576.png,TRUE
4001,AA4KKLIU4C3NY,arm,https://langcog.stanford.edu/expts/BLL/kiddraw-recognitionRatings/sketches/phone/phone_sketch_8_E1c_1511300850043.png,phone,phone_sketch_8_E1c_1511300850043.png,8,1511300850043.png,FALSE
4002,AA4KKLIU4C3NY,phone,https://langcog.stanford.edu/expts/BLL/kiddraw-recognitionRatings/sketches/phone/phone_sketch_7_E1c_1510783353272.png,phone,phone_sketch_7_E1c_1510783353272.png,7,1510783353272.png,TRUE
4003,AA4KKLIU4C3NY,cannott tell at all,https://langcog.stanford.edu/expts/BLL/kiddraw-recognitionRatings/sketches/couch/couch_sketch_8_E1c_1511300355318.png,couch,couch_sketch_8_E1c_1511300355318.png,8,1511300355318.png,FALSE
4004,AA4KKLIU4C3NY,phone,https://langcog.stanford.edu/expts/BLL/kiddraw-recognitionRatings/sketches/phone/phone_sketch_8_E1c_1510254933095.png,phone,phone_sketch_8_E1c_1510254933095.png,8,1510254933095.png,TRUE